/*--------------------------------*- C++ -*----------------------------------*\
| =========                 |                                                 |
| \\      /  F ield         | OpenFOAM: The Open Source CFD Toolbox           |
|  \\    /   O peration     | Version:  v1906                                 |
|   \\  /    A nd           | Web:      www.OpenFOAM.com                      |
|    \\/     M anipulation  |                                                 |
\*---------------------------------------------------------------------------*/
FoamFile
{
    version     2.0;
    format      ascii;
    class       volScalarField;
    location    "0.3";
    object      p;
}
// * * * * * * * * * * * * * * * * * * * * * * * * * * * * * * * * * * * * * //

dimensions      [0 2 -2 0 0 0 0];


internalField   nonuniform List<scalar> 
4800
(
1.38016e-10
-0.000167918
-5.95663e-05
-0.00014382
0.000110809
0.000170798
0.000330559
0.000523182
0.000473947
0.000851868
0.000993931
0.00092939
0.00114231
0.00125093
0.00138257
0.00181141
0.00231575
0.00273276
0.00303684
0.00326987
2.52984e-06
-0.000170964
-5.81571e-05
-0.000147316
0.000114166
0.000167286
0.000331422
0.000522257
0.000478781
0.000840639
0.00100082
0.000925286
0.00114744
0.00125239
0.00138481
0.00181115
0.00231203
0.00265656
0.00284355
0.00292611
2.8471e-06
-0.000173195
-5.84905e-05
-0.000148695
0.00011412
0.000167303
0.000331735
0.000522888
0.000479067
0.000834126
0.00100261
0.000927198
0.00114902
0.00125614
0.00138931
0.00180324
0.00227054
0.0025276
0.00264846
0.00269029
4.19226e-06
-0.000176334
-5.86084e-05
-0.000150387
0.000113569
0.00016856
0.000330045
0.000527406
0.000474962
0.000847272
0.000993503
0.000935929
0.00114635
0.0012625
0.00139093
0.00177829
0.00220979
0.00239019
0.00245309
0.00249141
4.45587e-06
-0.000179125
-5.94012e-05
-0.000150845
0.000111553
0.000171871
0.000325465
0.000534086
0.000467861
0.00085102
0.000986991
0.000940175
0.00114937
0.00126189
0.0013898
0.00173383
0.00212968
0.00225822
0.00225568
0.0022819
4.31659e-06
-0.000180586
-6.19141e-05
-0.000149723
0.000106499
0.000177837
0.000318388
0.000542923
0.000460842
0.00084801
0.000986746
0.000938005
0.00115715
0.00125198
0.00137626
0.00167923
0.00202513
0.00212736
0.00206755
0.00206856
3.2408e-06
-0.000181096
-6.58668e-05
-0.000147133
9.93585e-05
0.000185261
0.000309628
0.00055142
0.000457022
0.000838425
0.000994773
0.000930499
0.00116102
0.00123877
0.00134459
0.00162159
0.00190875
0.00198315
0.00189117
0.00186506
8.22234e-07
-0.000179398
-7.19034e-05
-0.000142821
8.94176e-05
0.000193899
0.000303274
0.000554075
0.000460933
0.000823033
0.00100001
0.000921184
0.0011585
0.00122068
0.00129592
0.00155983
0.00178721
0.00182402
0.00172185
0.00167518
-3.34597e-06
-0.000175273
-7.965e-05
-0.00013835
7.92533e-05
0.000199972
0.000299813
0.000552035
0.000467921
0.000807973
0.00100093
0.00091046
0.00114957
0.00119707
0.00122835
0.00149005
0.00167484
0.00165815
0.00154349
0.00149269
-9.69673e-06
-0.000168123
-8.89343e-05
-0.000134296
7.03084e-05
0.000201685
0.000300827
0.000546997
0.000470569
0.000798064
0.00100178
0.000888292
0.00112957
0.00117637
0.00114448
0.00140309
0.00157534
0.00149681
0.00135272
0.00131017
-1.85669e-05
-0.000156972
-9.80651e-05
-0.000133868
6.45118e-05
0.000198576
0.00030156
0.000545188
0.000469248
0.000785477
0.00100693
0.000855281
0.00108788
0.0011625
0.00105513
0.00128631
0.00148233
0.00135695
0.00115913
0.00111584
-3.02187e-05
-0.000143823
-0.000105161
-0.000138577
6.20016e-05
0.00019121
0.00029794
0.00054844
0.000464698
0.000758206
0.00101704
0.000824869
0.0010156
0.0011452
0.000984558
0.0011461
0.00137562
0.00124086
0.000977214
0.000907845
-4.44639e-05
-0.000129876
-0.00010753
-0.000149237
5.91891e-05
0.000188351
0.00028751
0.000553342
0.000469139
0.000714018
0.0010188
0.000810247
0.000915182
0.00109984
0.000934372
0.00100092
0.00124197
0.00113853
0.000823759
0.0007019
-6.06783e-05
-0.000117479
-0.000103574
-0.000163861
5.1106e-05
0.000191963
0.000270872
0.00055234
0.00048817
0.000653579
0.000994021
0.000809862
0.000814604
0.00102123
0.000891043
0.00086783
0.00108637
0.00103369
0.000698422
0.00051483
-7.78373e-05
-0.000108993
-9.26897e-05
-0.000178171
3.29313e-05
0.000200486
0.000254121
0.000536073
0.000512966
0.00060459
0.000938536
0.000804139
0.000725391
0.000916952
0.000841535
0.000752474
0.000918732
0.000914794
0.000591672
0.00035278
-9.47997e-05
-0.000106068
-7.70557e-05
-0.000185888
2.44535e-06
0.000206983
0.000246674
0.000501373
0.000531597
0.000573693
0.000860421
0.000777647
0.000644303
0.000797852
0.000782374
0.000658688
0.000749852
0.000777415
0.000492487
0.000215258
-0.000110342
-0.000109587
-6.16106e-05
-0.000182024
-3.97242e-05
0.000203383
0.000251211
0.000454709
0.0005301
0.000558787
0.000782424
0.00072908
0.000562308
0.000667115
0.000707912
0.000586287
0.000593258
0.000621962
0.000391608
9.88612e-05
-0.000123949
-0.000119288
-5.14149e-05
-0.000165496
-8.29971e-05
0.000180577
0.000262406
0.000415361
0.000505234
0.00053549
0.000708384
0.000670601
0.000478253
0.000525404
0.000609853
0.000525169
0.000469034
0.000461522
0.00027754
-1.09556e-06
-0.000135638
-0.000132666
-4.99188e-05
-0.000139305
-0.000114994
0.000134195
0.000265844
0.000389487
0.000466626
0.000496225
0.000633785
0.000606598
0.000398907
0.000378614
0.000480712
0.000458964
0.000378876
0.000316583
0.000150165
-9.38615e-05
-0.000145803
-0.000147416
-5.94056e-05
-0.00011144
-0.000129899
7.09921e-05
0.000242659
0.000373935
0.00043338
0.000442604
0.000545667
0.000533196
0.00032711
0.000241356
0.00032905
0.000365387
0.000305525
0.000201959
2.72136e-05
-0.00019172
-0.000155748
-0.000160188
-7.99721e-05
-9.00142e-05
-0.000124641
1.10029e-05
0.000188696
0.000344024
0.000408199
0.000393502
0.00044534
0.000437089
0.000256505
0.000124792
0.000173801
0.0002479
0.000219793
0.000109894
-7.84585e-05
-0.000296014
-0.000166862
-0.000170643
-0.000107217
-8.43367e-05
-0.000106057
-3.23397e-05
0.000108977
0.000282047
0.000382382
0.00036078
0.000348583
0.000318
0.00016475
2.3535e-05
3.64976e-05
0.000118607
0.000121972
1.97187e-05
-0.000172789
-0.000398071
-0.000180313
-0.000179261
-0.00013372
-9.70367e-05
-8.95446e-05
-5.33084e-05
2.94621e-05
0.000185214
0.000326987
0.000341306
0.000280715
0.000189531
4.24142e-05
-8.52947e-05
-8.61205e-05
-1.83535e-06
2.58934e-05
-6.89533e-05
-0.000268335
-0.000496625
-0.000196556
-0.000188
-0.000155875
-0.000126119
-8.97429e-05
-5.48271e-05
-3.24419e-05
6.37863e-05
0.000228555
0.000307576
0.000243571
8.89477e-05
-0.000100253
-0.000225761
-0.000214059
-0.000113508
-5.78747e-05
-0.00014549
-0.000356317
-0.000596199
-0.000215282
-0.000199917
-0.000173419
-0.000161354
-0.000112473
-5.66364e-05
-6.88806e-05
-5.14679e-05
8.64186e-05
0.000228896
0.000221552
3.19247e-05
-0.000225242
-0.000390824
-0.000376219
-0.000236579
-0.000135856
-0.000197915
-0.000416614
-0.000686334
-0.000235595
-0.000216873
-0.000188392
-0.000194325
-0.000158145
-7.69171e-05
-8.30923e-05
-0.000139618
-7.57087e-05
9.57921e-05
0.000171513
1.48726e-05
-0.000299086
-0.00054681
-0.000570234
-0.000404482
-0.000232807
-0.000234942
-0.000438287
-0.000743876
-0.00025659
-0.000239301
-0.000206498
-0.000222315
-0.000214887
-0.000123735
-9.84487e-05
-0.000194661
-0.000222554
-8.32987e-05
6.41214e-05
-4.19013e-06
-0.000318384
-0.000650669
-0.000765725
-0.000619147
-0.000385732
-0.000291156
-0.000437823
-0.000750552
-0.000278257
-0.000266842
-0.000232186
-0.000246161
-0.000269435
-0.000196521
-0.000136012
-0.000222802
-0.000332323
-0.000272479
-0.000100329
-6.84321e-05
-0.000311175
-0.000687048
-0.000913146
-0.000852411
-0.000601352
-0.000412304
-0.000457075
-0.00072035
-0.00030121
-0.000297435
-0.000266528
-0.000271385
-0.000316866
-0.000282551
-0.000203388
-0.000252556
-0.000402161
-0.000435785
-0.000303026
-0.000194765
-0.000328197
-0.000673847
-0.000985082
-0.00104701
-0.000855316
-0.000610582
-0.000538435
-0.000700912
-0.000326581
-0.000329665
-0.000308833
-0.000304755
-0.000357827
-0.00036539
-0.00029738
-0.000304612
-0.00044542
-0.000555688
-0.000499446
-0.000374894
-0.000402468
-0.000661045
-0.000992407
-0.00116521
-0.0010869
-0.000859867
-0.000699863
-0.000745615
-0.000355463
-0.000363323
-0.000356018
-0.000348604
-0.000396943
-0.000438288
-0.000403888
-0.00038502
-0.00049027
-0.000635545
-0.000660973
-0.000573284
-0.000535832
-0.000688994
-0.000976998
-0.00121192
-0.00124861
-0.00110248
-0.000923112
-0.000870957
-0.000388386
-0.000398943
-0.000404688
-0.000401762
-0.000441697
-0.000501939
-0.000506064
-0.00048742
-0.000554054
-0.000693717
-0.000780716
-0.00075374
-0.000705954
-0.000773499
-0.000982202
-0.00121767
-0.00133756
-0.0012909
-0.00115345
-0.00105735
-0.000425286
-0.000437194
-0.000453441
-0.000461084
-0.00049522
-0.000560315
-0.00059697
-0.000597917
-0.000639337
-0.000753926
-0.000866554
-0.000898477
-0.00087622
-0.000899896
-0.00103176
-0.00122586
-0.00137795
-0.00141393
-0.001347
-0.00126244
-0.000465425
-0.000478378
-0.000502213
-0.000522275
-0.00055596
-0.000619341
-0.00067689
-0.000702901
-0.000737969
-0.000826593
-0.000938159
-0.00100905
-0.00102453
-0.00104112
-0.00112013
-0.00126222
-0.00140692
-0.00148913
-0.00148867
-0.00144458
-0.000507745
-0.00052211
-0.000551142
-0.000582452
-0.000620701
-0.000681731
-0.000749092
-0.000796762
-0.000838941
-0.000910738
-0.00100995
-0.00109651
-0.0011442
-0.00117387
-0.00122901
-0.00132898
-0.00144874
-0.00154438
-0.00158807
-0.00158743
-0.000551002
-0.000567207
-0.000599931
-0.000640185
-0.000685474
-0.00074611
-0.000817151
-0.000879571
-0.000933063
-0.000998886
-0.00108572
-0.00117402
-0.0012411
-0.00128801
-0.00133888
-0.00141379
-0.00150871
-0.0015994
-0.00166333
-0.00169526
-0.000593608
-0.000611908
-0.000647564
-0.000694303
-0.000746785
-0.000809331
-0.000882075
-0.00095322
-0.00101701
-0.00108361
-0.00116261
-0.00124724
-0.00132258
-0.00138305
-0.00143834
-0.0015027
-0.00158019
-0.00166086
-0.00172989
-0.00177939
-0.000633567
-0.000653902
-0.000692137
-0.000743366
-0.000801909
-0.000867739
-0.000941624
-0.00101766
-0.00108963
-0.00115999
-0.00123524
-0.00131532
-0.00139269
-0.00146103
-0.00152243
-0.00158455
-0.00165253
-0.00172418
-0.00179208
-0.00184959
-0.000669027
-0.000690739
-0.000730791
-0.000784739
-0.000847574
-0.000916718
-0.000991717
-0.00106988
-0.00114685
-0.00122144
-0.00129634
-0.00137314
-0.00144944
-0.00152142
-0.00158791
-0.00165122
-0.00171447
-0.0017786
-0.00184155
-0.00190007
-0.000699873
-0.000724719
-0.000768166
-0.000825775
-0.000893194
-0.000966818
-0.00104482
-0.00112531
-0.00120556
-0.00128389
-0.00136082
-0.00143738
-0.00151315
-0.00158643
-0.0016559
-0.00172179
-0.00178528
-0.00184723
-0.00190733
-0.00196455
0.00407532
0.00444274
0.00414678
0.00356271
0.00310753
0.00280208
0.00246571
0.00207214
0.00163541
0.0011691
0.000729232
0.000371076
5.40219e-05
-0.000328773
-0.000807534
-0.00132987
-0.00180439
-0.00223857
-0.00259413
-0.00279527
-0.00313853
-0.00391822
-0.00495874
-0.00595764
-0.00675075
-0.00741541
-0.00805214
-0.00848408
-0.00850694
-0.0082666
-0.00808333
-0.00790122
-0.00747989
-0.00704941
-0.00686987
-0.00673287
-0.00654313
-0.00645453
-0.00645602
-0.00649869
-0.00657755
-0.00665441
-0.00677325
-0.00691632
-0.00695034
-0.0069322
-0.00696849
-0.00696103
-0.00691092
-0.00698789
-0.00713484
-0.00714903
-0.00707369
-0.00707936
-0.00715485
-0.00719571
-0.00719733
-0.00721048
-0.00723922
-0.00726487
-0.00728705
-0.00731736
-0.00735681
-0.00740325
-0.00745392
-0.00750855
-0.00756617
-0.00762577
-0.00768861
-0.00775309
-0.00782221
-0.00789227
-0.00796735
-0.00804238
-0.00812182
-0.00820122
-0.00828353
-0.00836732
-0.00845178
-0.00854009
-0.00862697
-0.00871913
-0.00880969
-0.00890438
-0.00900004
-0.00909648
-0.00919719
-0.00929662
-0.00940014
-0.00950515
-0.00960918
-0.00971991
-0.00982613
-0.0099368
-0.0100502
-0.010155
-0.0102682
-0.0103781
-0.0104522
-0.0105305
0.00342242
0.00403939
0.00404395
0.00354775
0.00308693
0.00276758
0.00242655
0.00203626
0.00160586
0.00114154
0.000700369
0.000342006
2.55072e-05
-0.000352439
-0.000825147
-0.00134474
-0.00181137
-0.00224183
-0.00260737
-0.00281358
-0.00315369
-0.00392686
-0.00495618
-0.00593915
-0.00671721
-0.00737248
-0.0080069
-0.00844419
-0.0084761
-0.008242
-0.00806438
-0.00788831
-0.0074696
-0.00704028
-0.00686407
-0.00672819
-0.00653868
-0.00645131
-0.00645314
-0.00649624
-0.00657538
-0.00665141
-0.00677057
-0.00691433
-0.00694825
-0.00693003
-0.00696753
-0.00696055
-0.0069097
-0.00698706
-0.00713485
-0.00714895
-0.00707324
-0.00707923
-0.00715505
-0.00719602
-0.00719743
-0.00721072
-0.00723961
-0.00726527
-0.00728738
-0.00731763
-0.007357
-0.00740337
-0.00745398
-0.00750857
-0.00756615
-0.00762573
-0.00768856
-0.00775304
-0.00782218
-0.00789224
-0.00796734
-0.00804237
-0.00812182
-0.00820122
-0.00828353
-0.00836733
-0.00845177
-0.00854009
-0.00862696
-0.00871914
-0.00880969
-0.00890439
-0.00900004
-0.00909647
-0.00919719
-0.00929661
-0.00940014
-0.00950516
-0.00960918
-0.00971992
-0.00982613
-0.0099368
-0.0100503
-0.010155
-0.0102682
-0.0103781
-0.0104523
-0.0105306
0.00308807
0.00377824
0.00399466
0.00359776
0.00312884
0.00277768
0.00241354
0.00201286
0.00158083
0.00111318
0.000665131
0.000303695
-1.5618e-05
-0.000391697
-0.000852734
-0.00136344
-0.00182007
-0.00223545
-0.00260662
-0.00283991
-0.00319835
-0.00395449
-0.00494502
-0.00588962
-0.00664055
-0.00727451
-0.00789145
-0.00832566
-0.0083817
-0.00818208
-0.00802221
-0.00785375
-0.00744731
-0.00702862
-0.00685634
-0.00672403
-0.0065392
-0.00645512
-0.00645768
-0.00649917
-0.00657701
-0.00665186
-0.0067681
-0.00690955
-0.0069433
-0.00692573
-0.00696405
-0.00695877
-0.00690924
-0.00698565
-0.00713171
-0.00714589
-0.00707173
-0.00707851
-0.00715399
-0.00719467
-0.00719641
-0.00721005
-0.00723912
-0.00726486
-0.00728714
-0.00731756
-0.00735703
-0.00740345
-0.00745409
-0.0075087
-0.0075663
-0.00762588
-0.0076887
-0.00775315
-0.00782226
-0.00789229
-0.00796738
-0.00804238
-0.00812183
-0.00820122
-0.00828353
-0.00836733
-0.00845177
-0.0085401
-0.00862696
-0.00871914
-0.00880969
-0.00890439
-0.00900004
-0.00909647
-0.00919719
-0.00929661
-0.00940014
-0.00950516
-0.00960918
-0.00971993
-0.00982614
-0.00993681
-0.0100503
-0.010155
-0.0102682
-0.0103782
-0.0104527
-0.010531
0.00280727
0.00348016
0.00383455
0.00356316
0.00311918
0.00275152
0.00237414
0.00196825
0.00153268
0.00106149
0.000609846
0.000249256
-6.96558e-05
-0.000439475
-0.000881366
-0.00138084
-0.00182734
-0.00222477
-0.0026108
-0.00288755
-0.00325822
-0.00397885
-0.0049182
-0.00582571
-0.00654998
-0.00716048
-0.00775758
-0.00818555
-0.00826862
-0.00810904
-0.00796652
-0.00780542
-0.00741678
-0.00701384
-0.0068461
-0.0067152
-0.00653482
-0.00645568
-0.00645889
-0.00649854
-0.00657612
-0.00664961
-0.00676063
-0.00689817
-0.00693265
-0.00691613
-0.00695495
-0.0069533
-0.00690744
-0.00698193
-0.00712405
-0.00713896
-0.00706854
-0.00707676
-0.00715131
-0.00719158
-0.00719407
-0.00720852
-0.00723803
-0.00726442
-0.00728712
-0.00731787
-0.00735743
-0.00740382
-0.00745439
-0.00750892
-0.00756647
-0.007626
-0.00768881
-0.00775325
-0.00782236
-0.00789237
-0.00796744
-0.00804243
-0.00812185
-0.00820124
-0.00828354
-0.00836734
-0.00845176
-0.0085401
-0.00862696
-0.00871915
-0.00880969
-0.00890439
-0.00900004
-0.00909648
-0.0091972
-0.00929662
-0.00940014
-0.00950517
-0.00960918
-0.00971994
-0.00982615
-0.00993684
-0.0100503
-0.0101551
-0.0102683
-0.0103783
-0.0104534
-0.0105316
0.00255379
0.00318124
0.00362861
0.0034978
0.00310723
0.00272683
0.00234054
0.00193817
0.00149965
0.00101574
0.000554742
0.000195713
-0.000120506
-0.000482481
-0.000906454
-0.00139705
-0.00183636
-0.00222163
-0.00262565
-0.00293989
-0.0033092
-0.00398696
-0.00488074
-0.00575478
-0.00645032
-0.00703481
-0.00761133
-0.00803386
-0.00814301
-0.00802402
-0.0079024
-0.00775228
-0.00738373
-0.00699672
-0.0068315
-0.0067017
-0.00652769
-0.00645468
-0.00645937
-0.00649761
-0.00657474
-0.00664669
-0.00675179
-0.00688469
-0.00692035
-0.00690511
-0.00694397
-0.00694662
-0.0069055
-0.00697737
-0.00711432
-0.00713025
-0.00706455
-0.00707434
-0.00714747
-0.00718724
-0.00719078
-0.00720619
-0.00723619
-0.0072631
-0.00728655
-0.00731768
-0.00735749
-0.00740393
-0.00745449
-0.00750901
-0.00756657
-0.00762615
-0.00768901
-0.00775349
-0.00782259
-0.00789258
-0.00796761
-0.00804255
-0.00812194
-0.0082013
-0.00828358
-0.00836736
-0.00845177
-0.00854011
-0.00862696
-0.00871915
-0.00880969
-0.00890439
-0.00900004
-0.00909648
-0.0091972
-0.00929662
-0.00940015
-0.00950517
-0.00960919
-0.00971996
-0.00982618
-0.00993687
-0.0100503
-0.0101551
-0.0102684
-0.0103784
-0.0104543
-0.0105325
0.0023173
0.00290123
0.00340627
0.0034033
0.00308523
0.00270211
0.00230203
0.00190842
0.00147458
0.000973074
0.000493561
0.000134083
-0.000175367
-0.000529275
-0.000937677
-0.00141673
-0.00185185
-0.00222812
-0.0026384
-0.00297625
-0.00334438
-0.00398898
-0.004843
-0.00568176
-0.00634718
-0.00690577
-0.00746296
-0.00788136
-0.00801454
-0.00793379
-0.00783377
-0.00769661
-0.00734914
-0.00697725
-0.00681436
-0.00668724
-0.00652022
-0.00645331
-0.00645979
-0.0064964
-0.00657283
-0.00664349
-0.00674239
-0.00687014
-0.00690697
-0.00689306
-0.00693198
-0.00693931
-0.00690315
-0.00697196
-0.00710336
-0.00712059
-0.00706001
-0.00707135
-0.00714292
-0.00718228
-0.00718702
-0.00720347
-0.00723401
-0.00726157
-0.00728586
-0.00731755
-0.00735762
-0.00740412
-0.00745466
-0.00750915
-0.00756672
-0.00762633
-0.00768923
-0.00775372
-0.00782282
-0.00789278
-0.00796776
-0.00804266
-0.00812201
-0.00820134
-0.0082836
-0.00836737
-0.00845177
-0.00854011
-0.00862696
-0.00871915
-0.00880969
-0.00890439
-0.00900004
-0.00909648
-0.0091972
-0.00929662
-0.00940015
-0.00950518
-0.00960921
-0.00971997
-0.00982621
-0.0099369
-0.0100504
-0.0101552
-0.0102685
-0.0103785
-0.0104551
-0.0105334
0.00208618
0.0026368
0.00318028
0.00327961
0.00304011
0.00267112
0.00225419
0.00186593
0.00144962
0.000939215
0.000431171
6.36774e-05
-0.000235458
-0.00058054
-0.000971107
-0.00143447
-0.00186967
-0.00223714
-0.00264216
-0.00300175
-0.00338205
-0.00399945
-0.00480674
-0.00560515
-0.00624238
-0.00677779
-0.0073151
-0.00772704
-0.00788088
-0.00783486
-0.00775613
-0.00763497
-0.00731197
-0.00695689
-0.0067968
-0.00667173
-0.00651095
-0.00645039
-0.00645925
-0.00649437
-0.00657019
-0.0066397
-0.00673221
-0.00685444
-0.00689241
-0.0068802
-0.00691937
-0.00693125
-0.00689993
-0.0069657
-0.00709158
-0.00711023
-0.00705496
-0.00706791
-0.00713793
-0.00717692
-0.00718294
-0.0072005
-0.00723163
-0.00725988
-0.00728498
-0.00731727
-0.00735759
-0.00740421
-0.00745476
-0.00750924
-0.00756681
-0.00762645
-0.0076894
-0.00775393
-0.00782305
-0.007893
-0.00796795
-0.00804281
-0.00812212
-0.00820141
-0.00828365
-0.0083674
-0.00845179
-0.00854012
-0.00862697
-0.00871915
-0.00880969
-0.00890439
-0.00900004
-0.00909648
-0.00919721
-0.00929662
-0.00940016
-0.00950519
-0.00960923
-0.00971999
-0.00982626
-0.00993694
-0.0100505
-0.0101553
-0.0102687
-0.0103786
-0.010456
-0.0105344
0.00186526
0.00238373
0.00295246
0.00313347
0.00296727
0.0026281
0.00220211
0.00180907
0.00141835
0.00091746
0.000377201
-1.29296e-05
-0.000302904
-0.000634821
-0.00100574
-0.0014532
-0.00189194
-0.00225057
-0.00264461
-0.00303
-0.00342702
-0.00400666
-0.00475807
-0.00552118
-0.00613728
-0.00665001
-0.0071644
-0.00756831
-0.00774126
-0.00772813
-0.00767124
-0.00756911
-0.00727387
-0.00693676
-0.00677733
-0.00665264
-0.00649881
-0.00644591
-0.00645792
-0.00649163
-0.00656652
-0.00663493
-0.00672115
-0.00683755
-0.00687683
-0.00686676
-0.006906
-0.00692213
-0.00689591
-0.00695889
-0.00707919
-0.00709926
-0.00704947
-0.00706413
-0.00713257
-0.00717121
-0.00717859
-0.00719732
-0.00722907
-0.00725805
-0.00728401
-0.00731694
-0.00735757
-0.00740428
-0.00745483
-0.00750929
-0.00756687
-0.00762658
-0.0076896
-0.00775419
-0.00782332
-0.00789325
-0.00796815
-0.00804296
-0.00812222
-0.00820147
-0.00828368
-0.00836741
-0.00845179
-0.00854012
-0.00862697
-0.00871915
-0.00880969
-0.00890439
-0.00900005
-0.00909648
-0.00919721
-0.00929663
-0.00940017
-0.0095052
-0.00960925
-0.00972
-0.00982631
-0.00993698
-0.0100506
-0.0101554
-0.0102689
-0.0103788
-0.0104568
-0.0105354
0.00166348
0.00214165
0.00271598
0.00297112
0.00287521
0.00257104
0.00214377
0.00173875
0.00137009
0.000899645
0.000340091
-9.13589e-05
-0.0003835
-0.000695371
-0.00104538
-0.00147563
-0.00191512
-0.00226651
-0.00264992
-0.003058
-0.00346364
-0.00399775
-0.00469878
-0.0054397
-0.00603809
-0.00652268
-0.00701127
-0.00740807
-0.007599
-0.00761584
-0.00757923
-0.00749589
-0.00723082
-0.00691399
-0.0067552
-0.00663127
-0.00648539
-0.00644027
-0.0064553
-0.00648745
-0.00656137
-0.0066292
-0.00670932
-0.0068197
-0.0068605
-0.00685273
-0.00689172
-0.00691204
-0.00689134
-0.00695168
-0.00706619
-0.0070877
-0.0070436
-0.00706001
-0.0071268
-0.00716512
-0.00717397
-0.00719394
-0.00722631
-0.007256
-0.00728286
-0.00731648
-0.00735745
-0.00740423
-0.00745485
-0.00750934
-0.00756697
-0.00762674
-0.0076898
-0.00775442
-0.00782355
-0.00789346
-0.00796832
-0.00804309
-0.00812231
-0.00820153
-0.00828372
-0.00836744
-0.00845185
-0.00854013
-0.00862697
-0.00871915
-0.00880969
-0.00890439
-0.00900005
-0.00909647
-0.00919722
-0.00929663
-0.00940019
-0.00950521
-0.00960928
-0.00972002
-0.00982637
-0.00993702
-0.0100507
-0.0101555
-0.0102692
-0.010379
-0.0104576
-0.0105365
0.00148037
0.00191886
0.00247351
0.00279183
0.00277123
0.0024974
0.00207001
0.00165798
0.00130424
0.000874724
0.000319124
-0.00016342
-0.000478076
-0.000764697
-0.00108698
-0.00149586
-0.00193279
-0.00228697
-0.00266176
-0.00307726
-0.00348677
-0.00398576
-0.0046446
-0.00536296
-0.0059405
-0.00639332
-0.00685495
-0.00724576
-0.00745313
-0.00749599
-0.00747757
-0.00741358
-0.00718263
-0.00689068
-0.00673376
-0.006609
-0.00646935
-0.00643135
-0.00645016
-0.00648182
-0.00655543
-0.00662302
-0.00669702
-0.00680107
-0.0068432
-0.00683773
-0.00687651
-0.00690126
-0.00688629
-0.00694393
-0.00705252
-0.00707552
-0.00703723
-0.0070554
-0.00712053
-0.00715858
-0.00716897
-0.00719018
-0.0072232
-0.00725371
-0.00728154
-0.0073159
-0.00735725
-0.00740417
-0.00745488
-0.00750938
-0.00756702
-0.00762683
-0.00768997
-0.00775466
-0.00782382
-0.00789372
-0.00796855
-0.00804327
-0.00812244
-0.00820162
-0.00828377
-0.00836746
-0.00845185
-0.00854013
-0.00862698
-0.00871915
-0.0088097
-0.00890438
-0.00900006
-0.00909647
-0.00919723
-0.00929663
-0.0094002
-0.00950522
-0.00960931
-0.00972004
-0.00982645
-0.00993707
-0.0100508
-0.0101556
-0.0102694
-0.0103792
-0.0104584
-0.0105377
0.0013051
0.00172154
0.00223699
0.00259018
0.00265042
0.00241162
0.00198065
0.00156677
0.00122471
0.000830928
0.000303184
-0.000216877
-0.000574389
-0.000843956
-0.00112998
-0.0015124
-0.00195055
-0.00231917
-0.00267956
-0.00308353
-0.00350273
-0.00398365
-0.00459311
-0.0052755
-0.00583614
-0.0062643
-0.00669825
-0.0070817
-0.00730443
-0.00737086
-0.00736897
-0.00732444
-0.00712952
-0.00686546
-0.00671097
-0.00658383
-0.00644985
-0.00641978
-0.00644386
-0.00647579
-0.00654864
-0.00661573
-0.00668376
-0.00678121
-0.00682457
-0.00682189
-0.00686075
-0.00688977
-0.00688048
-0.00693542
-0.007038
-0.00706252
-0.00703021
-0.00705024
-0.00711368
-0.00715149
-0.00716353
-0.00718614
-0.00721991
-0.00725126
-0.00728009
-0.00731521
-0.00735695
-0.00740404
-0.00745473
-0.00750934
-0.00756703
-0.00762693
-0.00769015
-0.00775489
-0.00782405
-0.00789393
-0.00796871
-0.00804339
-0.00812251
-0.00820166
-0.0082838
-0.00836748
-0.00845186
-0.00854013
-0.00862698
-0.00871914
-0.0088097
-0.00890438
-0.00900006
-0.00909647
-0.00919724
-0.00929663
-0.00940022
-0.00950522
-0.00960936
-0.00972006
-0.00982653
-0.00993713
-0.0100509
-0.0101557
-0.0102697
-0.0103795
-0.0104592
-0.010539
0.00112125
0.00154312
0.00202203
0.00237363
0.00250242
0.00231612
0.00187847
0.00145788
0.00113307
0.000769682
0.000282526
-0.000248169
-0.000659407
-0.000937975
-0.00118351
-0.00152802
-0.00197044
-0.00235795
-0.00269715
-0.00308268
-0.00351751
-0.00398394
-0.00453194
-0.00517418
-0.00573201
-0.00614418
-0.00654507
-0.00691584
-0.0071528
-0.00724138
-0.00725356
-0.00722638
-0.00706792
-0.00683541
-0.00668694
-0.00655889
-0.00642981
-0.00640606
-0.00643488
-0.00646741
-0.00653977
-0.0066072
-0.00666989
-0.00676038
-0.00680484
-0.00680532
-0.0068442
-0.00687714
-0.00687356
-0.00692596
-0.00702258
-0.00704876
-0.00702263
-0.00704454
-0.00710628
-0.007144
-0.00715787
-0.0071819
-0.00721636
-0.00724854
-0.00727839
-0.00731431
-0.00735648
-0.00740379
-0.0074546
-0.00750929
-0.00756704
-0.00762701
-0.0076903
-0.0077551
-0.0078243
-0.00789419
-0.00796895
-0.00804358
-0.00812266
-0.00820176
-0.00828387
-0.00836751
-0.00845187
-0.00854013
-0.00862698
-0.00871914
-0.0088097
-0.00890437
-0.00900007
-0.00909646
-0.00919725
-0.00929663
-0.00940024
-0.00950523
-0.0096094
-0.00972009
-0.00982663
-0.00993719
-0.0100511
-0.0101558
-0.01027
-0.0103798
-0.01046
-0.0105402
0.000919837
0.00136892
0.00183698
0.00215869
0.00231684
0.00219897
0.00177215
0.0013348
0.00103042
0.00069854
0.000246299
-0.000270756
-0.0007276
-0.00104227
-0.00125361
-0.00154362
-0.00198263
-0.00239367
-0.00272102
-0.00308665
-0.00352437
-0.00397156
-0.00446609
-0.00507584
-0.00563366
-0.00602801
-0.00639109
-0.00674563
-0.00699644
-0.00710831
-0.00713291
-0.00711967
-0.00699852
-0.00680195
-0.00666251
-0.00653399
-0.00640782
-0.0063879
-0.00642152
-0.006457
-0.0065302
-0.00659803
-0.0066551
-0.00673814
-0.00678361
-0.00678772
-0.00682669
-0.0068633
-0.00686549
-0.00691571
-0.00700653
-0.00703438
-0.00701446
-0.00703834
-0.00709845
-0.00713609
-0.00715174
-0.00717718
-0.00721238
-0.00724548
-0.00727644
-0.00731324
-0.00735591
-0.00740348
-0.00745442
-0.00750914
-0.00756698
-0.00762705
-0.00769043
-0.00775531
-0.00782453
-0.0078944
-0.00796911
-0.00804369
-0.00812272
-0.00820179
-0.00828388
-0.00836751
-0.00845188
-0.00854013
-0.00862698
-0.00871913
-0.0088097
-0.00890436
-0.00900008
-0.00909645
-0.00919727
-0.00929663
-0.00940027
-0.00950525
-0.00960946
-0.00972012
-0.00982674
-0.00993727
-0.0100513
-0.010156
-0.0102703
-0.0103801
-0.0104607
-0.0105415
0.000708119
0.00118278
0.00167042
0.00195923
0.00210209
0.00204914
0.00166662
0.00120646
0.000909137
0.000615428
0.000193206
-0.000299518
-0.000777977
-0.00113957
-0.00134003
-0.00156661
-0.00198049
-0.00242293
-0.00276121
-0.00309692
-0.00351322
-0.00394927
-0.00441022
-0.00498426
-0.00553038
-0.00590534
-0.0062351
-0.0065764
-0.00684036
-0.00697425
-0.00700893
-0.00700537
-0.00692082
-0.0067622
-0.00663358
-0.00650713
-0.00638567
-0.00636808
-0.00640504
-0.00644401
-0.00651862
-0.00658695
-0.00663889
-0.00671474
-0.00676124
-0.00676915
-0.00680815
-0.00684827
-0.00685653
-0.00690488
-0.00698981
-0.00701921
-0.00700562
-0.0070315
-0.00708987
-0.00712741
-0.00714503
-0.00717206
-0.00720812
-0.00724219
-0.00727432
-0.007312
-0.00735515
-0.00740298
-0.0074541
-0.00750895
-0.00756689
-0.00762706
-0.00769053
-0.00775547
-0.00782473
-0.00789462
-0.00796933
-0.00804388
-0.00812287
-0.00820189
-0.00828395
-0.00836756
-0.0084519
-0.00854013
-0.00862698
-0.00871912
-0.00880971
-0.00890435
-0.00900008
-0.00909645
-0.00919728
-0.00929663
-0.0094003
-0.00950526
-0.00960952
-0.00972015
-0.00982686
-0.00993737
-0.0100515
-0.0101562
-0.0102706
-0.0103805
-0.0104615
-0.0105428
0.000502279
0.000980063
0.00150285
0.00178379
0.00188379
0.0018621
0.00154667
0.00107829
0.000767118
0.000516073
0.000131914
-0.000339652
-0.000815973
-0.00121776
-0.00143832
-0.00160756
-0.00196894
-0.00244189
-0.00281334
-0.00311192
-0.00349042
-0.00392721
-0.00436111
-0.00488493
-0.00541668
-0.00578423
-0.00608579
-0.00641173
-0.0066849
-0.00683672
-0.00687986
-0.00688373
-0.0068334
-0.00671455
-0.00660066
-0.00648014
-0.00636531
-0.00634691
-0.00638311
-0.00642545
-0.00650435
-0.00657527
-0.00662245
-0.00669042
-0.00673729
-0.00674916
-0.00678866
-0.00683239
-0.00684665
-0.00689306
-0.0069721
-0.00700311
-0.00699588
-0.00702376
-0.00708051
-0.00711822
-0.007138
-0.00716667
-0.00720355
-0.00723857
-0.00727184
-0.00731044
-0.00735416
-0.00740236
-0.0074537
-0.00750868
-0.00756672
-0.00762701
-0.0076906
-0.00775564
-0.00782495
-0.00789483
-0.00796949
-0.00804398
-0.00812292
-0.00820192
-0.00828389
-0.00836754
-0.00845189
-0.00854011
-0.00862698
-0.0087191
-0.00880971
-0.00890433
-0.00900009
-0.00909644
-0.0091973
-0.00929663
-0.00940033
-0.00950528
-0.00960959
-0.00972019
-0.00982698
-0.00993748
-0.0100517
-0.0101564
-0.0102709
-0.0103809
-0.0104622
-0.0105442
0.000313418
0.000768488
0.00131945
0.00162508
0.00168188
0.00164426
0.00139437
0.000951298
0.000615617
0.000396859
6.38872e-05
-0.000388287
-0.000852949
-0.00127894
-0.00153712
-0.00167062
-0.00196272
-0.00244271
-0.00286032
-0.00313806
-0.00346947
-0.00389937
-0.00430646
-0.00477792
-0.00530312
-0.00567497
-0.00594265
-0.00624227
-0.00652511
-0.00669762
-0.00674866
-0.00675758
-0.0067382
-0.00665979
-0.00656307
-0.0064499
-0.00634342
-0.00632466
-0.00635805
-0.00640262
-0.00648706
-0.00656243
-0.00660539
-0.00666465
-0.00671152
-0.00672816
-0.00676854
-0.00681526
-0.00683514
-0.00688
-0.00695344
-0.00698603
-0.00698523
-0.00701538
-0.00707071
-0.00710859
-0.00713048
-0.00716074
-0.00719844
-0.00723448
-0.00726904
-0.00730867
-0.00735301
-0.00740157
-0.00745313
-0.00750829
-0.00756649
-0.00762692
-0.00769062
-0.00775574
-0.00782509
-0.00789499
-0.00796966
-0.00804413
-0.00812305
-0.008202
-0.00828398
-0.00836756
-0.00845191
-0.0085401
-0.00862698
-0.00871908
-0.00880971
-0.00890431
-0.0090001
-0.00909643
-0.00919731
-0.00929664
-0.00940036
-0.0095053
-0.00960966
-0.00972025
-0.00982711
-0.00993762
-0.0100518
-0.0101567
-0.0102713
-0.0103814
-0.010463
-0.0105455
0.000143208
0.000557356
0.00111685
0.00146668
0.00150272
0.00141651
0.0012063
0.000814985
0.000465655
0.000258445
-1.83504e-05
-0.000441029
-0.000897431
-0.00133044
-0.00162183
-0.0017516
-0.00197544
-0.00242435
-0.00288839
-0.00317942
-0.00345761
-0.00385633
-0.00424925
-0.00468049
-0.00518883
-0.00556627
-0.00580299
-0.00606735
-0.00636299
-0.00656394
-0.00661906
-0.00662636
-0.00663439
-0.00659535
-0.00651779
-0.00641507
-0.00632086
-0.00630451
-0.00633238
-0.00637412
-0.00646303
-0.006547
-0.00658894
-0.00663872
-0.00668414
-0.00670557
-0.00674693
-0.00679633
-0.00682208
-0.00686599
-0.00693404
-0.00696818
-0.00697394
-0.00700642
-0.00706017
-0.00709812
-0.00712218
-0.00715422
-0.00719293
-0.00723012
-0.00726596
-0.00730658
-0.00735155
-0.00740054
-0.00745243
-0.0075078
-0.00756615
-0.00762672
-0.00769057
-0.00775581
-0.00782525
-0.00789516
-0.00796981
-0.00804424
-0.00812311
-0.00820198
-0.00828397
-0.00836753
-0.00845189
-0.00854007
-0.00862697
-0.00871905
-0.00880971
-0.00890429
-0.0090001
-0.00909642
-0.00919733
-0.00929665
-0.00940039
-0.00950533
-0.00960973
-0.00972032
-0.00982725
-0.00993778
-0.0100521
-0.010157
-0.0102716
-0.0103819
-0.0104638
-0.0105468
-8.63597e-06
0.000352112
0.000899977
0.00129087
0.00133786
0.00119996
0.000991398
0.000657454
0.000319496
0.000109621
-0.000121104
-0.000502192
-0.000949586
-0.00137571
-0.00168778
-0.00183971
-0.00201004
-0.00240012
-0.00289604
-0.00322494
-0.00345506
-0.00380366
-0.00419591
-0.00459717
-0.00506297
-0.00544531
-0.00567525
-0.0059017
-0.00619747
-0.00643028
-0.00649125
-0.00649043
-0.00652137
-0.00652226
-0.00646697
-0.00637676
-0.00629603
-0.00628346
-0.0063056
-0.00634171
-0.00643285
-0.00652778
-0.00657281
-0.00661317
-0.00665455
-0.00668028
-0.00672386
-0.00677633
-0.00680783
-0.00685109
-0.00691401
-0.00694955
-0.00696157
-0.00699627
-0.00704857
-0.00708688
-0.00711342
-0.00714737
-0.00718704
-0.00722526
-0.0072624
-0.00730413
-0.00734984
-0.00739932
-0.00745153
-0.00750714
-0.0075657
-0.00762647
-0.00769048
-0.00775582
-0.00782531
-0.00789525
-0.00796991
-0.00804432
-0.00812323
-0.00820207
-0.00828404
-0.00836754
-0.0084519
-0.00854005
-0.00862697
-0.00871902
-0.0088097
-0.00890427
-0.00900011
-0.00909641
-0.00919734
-0.00929666
-0.00940042
-0.00950537
-0.00960981
-0.00972041
-0.00982738
-0.00993798
-0.0100523
-0.0101573
-0.010272
-0.0103824
-0.0104645
-0.0105481
-0.000140075
0.000158422
0.000675601
0.00108951
0.00117183
0.00100192
0.00076669
0.000476321
0.000170255
-4.05638e-05
-0.000242831
-0.000579651
-0.00100598
-0.00141889
-0.00174165
-0.00191916
-0.00206098
-0.0023921
-0.00288749
-0.00325447
-0.00346219
-0.00375471
-0.00413938
-0.00452017
-0.00493432
-0.00531701
-0.00556031
-0.00575142
-0.00602431
-0.006286
-0.0063679
-0.00635818
-0.0064012
-0.00644138
-0.00641067
-0.00633142
-0.00626507
-0.0062608
-0.0062808
-0.0063089
-0.0063961
-0.00650067
-0.00655497
-0.00658942
-0.00662409
-0.00665245
-0.00669935
-0.00675529
-0.00679221
-0.00683512
-0.00689306
-0.00692954
-0.00694769
-0.00698512
-0.00703648
-0.00707524
-0.00710409
-0.00713982
-0.00718048
-0.00721989
-0.00725846
-0.00730132
-0.00734778
-0.00739779
-0.00745042
-0.00750635
-0.00756514
-0.00762609
-0.00769026
-0.00775574
-0.00782535
-0.00789534
-0.00797002
-0.0080444
-0.00812325
-0.00820204
-0.00828401
-0.0083675
-0.00845187
-0.00854
-0.00862694
-0.00871898
-0.00880969
-0.00890425
-0.0090001
-0.00909641
-0.00919734
-0.00929668
-0.00940045
-0.00950542
-0.00960988
-0.00972052
-0.00982753
-0.00993819
-0.0100525
-0.0101576
-0.0102724
-0.010383
-0.0104653
-0.0105494
-0.000254724
-1.5358e-05
0.00045268
0.000867758
0.000988876
0.000815164
0.00054648
0.000276379
1.2124e-05
-0.000188212
-0.000374292
-0.000673663
-0.00107052
-0.00146752
-0.00178938
-0.0019809
-0.00212091
-0.00240774
-0.00286774
-0.00326321
-0.00347866
-0.0037127
-0.00407034
-0.00444856
-0.00482421
-0.00518431
-0.00543649
-0.00561132
-0.00585564
-0.00613243
-0.00624852
-0.00623521
-0.00627391
-0.00634888
-0.00634844
-0.00627963
-0.00622838
-0.00623665
-0.00625602
-0.00627542
-0.00635498
-0.00646567
-0.00653306
-0.00656753
-0.00659494
-0.00662232
-0.00667201
-0.00673257
-0.00677519
-0.00681771
-0.00687079
-0.00690837
-0.00693299
-0.00697342
-0.00702372
-0.00706263
-0.00709379
-0.00713157
-0.00717343
-0.00721407
-0.00725402
-0.00729807
-0.00734538
-0.007396
-0.00744908
-0.00750533
-0.00756439
-0.00762559
-0.00768998
-0.00775561
-0.00782532
-0.00789534
-0.00797004
-0.00804442
-0.00812329
-0.00820207
-0.00828404
-0.00836748
-0.00845186
-0.00853996
-0.00862692
-0.00871894
-0.00880968
-0.00890422
-0.00900009
-0.00909641
-0.00919734
-0.00929671
-0.00940048
-0.00950549
-0.00960996
-0.00972065
-0.00982769
-0.00993843
-0.0100528
-0.010158
-0.0102729
-0.0103836
-0.0104661
-0.0105506
-0.000362504
-0.000167365
0.000240574
0.000637773
0.000784636
0.000629104
0.000335369
6.45787e-05
-0.000156407
-0.00033453
-0.000506091
-0.000775969
-0.00114965
-0.00152876
-0.00183631
-0.00203023
-0.0021774
-0.00243343
-0.00285156
-0.00326342
-0.00349375
-0.00367414
-0.00399386
-0.00438174
-0.00473488
-0.00504966
-0.00529646
-0.00548079
-0.00570562
-0.00597565
-0.00612197
-0.00611636
-0.00614537
-0.00624834
-0.00628213
-0.00622209
-0.00618296
-0.00620775
-0.00623027
-0.0062431
-0.00631324
-0.00642354
-0.00650309
-0.00654536
-0.00656894
-0.00659117
-0.00664084
-0.006707
-0.0067566
-0.00679939
-0.00684808
-0.00688658
-0.0069171
-0.00696031
-0.00700975
-0.00704916
-0.00708287
-0.00712278
-0.00716581
-0.00720767
-0.00724909
-0.00729438
-0.00734256
-0.00739383
-0.00744744
-0.00750411
-0.0075635
-0.00762495
-0.00768954
-0.00775534
-0.00782518
-0.00789529
-0.00797004
-0.00804441
-0.00812327
-0.00820202
-0.00828399
-0.00836741
-0.00845181
-0.0085399
-0.00862689
-0.00871889
-0.00880965
-0.0089042
-0.00900007
-0.00909641
-0.00919733
-0.00929675
-0.0094005
-0.00950556
-0.00961005
-0.00972079
-0.00982786
-0.00993869
-0.0100531
-0.0101584
-0.0102734
-0.0103842
-0.0104669
-0.0105519
-0.000470859
-0.000306536
4.62598e-05
0.000411706
0.000568606
0.000436093
0.000130196
-0.000153247
-0.000338659
-0.000481363
-0.000631754
-0.000878396
-0.00124115
-0.00160661
-0.00189056
-0.00207445
-0.00221903
-0.00245741
-0.00285128
-0.00326165
-0.00349902
-0.00364519
-0.00391831
-0.00430451
-0.00465536
-0.0049303
-0.00515513
-0.00534862
-0.00556519
-0.00582267
-0.00598746
-0.00599831
-0.00602377
-0.00614388
-0.00620713
-0.00615723
-0.00612913
-0.00617417
-0.00620399
-0.00621019
-0.00627098
-0.00637748
-0.00646474
-0.00651891
-0.00654561
-0.00656169
-0.00660616
-0.00667707
-0.0067366
-0.00678147
-0.00682496
-0.00686295
-0.00689912
-0.00694599
-0.00699528
-0.00703516
-0.00707116
-0.00711317
-0.00715751
-0.00720067
-0.00724357
-0.00729014
-0.0073393
-0.00739132
-0.00744551
-0.00750262
-0.00756236
-0.00762411
-0.00768897
-0.00775498
-0.00782497
-0.00789515
-0.00796996
-0.00804434
-0.00812322
-0.00820196
-0.00828395
-0.00836734
-0.00845176
-0.00853983
-0.00862684
-0.00871884
-0.00880961
-0.00890417
-0.00900004
-0.00909642
-0.00919732
-0.0092968
-0.00940052
-0.00950565
-0.00961014
-0.00972095
-0.00982805
-0.00993896
-0.0100534
-0.0101588
-0.0102739
-0.0103848
-0.0104678
-0.0105531
-0.000584502
-0.000445844
-0.000132796
0.000198175
0.000353952
0.000237294
-6.98866e-05
-0.000370225
-0.000538231
-0.000633281
-0.000752421
-0.00097813
-0.00133144
-0.00169511
-0.00196011
-0.00212268
-0.00225296
-0.00247698
-0.00285482
-0.00325589
-0.00350306
-0.00363238
-0.00384287
-0.00420733
-0.00458172
-0.00483938
-0.00502308
-0.0052043
-0.00542167
-0.00568159
-0.00585974
-0.00587808
-0.00590176
-0.00603595
-0.00612554
-0.00608894
-0.00606934
-0.00613233
-0.00617396
-0.00617634
-0.00622903
-0.00633091
-0.00641987
-0.00648404
-0.00652166
-0.00653633
-0.00657087
-0.00664229
-0.00671354
-0.00676316
-0.00680123
-0.00683761
-0.00687963
-0.0069309
-0.00698015
-0.00702018
-0.0070584
-0.00710271
-0.00714853
-0.00719304
-0.00723746
-0.0072854
-0.00733557
-0.00738837
-0.0074432
-0.00750082
-0.007561
-0.00762309
-0.00768824
-0.00775446
-0.00782462
-0.00789492
-0.00796981
-0.00804422
-0.00812313
-0.00820186
-0.00828386
-0.00836724
-0.00845168
-0.00853974
-0.00862677
-0.00871878
-0.00880955
-0.00890415
-0.00899999
-0.00909644
-0.00919729
-0.00929685
-0.00940055
-0.00950574
-0.00961025
-0.0097211
-0.00982827
-0.00993924
-0.0100537
-0.0101592
-0.0102745
-0.0103855
-0.0104686
-0.0105542
-0.000708895
-0.000597067
-0.000308296
-8.40566e-07
0.00015078
4.27164e-05
-0.000259249
-0.000579205
-0.000754127
-0.000802986
-0.000876672
-0.00107109
-0.00140638
-0.00178191
-0.0020487
-0.00218871
-0.0022925
-0.00248706
-0.00284331
-0.00324748
-0.0035149
-0.00363073
-0.00377537
-0.00410094
-0.0045004
-0.004765
-0.00490883
-0.00506047
-0.0052747
-0.00554514
-0.00574125
-0.00576042
-0.00577458
-0.00592432
-0.0060441
-0.00601957
-0.0060017
-0.00607939
-0.00613972
-0.0061431
-0.00618585
-0.00628349
-0.00637226
-0.00644081
-0.00649237
-0.00651478
-0.00653916
-0.00660289
-0.00668397
-0.00674371
-0.0067791
-0.00681183
-0.00685794
-0.00691412
-0.00696414
-0.00700439
-0.00704472
-0.00709144
-0.00713888
-0.00718478
-0.00723071
-0.00728001
-0.00733128
-0.00738496
-0.00744052
-0.00749872
-0.00755936
-0.00762183
-0.0076873
-0.00775378
-0.00782415
-0.00789458
-0.00796957
-0.00804402
-0.00812297
-0.00820171
-0.00828374
-0.00836711
-0.00845158
-0.00853964
-0.00862669
-0.00871872
-0.00880948
-0.00890413
-0.00899994
-0.00909646
-0.00919727
-0.0092969
-0.00940059
-0.00950583
-0.00961039
-0.00972127
-0.00982852
-0.00993953
-0.0100541
-0.0101596
-0.0102751
-0.0103862
-0.0104694
-0.0105554
-0.000841637
-0.000769437
-0.000498548
-0.000195396
-3.91579e-05
-0.000134911
-0.000430703
-0.000771739
-0.000974892
-0.0010003
-0.00101431
-0.00115882
-0.00146711
-0.00185417
-0.00214432
-0.00227728
-0.00234588
-0.00249457
-0.00281883
-0.00323143
-0.00352472
-0.00363797
-0.00373348
-0.00399703
-0.00439195
-0.00469234
-0.00482531
-0.00493508
-0.00512525
-0.00539595
-0.00562468
-0.00566238
-0.00564941
-0.00579901
-0.00596137
-0.00595412
-0.00592784
-0.00601513
-0.00609923
-0.00610947
-0.00614165
-0.00623442
-0.00632464
-0.00639294
-0.00645436
-0.00649252
-0.00651291
-0.00656199
-0.00664717
-0.0067218
-0.00675908
-0.00678584
-0.00683324
-0.0068952
-0.00694766
-0.00698817
-0.00703009
-0.00707918
-0.00712843
-0.00717578
-0.00722322
-0.00727398
-0.00732645
-0.00738107
-0.00743739
-0.00749623
-0.0075574
-0.00762032
-0.00768616
-0.00775292
-0.00782351
-0.00789409
-0.00796921
-0.00804373
-0.00812275
-0.00820151
-0.00828357
-0.00836695
-0.00845144
-0.00853952
-0.00862657
-0.00871864
-0.00880939
-0.0089041
-0.00899987
-0.00909647
-0.00919725
-0.00929694
-0.00940065
-0.00950591
-0.00961055
-0.00972143
-0.00982878
-0.00993985
-0.0100545
-0.0101601
-0.0102756
-0.0103869
-0.0104702
-0.0105565
-0.000963818
-0.000954651
-0.000718553
-0.000409639
-0.000225545
-0.000291493
-0.000576481
-0.000935914
-0.00118062
-0.00121975
-0.00118
-0.00125649
-0.00152072
-0.00190032
-0.00222693
-0.0023804
-0.00242146
-0.00251895
-0.0027925
-0.00319359
-0.00351978
-0.00365553
-0.00372025
-0.00390573
-0.00426345
-0.00461059
-0.00476452
-0.00483159
-0.00498319
-0.00523931
-0.00549985
-0.00558157
-0.00553965
-0.00565878
-0.0058691
-0.00589741
-0.00585324
-0.0059387
-0.00605002
-0.00607477
-0.00609779
-0.00618253
-0.00627649
-0.00634494
-0.00640828
-0.00646287
-0.00649086
-0.00652573
-0.0066048
-0.00669325
-0.00673943
-0.00676146
-0.00680662
-0.00687384
-0.00693046
-0.00697156
-0.00701437
-0.00706572
-0.00711713
-0.00716611
-0.00721507
-0.00726728
-0.00732099
-0.00737662
-0.0074338
-0.00749336
-0.00755511
-0.0076185
-0.00768475
-0.00775183
-0.00782269
-0.00789346
-0.00796873
-0.00804334
-0.00812244
-0.00820124
-0.00828335
-0.00836675
-0.00845126
-0.00853937
-0.00862643
-0.00871855
-0.00880927
-0.00890406
-0.00899979
-0.00909648
-0.00919723
-0.00929698
-0.00940072
-0.00950599
-0.00961072
-0.00972161
-0.00982907
-0.00994019
-0.0100549
-0.0101607
-0.0102763
-0.0103876
-0.0104711
-0.0105575
-0.00103771
-0.00112508
-0.000960193
-0.000662642
-0.000432836
-0.00044012
-0.000695217
-0.00106083
-0.00135202
-0.00143873
-0.0013798
-0.00138224
-0.00157667
-0.00192641
-0.00228095
-0.00247749
-0.00252079
-0.00257241
-0.0027746
-0.00313734
-0.0034939
-0.00367173
-0.00372632
-0.00384496
-0.00413923
-0.00450197
-0.00470192
-0.00475644
-0.00486607
-0.00508695
-0.00535462
-0.0054992
-0.00546051
-0.00552129
-0.00575396
-0.00584193
-0.00578812
-0.0058548
-0.00598946
-0.00603592
-0.00605459
-0.00612952
-0.00622586
-0.00629768
-0.00635841
-0.00642358
-0.00646852
-0.00649676
-0.00656036
-0.00665601
-0.00671804
-0.00674035
-0.00677955
-0.00684917
-0.00691154
-0.00695464
-0.00699792
-0.00705117
-0.00710498
-0.00715575
-0.00720616
-0.00725983
-0.00731487
-0.00737162
-0.00742971
-0.00749002
-0.00755243
-0.00761635
-0.00768306
-0.00775051
-0.00782167
-0.00789266
-0.00796811
-0.00804284
-0.00812204
-0.00820089
-0.00828306
-0.0083665
-0.00845104
-0.0085392
-0.00862626
-0.00871844
-0.00880914
-0.00890401
-0.00899971
-0.00909646
-0.00919722
-0.009297
-0.00940081
-0.00950606
-0.00961092
-0.0097218
-0.00982936
-0.00994056
-0.0100554
-0.0101612
-0.0102769
-0.0103884
-0.0104719
-0.0105586
-0.00104454
-0.00123879
-0.00118765
-0.000942105
-0.000682941
-0.000611681
-0.000800375
-0.00114714
-0.0014758
-0.0016301
-0.0015973
-0.00154596
-0.00165412
-0.00194777
-0.00230221
-0.00255058
-0.00262987
-0.0026512
-0.00278171
-0.00308366
-0.00344257
-0.00367042
-0.00374364
-0.00381878
-0.00403521
-0.0043713
-0.00462578
-0.00470487
-0.00477374
-0.00494876
-0.00520084
-0.00539881
-0.00540392
-0.00540789
-0.00561575
-0.00577288
-0.00573992
-0.00577231
-0.00591408
-0.00598997
-0.00601304
-0.00607699
-0.00617103
-0.00624983
-0.00631038
-0.00637716
-0.00643858
-0.00647236
-0.00652014
-0.00661239
-0.0066911
-0.00672105
-0.00675358
-0.00682156
-0.0068903
-0.00693755
-0.00698117
-0.00703547
-0.00709171
-0.00714459
-0.00719653
-0.00725163
-0.00730807
-0.00736599
-0.00742506
-0.00748621
-0.00754933
-0.00761386
-0.00768106
-0.00774891
-0.00782041
-0.00789166
-0.00796732
-0.0080422
-0.00812152
-0.00820046
-0.00828269
-0.0083662
-0.00845076
-0.00853899
-0.00862605
-0.00871831
-0.00880899
-0.00890393
-0.00899963
-0.00909643
-0.00919723
-0.00929701
-0.00940092
-0.00950614
-0.00961112
-0.00972202
-0.00982965
-0.00994096
-0.0100558
-0.0101618
-0.0102776
-0.0103891
-0.0104728
-0.0105596
-0.00100673
-0.00127583
-0.00135162
-0.00120912
-0.000968833
-0.000830504
-0.000922683
-0.00121345
-0.00155329
-0.0017716
-0.00180081
-0.00173851
-0.00176944
-0.00198329
-0.00230636
-0.00258961
-0.00272126
-0.00274563
-0.00282396
-0.00305004
-0.00337679
-0.00364369
-0.00375579
-0.00381521
-0.00396611
-0.0042456
-0.00452645
-0.0046523
-0.00470451
-0.00483788
-0.00505594
-0.00527374
-0.00534666
-0.00533075
-0.00547631
-0.00567849
-0.00569923
-0.00570093
-0.00582821
-0.00593455
-0.00597068
-0.00602544
-0.00611456
-0.00619988
-0.00626418
-0.00632755
-0.00639889
-0.0064478
-0.00648741
-0.00656657
-0.00665596
-0.00670069
-0.00673058
-0.00679299
-0.0068662
-0.00691945
-0.00696416
-0.00701878
-0.00707728
-0.00713265
-0.00718623
-0.00724269
-0.00730053
-0.00735974
-0.00741986
-0.0074819
-0.00754579
-0.00761096
-0.00767872
-0.00774702
-0.0078189
-0.00789045
-0.00796635
-0.00804141
-0.00812087
-0.00819992
-0.00828223
-0.00836582
-0.00845043
-0.00853873
-0.0086258
-0.00871814
-0.00880882
-0.00890383
-0.00899955
-0.00909638
-0.00919724
-0.009297
-0.00940103
-0.00950622
-0.00961132
-0.00972226
-0.00982994
-0.00994139
-0.0100563
-0.0101624
-0.0102782
-0.0103899
-0.0104736
-0.0105606
-0.000972177
-0.00125263
-0.00143347
-0.00141912
-0.0012532
-0.00108872
-0.00108901
-0.00129273
-0.00160118
-0.00185953
-0.00196149
-0.00193363
-0.00192076
-0.00205002
-0.00231463
-0.00259956
-0.00278027
-0.00284058
-0.0028919
-0.00304717
-0.00331774
-0.00359263
-0.00375075
-0.00382342
-0.00393001
-0.0041426
-0.00441202
-0.00458598
-0.00465294
-0.00475297
-0.00492975
-0.00513872
-0.00527066
-0.00527853
-0.00536031
-0.00556123
-0.00564797
-0.00564634
-0.00574263
-0.00586709
-0.00592465
-0.00597639
-0.0060587
-0.00614611
-0.00621737
-0.00627997
-0.0063532
-0.00641706
-0.00645931
-0.00652407
-0.0066147
-0.00667617
-0.00670989
-0.00676511
-0.00683922
-0.00689945
-0.00694704
-0.00700162
-0.00706177
-0.00711977
-0.00717521
-0.00723302
-0.00729227
-0.00735283
-0.00741408
-0.00747705
-0.00754177
-0.00760765
-0.00767601
-0.00774482
-0.00781711
-0.007889
-0.00796517
-0.00804045
-0.00812008
-0.00819927
-0.00828168
-0.00836537
-0.00845003
-0.00853842
-0.00862552
-0.00871793
-0.00880863
-0.0089037
-0.00899945
-0.00909631
-0.00919725
-0.009297
-0.00940113
-0.00950633
-0.00961151
-0.00972254
-0.00983023
-0.00994184
-0.0100567
-0.0101629
-0.0102789
-0.0103906
-0.0104745
-0.0105615
-0.00099426
-0.0012278
-0.00145441
-0.00154946
-0.00148622
-0.00135385
-0.0012991
-0.00140894
-0.00165102
-0.00191055
-0.00206946
-0.00210034
-0.00208589
-0.00215215
-0.0023456
-0.00259969
-0.00280914
-0.00291463
-0.00296716
-0.00307491
-0.00328238
-0.00353484
-0.00372573
-0.00382466
-0.00391357
-0.00407393
-0.00430415
-0.00450248
-0.00460301
-0.00468724
-0.00482802
-0.00501307
-0.00517364
-0.00522857
-0.00527746
-0.0054411
-0.00557529
-0.00560073
-0.00566754
-0.00579158
-0.0058725
-0.00592793
-0.00600393
-0.00609087
-0.00616903
-0.00623465
-0.00630531
-0.00637836
-0.00643142
-0.00648783
-0.00657135
-0.0066452
-0.00668884
-0.00673944
-0.00681099
-0.00687723
-0.00692941
-0.00698425
-0.00704529
-0.00710588
-0.00716349
-0.00722269
-0.0072833
-0.00734524
-0.00740769
-0.00747166
-0.00753726
-0.00760391
-0.00767292
-0.00774227
-0.00781503
-0.00788729
-0.00796377
-0.0080393
-0.00811913
-0.00819849
-0.00828102
-0.00836483
-0.00844956
-0.00853805
-0.00862519
-0.00871768
-0.00880842
-0.00890353
-0.00899935
-0.00909621
-0.00919725
-0.00929699
-0.00940123
-0.00950645
-0.00961168
-0.00972283
-0.00983052
-0.00994229
-0.0100572
-0.0101635
-0.0102797
-0.0103914
-0.0104753
-0.0105625
-0.00109263
-0.00125004
-0.00146062
-0.001615
-0.00164785
-0.00158426
-0.00152275
-0.00156323
-0.00172817
-0.00195224
-0.00213642
-0.0022223
-0.00223825
-0.00227632
-0.00240587
-0.00261183
-0.00281977
-0.00295888
-0.00303528
-0.00312204
-0.00327572
-0.0034876
-0.00368469
-0.00381265
-0.0039074
-0.00403266
-0.00421615
-0.00441305
-0.00454484
-0.00463254
-0.00474988
-0.00490682
-0.00506757
-0.0051661
-0.00521825
-0.00533739
-0.00548492
-0.00555153
-0.00560658
-0.00571531
-0.00581233
-0.0058785
-0.00595189
-0.00603651
-0.00611825
-0.00618939
-0.00625912
-0.00633513
-0.00639957
-0.0064557
-0.00653011
-0.00660931
-0.00666517
-0.00671588
-0.00678313
-0.00685281
-0.00691053
-0.0069668
-0.0070283
-0.00709107
-0.00715104
-0.00721177
-0.00727368
-0.00733701
-0.00740072
-0.00746573
-0.00753224
-0.00759969
-0.00766941
-0.00773935
-0.00781261
-0.0078853
-0.00796213
-0.00803795
-0.008118
-0.00819756
-0.00828023
-0.00836419
-0.00844902
-0.00853761
-0.00862481
-0.00871738
-0.00880818
-0.00890334
-0.00899923
-0.00909611
-0.00919724
-0.00929699
-0.00940131
-0.00950659
-0.00961185
-0.00972313
-0.00983084
-0.00994272
-0.0100577
-0.0101641
-0.0102804
-0.0103921
-0.0104761
-0.0105634
-0.00124717
-0.00133171
-0.00149328
-0.00165596
-0.00174959
-0.00175624
-0.00172522
-0.00173642
-0.00183688
-0.00200809
-0.00218458
-0.00230502
-0.00236024
-0.00239995
-0.00248905
-0.00264522
-0.00282857
-0.00298311
-0.00308594
-0.00317112
-0.00329084
-0.00346051
-0.00364365
-0.00378996
-0.00389701
-0.00400703
-0.00415569
-0.00433128
-0.00447798
-0.00458182
-0.00468801
-0.00482035
-0.00496867
-0.0050916
-0.00516482
-0.00525669
-0.00539281
-0.00549145
-0.00555332
-0.00564556
-0.00574834
-0.00582721
-0.00590136
-0.00598361
-0.00606702
-0.00614376
-0.00621515
-0.0062906
-0.00636274
-0.0064245
-0.00649318
-0.00657168
-0.0066375
-0.00669262
-0.00675665
-0.00682722
-0.00689015
-0.0069491
-0.00701112
-0.00707552
-0.00713785
-0.00720032
-0.00726355
-0.00732824
-0.00739325
-0.00745936
-0.00752681
-0.0075951
-0.00766554
-0.0077361
-0.00780988
-0.00788302
-0.00796022
-0.00803635
-0.00811665
-0.00819644
-0.00827928
-0.0083634
-0.00844834
-0.00853704
-0.00862434
-0.00871699
-0.00880788
-0.00890308
-0.00899907
-0.00909597
-0.00919719
-0.00929698
-0.00940136
-0.00950673
-0.00961202
-0.00972342
-0.00983116
-0.00994315
-0.0100583
-0.0101646
-0.010281
-0.0103929
-0.0104768
-0.0105642
-0.00141996
-0.00145762
-0.00156585
-0.00170446
-0.00181886
-0.00187617
-0.00188751
-0.00190097
-0.00196354
-0.00208568
-0.00223502
-0.00236459
-0.00244956
-0.00250668
-0.00257985
-0.0026975
-0.00284932
-0.0029993
-0.00311773
-0.00321264
-0.00331728
-0.00345388
-0.00361342
-0.00376141
-0.00388039
-0.00398973
-0.00411563
-0.00426514
-0.00441232
-0.00452997
-0.00463448
-0.00475247
-0.00488567
-0.00501294
-0.00510765
-0.00519429
-0.00531129
-0.00542282
-0.00550104
-0.00558533
-0.0056852
-0.00577335
-0.00585183
-0.00593356
-0.00601728
-0.00609752
-0.00617231
-0.00624774
-0.00632364
-0.00639201
-0.00645951
-0.00653506
-0.00660681
-0.00666835
-0.00673167
-0.00680163
-0.00686837
-0.00693071
-0.00699377
-0.0070594
-0.00712388
-0.00718822
-0.00725284
-0.00731887
-0.00738523
-0.00745251
-0.00752098
-0.00759017
-0.0076614
-0.00773264
-0.00780701
-0.00788064
-0.00795825
-0.00803473
-0.00811531
-0.00819533
-0.00827836
-0.00836264
-0.00844771
-0.00853653
-0.00862392
-0.00871664
-0.00880761
-0.00890286
-0.00899893
-0.00909587
-0.00919716
-0.009297
-0.00940142
-0.00950688
-0.00961219
-0.0097237
-0.00983149
-0.00994356
-0.0100588
-0.0101652
-0.0102817
-0.0103936
-0.0104776
-0.010565
-0.00157859
-0.00159857
-0.00166772
-0.00177334
-0.00188207
-0.00196323
-0.00200896
-0.00203998
-0.00208983
-0.00217805
-0.0022964
-0.00241715
-0.00251611
-0.00259124
-0.00266407
-0.00275974
-0.00288334
-0.00301758
-0.00313989
-0.00324374
-0.00334431
-0.00346097
-0.00359732
-0.00373654
-0.00386099
-0.00397272
-0.00408766
-0.00421791
-0.004355
-0.00447795
-0.00458685
-0.00469803
-0.00481794
-0.00494049
-0.00504823
-0.00514049
-0.00524372
-0.00535461
-0.00544701
-0.0055321
-0.00562702
-0.00571954
-0.00580325
-0.00588598
-0.00596997
-0.00605247
-0.00613092
-0.00620758
-0.00628478
-0.00635815
-0.00642787
-0.00650149
-0.00657556
-0.0066429
-0.00670781
-0.00677707
-0.00684603
-0.00691174
-0.00697639
-0.00704306
-0.0071093
-0.00717548
-0.0072415
-0.00730877
-0.00737638
-0.00744481
-0.00751426
-0.00758434
-0.00765637
-0.00772833
-0.00780331
-0.00787748
-0.00795555
-0.00803244
-0.00811336
-0.00819368
-0.00827697
-0.00836146
-0.00844672
-0.00853569
-0.00862323
-0.00871606
-0.00880715
-0.00890248
-0.00899865
-0.00909566
-0.00919703
-0.00929695
-0.00940142
-0.00950698
-0.00961234
-0.00972394
-0.00983181
-0.00994394
-0.0100593
-0.0101657
-0.0102823
-0.0103943
-0.0104783
-0.0105658
-0.00170902
-0.00173019
-0.00177941
-0.0018581
-0.00195066
-0.0020358
-0.00210096
-0.00215046
-0.0022019
-0.00227266
-0.00236655
-0.00247177
-0.0025715
-0.00265726
-0.00273557
-0.00282197
-0.00292592
-0.00304305
-0.00315994
-0.00326694
-0.00336797
-0.00347461
-0.00359369
-0.00372036
-0.00384249
-0.0039556
-0.00406676
-0.00418461
-0.00430951
-0.00443129
-0.00454324
-0.00465152
-0.00476369
-0.0048799
-0.00499087
-0.00508956
-0.00518795
-0.0052939
-0.00539341
-0.005483
-0.00557479
-0.00566813
-0.00575634
-0.00584139
-0.00592606
-0.00600986
-0.00609103
-0.00616974
-0.00624801
-0.00632473
-0.00639785
-0.00647127
-0.00654591
-0.00661746
-0.00668544
-0.00675496
-0.00682514
-0.00689368
-0.00696042
-0.00702827
-0.00709599
-0.0071639
-0.00723136
-0.00729984
-0.0073686
-0.00743811
-0.0075085
-0.00757941
-0.00765217
-0.00772476
-0.00780029
-0.00787494
-0.00795342
-0.00803065
-0.00811186
-0.00819243
-0.00827592
-0.00836058
-0.00844599
-0.00853508
-0.00862273
-0.00871565
-0.00880683
-0.00890223
-0.00899847
-0.00909554
-0.00919696
-0.00929696
-0.00940147
-0.00950711
-0.00961251
-0.00972419
-0.00983214
-0.00994432
-0.0100598
-0.0101663
-0.0102829
-0.0103949
-0.0104789
-0.0105665
-0.00181224
-0.0018424
-0.00188545
-0.00194761
-0.00202437
-0.00210406
-0.002176
-0.00223748
-0.0022952
-0.00236007
-0.00243896
-0.00252968
-0.00262333
-0.00271192
-0.00279477
-0.00287869
-0.00297146
-0.00307462
-0.00318251
-0.00328795
-0.00338918
-0.00349094
-0.00359904
-0.00371391
-0.00382985
-0.00394186
-0.00405085
-0.00416161
-0.00427709
-0.0043935
-0.00450507
-0.00461273
-0.00472092
-0.00483092
-0.00493965
-0.00504224
-0.00514105
-0.00524238
-0.0053424
-0.00543596
-0.00552782
-0.00562077
-0.0057111
-0.00579814
-0.00588382
-0.00596862
-0.00605164
-0.00613239
-0.0062118
-0.0062903
-0.00636628
-0.00644093
-0.00651585
-0.00658979
-0.00666085
-0.00673162
-0.00680267
-0.00687327
-0.00694215
-0.00701139
-0.00708042
-0.00714991
-0.00721889
-0.00728867
-0.00735866
-0.00742935
-0.00750082
-0.00757269
-0.00764633
-0.00771971
-0.00779594
-0.00787121
-0.00795022
-0.00802792
-0.00810955
-0.00819047
-0.00827426
-0.00835919
-0.00844481
-0.0085341
-0.00862191
-0.00871497
-0.00880628
-0.00890179
-0.00899812
-0.00909529
-0.00919678
-0.00929686
-0.00940144
-0.00950716
-0.00961263
-0.00972437
-0.00983241
-0.00994464
-0.0100602
-0.0101667
-0.0102834
-0.0103955
-0.0104795
-0.0105671
-0.00189472
-0.00193454
-0.00197902
-0.00203375
-0.00209921
-0.0021708
-0.00224197
-0.00230866
-0.0023719
-0.00243687
-0.00250884
-0.00258929
-0.00267514
-0.00276156
-0.00284594
-0.00292993
-0.00301764
-0.00311173
-0.00321109
-0.003312
-0.00341173
-0.00351106
-0.00361295
-0.00371917
-0.0038283
-0.00393708
-0.00404416
-0.00415108
-0.00425995
-0.0043705
-0.00448
-0.00458692
-0.00469244
-0.00479822
-0.00490414
-0.0050075
-0.00510701
-0.00520572
-0.00530453
-0.0054004
-0.00549334
-0.0055856
-0.00567658
-0.00576528
-0.00585215
-0.00593775
-0.00602189
-0.00610422
-0.00618483
-0.00626434
-0.00634211
-0.00641826
-0.00649366
-0.00656866
-0.00664179
-0.00671403
-0.00678585
-0.00685769
-0.00692817
-0.00699866
-0.00706867
-0.00713924
-0.00720929
-0.00728002
-0.00735087
-0.00742238
-0.00749463
-0.0075672
-0.00764148
-0.00771546
-0.00779222
-0.00786796
-0.0079474
-0.00802548
-0.00810743
-0.00818864
-0.00827269
-0.00835784
-0.00844367
-0.00853313
-0.00862111
-0.00871431
-0.00880574
-0.00890136
-0.00899779
-0.00909504
-0.00919662
-0.00929677
-0.00940142
-0.00950721
-0.00961274
-0.00972454
-0.00983266
-0.00994494
-0.0100605
-0.0101672
-0.0102839
-0.010396
-0.0104801
-0.0105677
-0.00195159
-0.00199915
-0.00204817
-0.00210153
-0.00216077
-0.0022251
-0.002292
-0.00235894
-0.00242507
-0.00249177
-0.00256151
-0.00263606
-0.00271525
-0.00279729
-0.00288037
-0.00296408
-0.00304966
-0.00313867
-0.00323154
-0.00332709
-0.00342372
-0.00352085
-0.00361927
-0.00372014
-0.00382352
-0.00392811
-0.00403265
-0.004137
-0.00424201
-0.00434819
-0.00445458
-0.00455981
-0.00466381
-0.00476728
-0.00487044
-0.00497239
-0.00507203
-0.00517004
-0.00526755
-0.00536373
-0.00545771
-0.00555028
-0.00564169
-0.00573134
-0.00581922
-0.00590573
-0.00599088
-0.00607454
-0.00615649
-0.00623715
-0.00631636
-0.00639419
-0.00647076
-0.00654681
-0.00662153
-0.00669536
-0.00676827
-0.00684123
-0.00691321
-0.00698522
-0.0070566
-0.00712848
-0.00719982
-0.00727172
-0.00734361
-0.00741607
-0.00748918
-0.00756252
-0.00763747
-0.00771203
-0.00778931
-0.00786549
-0.00794531
-0.00802371
-0.00810595
-0.0081874
-0.00827165
-0.00835697
-0.00844295
-0.00853253
-0.00862061
-0.00871389
-0.0088054
-0.00890109
-0.00899758
-0.00909489
-0.00919651
-0.00929672
-0.00940141
-0.00950724
-0.00961282
-0.00972467
-0.00983285
-0.00994519
-0.0100608
-0.0101675
-0.0102843
-0.0103964
-0.0104805
-0.0105681
-0.0020175
-0.00206863
-0.00212145
-0.00217666
-0.00223502
-0.00229663
-0.00236075
-0.00242625
-0.00249242
-0.00255947
-0.0026284
-0.00270031
-0.00277566
-0.00285405
-0.00293462
-0.00301678
-0.00310065
-0.00318681
-0.00327565
-0.00336696
-0.00346003
-0.00355433
-0.00364988
-0.00374711
-0.00384621
-0.00394676
-0.00404804
-0.00414965
-0.00425175
-0.0043546
-0.00445787
-0.00456075
-0.00466257
-0.00476337
-0.00486346
-0.00496274
-0.00506049
-0.00515657
-0.00525191
-0.00534675
-0.00544035
-0.0055325
-0.00562341
-0.00571297
-0.00580086
-0.00588714
-0.00597179
-0.00605488
-0.00613638
-0.00621667
-0.00629573
-0.00637375
-0.00645059
-0.00652684
-0.00660207
-0.00667675
-0.00675048
-0.00682421
-0.00689712
-0.00697012
-0.0070424
-0.00711511
-0.00718731
-0.00726008
-0.0073328
-0.00740608
-0.00748001
-0.00755414
-0.00762986
-0.00770515
-0.00778313
-0.00785998
-0.00794042
-0.0080194
-0.00810217
-0.0081841
-0.00826879
-0.00835452
-0.00844085
-0.00853074
-0.00861911
-0.00871264
-0.00880437
-0.00890025
-0.0089969
-0.00909436
-0.00919611
-0.00929643
-0.00940121
-0.00950712
-0.00961277
-0.00972467
-0.00983292
-0.00994534
-0.0100611
-0.0101678
-0.0102846
-0.0103968
-0.0104809
-0.0105686
)
;

boundaryField
{
    zeroGradPlanes
    {
        type            zeroGradient;
    }
    inlet
    {
        type            zeroGradient;
    }
    plate
    {
        type            zeroGradient;
    }
    frontAndBack
    {
        type            empty;
    }
}


// ************************************************************************* //
