/*--------------------------------*- C++ -*----------------------------------*\
| =========                 |                                                 |
| \\      /  F ield         | OpenFOAM: The Open Source CFD Toolbox           |
|  \\    /   O peration     | Version:  v1906                                 |
|   \\  /    A nd           | Web:      www.OpenFOAM.com                      |
|    \\/     M anipulation  |                                                 |
\*---------------------------------------------------------------------------*/
FoamFile
{
    version     2.0;
    format      ascii;
    class       volScalarField;
    location    "1";
    object      p;
}
// * * * * * * * * * * * * * * * * * * * * * * * * * * * * * * * * * * * * * //

dimensions      [0 2 -2 0 0 0 0];


internalField   nonuniform List<scalar> 
4800
(
6.7498e-11
9.39266e-06
-4.82878e-05
-0.000143803
-0.00022438
-0.000296507
-0.000354617
-0.000425564
-0.000448136
-0.000454521
-0.000424794
-0.000390286
-0.000324243
-0.000182032
1.61012e-05
0.000268268
0.000622198
0.00113931
0.0017992
0.00251563
8.11037e-06
6.03734e-06
-4.5589e-05
-0.000146464
-0.000221273
-0.000299059
-0.00034996
-0.000426714
-0.000442956
-0.000455528
-0.000416849
-0.000391614
-0.000318205
-0.000185101
2.10348e-05
0.000261201
0.000624892
0.00108466
0.00158308
0.00211755
1.05882e-05
3.72202e-06
-4.44335e-05
-0.000147617
-0.00021969
-0.000299961
-0.000347525
-0.000426327
-0.000441759
-0.000452987
-0.000415609
-0.000389794
-0.000316739
-0.000185025
1.74075e-05
0.000245635
0.000569271
0.000961031
0.00137155
0.0018286
1.86159e-05
7.61724e-07
-4.28171e-05
-0.000148464
-0.000218978
-0.000299428
-0.000347106
-0.000423335
-0.000443709
-0.00044597
-0.00041487
-0.000385028
-0.000313346
-0.000183231
6.39402e-06
0.0002233
0.000500736
0.000814943
0.00116278
0.00158185
2.32376e-05
-1.5761e-06
-4.21011e-05
-0.000148296
-0.000219331
-0.000297352
-0.000348195
-0.000418668
-0.000444555
-0.000441746
-0.000409914
-0.000379981
-0.000311905
-0.000186595
-1.50255e-05
0.000174177
0.000391833
0.000641701
0.000965474
0.00135661
3.04172e-05
-2.57378e-06
-4.25551e-05
-0.000146632
-0.000221412
-0.000293282
-0.000349974
-0.000416123
-0.000439848
-0.000436909
-0.000403916
-0.00037537
-0.000313154
-0.000197622
-5.015e-05
8.83176e-05
0.000241575
0.000483165
0.000787516
0.00114883
3.60637e-05
-1.87348e-06
-4.44951e-05
-0.000143969
-0.000224846
-0.00028919
-0.000347466
-0.00041506
-0.000435829
-0.000429195
-0.000398971
-0.000371734
-0.000319889
-0.000223436
-0.000122156
-4.25713e-05
0.000110056
0.000345452
0.000622174
0.000946076
4.19035e-05
1.22723e-06
-4.68843e-05
-0.000142004
-0.000225551
-0.000290302
-0.000341667
-0.000409021
-0.00043264
-0.000422194
-0.000394856
-0.000372734
-0.000338111
-0.000285402
-0.000234467
-0.000147555
2.46387e-06
0.000212793
0.000453381
0.000740542
4.63588e-05
7.16462e-06
-4.87632e-05
-0.000142625
-0.000223033
-0.000290093
-0.000338418
-0.000398155
-0.000427192
-0.000417715
-0.000396597
-0.000389006
-0.000385883
-0.000378294
-0.000320694
-0.000229813
-0.000103308
7.08234e-05
0.000275989
0.000530971
5.10322e-05
1.31091e-05
-4.72932e-05
-0.000145061
-0.000220013
-0.000285266
-0.000336017
-0.000390201
-0.000418868
-0.000416416
-0.000409378
-0.000430399
-0.000469551
-0.000452976
-0.000386484
-0.00031061
-0.000216612
-8.09227e-05
9.04848e-05
0.000318755
5.47991e-05
1.89865e-05
-4.16465e-05
-0.000145381
-0.000221799
-0.000276893
-0.000328466
-0.000385647
-0.000415299
-0.000420203
-0.000445503
-0.000505242
-0.000534445
-0.000509732
-0.000455028
-0.000401193
-0.000339005
-0.000240756
-0.000100747
0.000104974
5.88012e-05
2.42149e-05
-3.31407e-05
-0.000140417
-0.00022611
-0.000272133
-0.000314957
-0.000379969
-0.000425442
-0.000446352
-0.000498693
-0.00056258
-0.000590014
-0.000570751
-0.000532406
-0.000502567
-0.000470396
-0.000406405
-0.000295983
-0.000109955
6.31438e-05
2.90806e-05
-2.49909e-05
-0.000128965
-0.000223389
-0.000275448
-0.000308244
-0.000372762
-0.000449799
-0.000501553
-0.000547538
-0.000606251
-0.000643336
-0.000637681
-0.000618731
-0.000613242
-0.000609159
-0.000576192
-0.000493066
-0.00032435
6.79963e-05
3.50702e-05
-1.84994e-05
-0.000113353
-0.000211148
-0.000280546
-0.000318821
-0.000378417
-0.000476943
-0.000554186
-0.000601433
-0.000654971
-0.000700651
-0.00071128
-0.000712355
-0.000731329
-0.000754782
-0.000750382
-0.000690946
-0.000537279
7.36968e-05
4.28178e-05
-1.18598e-05
-0.000101445
-0.000191268
-0.000276908
-0.000347417
-0.000415698
-0.00050289
-0.000589467
-0.00064998
-0.00070893
-0.000764991
-0.000792646
-0.00081373
-0.000856867
-0.000907179
-0.000928915
-0.000889858
-0.000748898
7.89259e-05
5.30557e-05
-9.28207e-07
-9.45743e-05
-0.000177563
-0.00026803
-0.00037187
-0.000468681
-0.000553594
-0.000627405
-0.000690444
-0.00076186
-0.00083457
-0.000881985
-0.000922966
-0.000988788
-0.00106473
-0.00111083
-0.00109002
-0.000959625
8.68886e-05
6.22611e-05
1.45851e-05
-8.66479e-05
-0.000177922
-0.000266623
-0.000389516
-0.000516215
-0.000612467
-0.000680279
-0.000737488
-0.000814352
-0.000906833
-0.000977659
-0.00103969
-0.00112588
-0.00122541
-0.00129473
-0.00129143
-0.0011701
9.80363e-05
7.0767e-05
2.80177e-05
-7.38533e-05
-0.000188319
-0.000281391
-0.000405723
-0.000550125
-0.000668276
-0.000745254
-0.000798914
-0.00087594
-0.000983031
-0.00107892
-0.00116338
-0.0012681
-0.00138818
-0.0014798
-0.00149393
-0.00138083
0.000111996
8.16878e-05
3.72889e-05
-6.09517e-05
-0.000197288
-0.000314957
-0.000435407
-0.000580497
-0.000713186
-0.000808487
-0.000872579
-0.000950389
-0.00106735
-0.0011855
-0.00129327
-0.00141597
-0.00155379
-0.00166548
-0.00169634
-0.00159102
0.000127983
9.59999e-05
4.3078e-05
-5.75203e-05
-0.000205156
-0.000348326
-0.000480376
-0.000619304
-0.000753188
-0.000865423
-0.000947898
-0.00103545
-0.00116138
-0.00129847
-0.00142893
-0.00156943
-0.00172251
-0.00185092
-0.00189688
-0.00179955
0.000146054
0.000112886
4.75102e-05
-6.49533e-05
-0.000219979
-0.000378562
-0.00052569
-0.000668689
-0.000800551
-0.000921745
-0.00102305
-0.0011254
-0.00126437
-0.00141865
-0.00156999
-0.00172757
-0.00189391
-0.00203615
-0.00209522
-0.00200612
0.000165891
0.000130221
5.06038e-05
-7.8629e-05
-0.000244569
-0.000410412
-0.000568925
-0.000720317
-0.000856019
-0.000984182
-0.00110088
-0.0012188
-0.00137283
-0.00154567
-0.00171604
-0.00188968
-0.00206774
-0.00222151
-0.00229173
-0.00221039
0.000186924
0.000146883
5.12594e-05
-9.55933e-05
-0.000275963
-0.000450454
-0.000613471
-0.000772604
-0.000916111
-0.00105299
-0.00118459
-0.0013168
-0.00148458
-0.00167665
-0.00186647
-0.00205529
-0.00224351
-0.00240633
-0.00248583
-0.00241132
0.000207982
0.000162088
4.91075e-05
-0.000115334
-0.000310767
-0.0004958
-0.000663178
-0.000827102
-0.000979592
-0.00112702
-0.00127376
-0.00142144
-0.00160097
-0.00180974
-0.00201923
-0.00222351
-0.0024209
-0.00259024
-0.00267679
-0.00260786
0.000227718
0.00017515
4.42521e-05
-0.00013776
-0.000347401
-0.000544652
-0.000718444
-0.000886324
-0.00104698
-0.00120603
-0.00136769
-0.00153184
-0.00172335
-0.00194528
-0.00217238
-0.00239239
-0.00259922
-0.00277342
-0.00286459
-0.00279971
0.000245012
0.000185337
3.70629e-05
-0.000162158
-0.000385736
-0.000596197
-0.000778801
-0.000951124
-0.00111859
-0.00128977
-0.00146627
-0.00164612
-0.00185111
-0.00208431
-0.00232572
-0.00256014
-0.0027766
-0.00295521
-0.00304917
-0.00298683
0.000258693
0.000191913
2.76353e-05
-0.000188392
-0.000425538
-0.000649285
-0.000842849
-0.00102198
-0.00119543
-0.0013772
-0.00156968
-0.00176448
-0.00198191
-0.00222621
-0.00247909
-0.00272566
-0.00295098
-0.00313426
-0.00323047
-0.00316971
0.000267867
0.000194377
1.56411e-05
-0.000216287
-0.000466359
-0.00070335
-0.000909337
-0.00109785
-0.00127881
-0.00146854
-0.00167584
-0.00188689
-0.00211453
-0.00236888
-0.00263226
-0.00288904
-0.00312214
-0.00330957
-0.00340796
-0.00334815
0.000271787
0.000192135
9.39157e-07
-0.000245662
-0.000508063
-0.000758027
-0.000977532
-0.00117674
-0.00136751
-0.00156523
-0.00178324
-0.00201096
-0.00224955
-0.00251153
-0.00278435
-0.00304984
-0.00328992
-0.00348046
-0.00358022
-0.00352079
0.000269513
0.000184711
-1.65448e-05
-0.000276197
-0.000550533
-0.000812758
-0.00104633
-0.00125785
-0.00145915
-0.00166664
-0.00189336
-0.00213438
-0.0023858
-0.00265413
-0.00293391
-0.00320664
-0.003453
-0.00364662
-0.00374672
-0.003687
0.000261019
0.000171756
-3.72318e-05
-0.000307692
-0.000593296
-0.000867281
-0.00111443
-0.00133991
-0.00155267
-0.00177009
-0.00200614
-0.00225722
-0.00252041
-0.00279598
-0.00308047
-0.0033588
-0.00361013
-0.00380722
-0.00390754
-0.00384686
0.000245746
0.0001529
-6.15041e-05
-0.000340032
-0.000635512
-0.000921028
-0.00118123
-0.0014205
-0.00164679
-0.00187437
-0.00211912
-0.00237933
-0.00265184
-0.002935
-0.00322348
-0.00350564
-0.00376045
-0.00396032
-0.00406148
-0.00399979
0.000223427
0.000128044
-8.94369e-05
-0.000373132
-0.000676383
-0.000972645
-0.00124611
-0.0014985
-0.00173855
-0.00197834
-0.00223099
-0.00249897
-0.00277918
-0.00306863
-0.00336107
-0.00364605
-0.0039034
-0.00410477
-0.00420663
-0.00414422
0.00019395
9.73043e-05
-0.000120832
-0.000406736
-0.000715353
-0.00102071
-0.00130722
-0.00157329
-0.00182621
-0.00207846
-0.00234007
-0.00261468
-0.00290126
-0.00319555
-0.00349117
-0.00377853
-0.00403791
-0.00423986
-0.00434127
-0.00427778
0.000157431
6.07468e-05
-0.000155281
-0.000440172
-0.000751638
-0.00106455
-0.00136245
-0.00164233
-0.00190892
-0.00217225
-0.00244302
-0.00272501
-0.00301692
-0.00331513
-0.00361259
-0.00390115
-0.00416203
-0.00436448
-0.00446494
-0.00439957
0.000114649
1.88878e-05
-0.000192645
-0.0004731
-0.000784083
-0.00110266
-0.00141076
-0.0017027
-0.00198312
-0.00225876
-0.00253737
-0.00282643
-0.003124
-0.00342604
-0.0037252
-0.00401324
-0.00427438
-0.00447729
-0.00457734
-0.00451012
6.72698e-05
-2.70505e-05
-0.00023252
-0.000506355
-0.000813395
-0.00113358
-0.00145046
-0.00175326
-0.00204448
-0.00233367
-0.00262142
-0.00291519
-0.00321816
-0.00352386
-0.00382567
-0.0041135
-0.00437381
-0.00457688
-0.00467686
-0.00460852
1.86937e-05
-7.43556e-05
-0.000273454
-0.000539991
-0.000842468
-0.00116185
-0.00148328
-0.00179495
-0.00209306
-0.00239116
-0.00268996
-0.00298863
-0.00329493
-0.0036041
-0.00390854
-0.00419712
-0.0044559
-0.00465912
-0.00476112
-0.00469623
-2.66898e-05
-0.000117846
-0.000311372
-0.000570614
-0.000868019
-0.00118611
-0.00150858
-0.0018264
-0.00213112
-0.00243033
-0.00273384
-0.00303549
-0.00333724
-0.00364201
-0.00394268
-0.00422741
-0.0044789
-0.00467397
-0.00477024
-0.00470327
-6.91409e-05
-0.000162226
-0.000354226
-0.000610067
-0.000904957
-0.00122397
-0.00154922
-0.00187289
-0.00218735
-0.00249172
-0.00279787
-0.00310344
-0.00340175
-0.00369629
-0.00398322
-0.00425136
-0.00448219
-0.00464918
-0.0047134
-0.00461832
0.00329207
0.00348866
0.00337223
0.00324163
0.00313112
0.00298512
0.00275829
0.00245578
0.00211372
0.00176114
0.00140685
0.00105012
0.000689647
0.000327555
-3.84501e-05
-0.000411948
-0.000797323
-0.00121161
-0.00167339
-0.00218477
-0.00275221
-0.00339333
-0.00410611
-0.0048706
-0.00564864
-0.0063809
-0.0069814
-0.00736494
-0.00749588
-0.00739434
-0.00713271
-0.00680073
-0.00646657
-0.00616666
-0.00592464
-0.00574814
-0.00562934
-0.0055616
-0.00553482
-0.0055414
-0.00557264
-0.00562196
-0.00568401
-0.00575094
-0.00582657
-0.0059045
-0.00598262
-0.00606842
-0.0061498
-0.00622883
-0.00630731
-0.00638426
-0.00646512
-0.00654138
-0.00662181
-0.00670514
-0.00678475
-0.00686743
-0.00694542
-0.00702422
-0.00710551
-0.00718478
-0.00726946
-0.00734955
-0.00743268
-0.00752164
-0.00760085
-0.00767889
-0.00776095
-0.00784896
-0.00793282
-0.00801008
-0.00809939
-0.00817999
-0.00825025
-0.00834212
-0.00842697
-0.00849432
-0.00857961
-0.00865763
-0.00871627
-0.00879607
-0.00888622
-0.00894549
-0.00899811
-0.00907697
-0.0091542
-0.00920806
-0.00926581
-0.00933577
-0.00939816
-0.0094534
-0.00951364
-0.00957465
-0.00962894
-0.0096856
-0.00974309
-0.00979444
-0.00983978
-0.00988296
0.00269154
0.003118
0.00326632
0.00322413
0.0031122
0.00295214
0.00272189
0.00242311
0.00208543
0.00173542
0.00138224
0.00102606
0.000665955
0.000304422
-6.06581e-05
-0.000433171
-0.000817179
-0.00122924
-0.00168868
-0.00219751
-0.00276093
-0.00339609
-0.00410093
-0.00485429
-0.00561963
-0.00634051
-0.00693591
-0.00732409
-0.00746421
-0.0073715
-0.00711621
-0.0067883
-0.00645616
-0.00615806
-0.00591757
-0.00574215
-0.00562399
-0.00555671
-0.00553027
-0.00553712
-0.00556864
-0.00561816
-0.00568041
-0.00574758
-0.00582346
-0.00590156
-0.00597982
-0.00606583
-0.00614736
-0.00622655
-0.00630519
-0.00638229
-0.00646332
-0.00653967
-0.00662022
-0.00670366
-0.00678335
-0.00686616
-0.00694419
-0.00702308
-0.00710448
-0.00718377
-0.00726853
-0.00734864
-0.00743183
-0.00752088
-0.0076001
-0.00767819
-0.00776027
-0.00784833
-0.00793225
-0.0080095
-0.00809889
-0.00817953
-0.00824974
-0.0083417
-0.00842661
-0.00849391
-0.00857927
-0.00865735
-0.00871594
-0.00879578
-0.00888602
-0.00894528
-0.00899786
-0.00907678
-0.00915406
-0.0092079
-0.00926565
-0.00933565
-0.00939806
-0.00945329
-0.00951355
-0.00957458
-0.00962886
-0.00968553
-0.00974304
-0.0097944
-0.00983975
-0.00988295
0.0023714
0.00290252
0.00321112
0.0032567
0.00314681
0.00296006
0.00270902
0.00240154
0.0020617
0.00171096
0.00135657
0.000998862
0.000637446
0.000274983
-9.01975e-05
-0.000462146
-0.000845213
-0.00125501
-0.00171103
-0.00221647
-0.0027744
-0.00339952
-0.00408944
-0.00482101
-0.00555863
-0.00625123
-0.00682713
-0.00721156
-0.00736613
-0.00730002
-0.00707087
-0.00676131
-0.00644034
-0.00614879
-0.00591366
-0.00574223
-0.00562617
-0.00555951
-0.00553291
-0.00553929
-0.00557014
-0.00561907
-0.0056809
-0.00574761
-0.00582321
-0.00590107
-0.00597901
-0.00606478
-0.00614603
-0.00622505
-0.00630362
-0.00638066
-0.00646176
-0.00653813
-0.00661868
-0.00670214
-0.00678176
-0.00686457
-0.00694265
-0.00702161
-0.00710311
-0.00718247
-0.00726733
-0.00734745
-0.00743063
-0.00751976
-0.00759903
-0.0076772
-0.00775934
-0.00784744
-0.00793139
-0.00800865
-0.00809815
-0.00817885
-0.00824906
-0.00834109
-0.00842603
-0.00849331
-0.00857878
-0.00865692
-0.00871548
-0.00879537
-0.00888568
-0.00894495
-0.00899754
-0.00907652
-0.00915384
-0.00920767
-0.00926545
-0.00933549
-0.00939791
-0.00945315
-0.00951343
-0.00957448
-0.00962877
-0.00968546
-0.00974299
-0.00979437
-0.00983982
-0.00988305
0.00210206
0.00267126
0.00307513
0.00320878
0.00313605
0.00294746
0.00268162
0.00236329
0.0020199
0.00166981
0.00131668
0.000959382
0.000597691
0.000235058
-0.000129541
-0.000500635
-0.000882708
-0.0012893
-0.00174054
-0.00224133
-0.00279164
-0.00340242
-0.00407146
-0.00477694
-0.00548303
-0.00614377
-0.00669683
-0.00707662
-0.00724714
-0.00721129
-0.00701337
-0.00672699
-0.00642065
-0.00613784
-0.00590822
-0.00574029
-0.00562602
-0.00555987
-0.00553307
-0.00553889
-0.00556903
-0.00561745
-0.00567879
-0.00574513
-0.00582066
-0.00589842
-0.00597625
-0.00606182
-0.00614274
-0.00622166
-0.0063003
-0.00637739
-0.00645869
-0.00653529
-0.00661598
-0.00669946
-0.00677901
-0.00686191
-0.00694017
-0.00701918
-0.00710082
-0.00718046
-0.00726546
-0.00734558
-0.00742876
-0.0075179
-0.00759726
-0.00767561
-0.00775783
-0.00784593
-0.00792987
-0.00800711
-0.0080967
-0.00817758
-0.00824783
-0.00833983
-0.00842476
-0.00849208
-0.00857763
-0.00865589
-0.00871452
-0.00879438
-0.00888471
-0.0089441
-0.0089968
-0.00907578
-0.00915311
-0.00920703
-0.00926489
-0.00933497
-0.00939742
-0.00945271
-0.00951304
-0.00957414
-0.00962847
-0.0096852
-0.00974277
-0.00979421
-0.00983989
-0.00988319
0.00185534
0.00243596
0.0029034
0.00311988
0.00310643
0.00293671
0.0026663
0.00233653
0.00198418
0.00163018
0.00127658
0.000919366
0.000557081
0.000194302
-0.00016926
-0.000539236
-0.000920159
-0.00132309
-0.00176873
-0.00226385
-0.00280515
-0.00339917
-0.00404433
-0.00472118
-0.00539562
-0.0060255
-0.00655663
-0.0069319
-0.00711737
-0.00711101
-0.00694619
-0.00668642
-0.00639767
-0.00612529
-0.00590131
-0.0057365
-0.00562401
-0.00555874
-0.00553214
-0.00553772
-0.00556739
-0.0056154
-0.00567633
-0.00574241
-0.00581791
-0.00589562
-0.00597331
-0.00605858
-0.00613904
-0.00621779
-0.00629651
-0.00637357
-0.00645497
-0.00653185
-0.00661267
-0.00669614
-0.00677552
-0.00685843
-0.00693692
-0.0070159
-0.00709769
-0.00717775
-0.00726284
-0.00734299
-0.00742615
-0.00751515
-0.00759468
-0.00767332
-0.00775557
-0.00784365
-0.00792759
-0.00800473
-0.00809442
-0.0081756
-0.00824592
-0.00833776
-0.0084227
-0.00849009
-0.00857565
-0.00865414
-0.00871298
-0.00879268
-0.00888292
-0.00894263
-0.00899555
-0.00907444
-0.00915176
-0.00920588
-0.00926387
-0.00933399
-0.0093965
-0.00945189
-0.00951229
-0.00957346
-0.00962787
-0.00968466
-0.00974232
-0.00979383
-0.00983987
-0.00988331
0.00162293
0.00220467
0.0027205
0.00300777
0.00305893
0.00292399
0.00266022
0.00232029
0.00195425
0.0015912
0.00123455
0.000876977
0.000514133
0.000150972
-0.000211341
-0.000579344
-0.0009586
-0.00135772
-0.0017967
-0.00228451
-0.00281552
-0.00339168
-0.00401187
-0.00466004
-0.00530411
-0.00590476
-0.00641476
-0.00678499
-0.00698368
-0.00700488
-0.00687304
-0.00664155
-0.00637261
-0.00611208
-0.00589414
-0.00573233
-0.00562146
-0.00555711
-0.00553086
-0.00553633
-0.00556562
-0.00561326
-0.00567387
-0.00573966
-0.00581511
-0.00589276
-0.00597014
-0.00605504
-0.00613502
-0.00621349
-0.00629226
-0.00636927
-0.0064508
-0.00652797
-0.00660885
-0.00669237
-0.00677152
-0.0068543
-0.00693309
-0.00701209
-0.00709402
-0.00717452
-0.00725976
-0.00733994
-0.00742299
-0.00751179
-0.00759156
-0.00767054
-0.0077528
-0.00784081
-0.00792473
-0.00800176
-0.00809151
-0.00817308
-0.00824347
-0.00833505
-0.00842
-0.00848748
-0.00857298
-0.00865176
-0.00871092
-0.00879034
-0.00888039
-0.00894058
-0.00899382
-0.00907251
-0.00914979
-0.00920423
-0.00926239
-0.00933252
-0.00939511
-0.00945066
-0.00951114
-0.0095724
-0.00962693
-0.00968381
-0.00974159
-0.00979322
-0.00983971
-0.00988334
0.00139548
0.00197789
0.00253106
0.00287798
0.0029911
0.00289957
0.00265306
0.00230894
0.00192906
0.00155347
0.00119033
0.000830972
0.000467485
0.000103594
-0.000257573
-0.000622469
-0.000999113
-0.00139422
-0.00182544
-0.00230397
-0.00282372
-0.00338179
-0.00397646
-0.00459586
-0.00521044
-0.00578323
-0.00627272
-0.00663689
-0.00684636
-0.00689272
-0.00679317
-0.00659134
-0.00634456
-0.00609766
-0.00588654
-0.00572791
-0.00561848
-0.00555488
-0.00552897
-0.00553435
-0.00556326
-0.0056106
-0.00567103
-0.00573651
-0.00581192
-0.00588958
-0.00596662
-0.0060511
-0.00613062
-0.00620872
-0.00628751
-0.0063645
-0.00644619
-0.00652367
-0.00660457
-0.00668816
-0.00676715
-0.00684971
-0.00692878
-0.00700792
-0.00709
-0.00717094
-0.00725637
-0.00733655
-0.00741945
-0.00750807
-0.0075881
-0.00766744
-0.0077497
-0.00783762
-0.00792152
-0.00799842
-0.00808822
-0.00817022
-0.0082407
-0.00833194
-0.00841689
-0.00848448
-0.00856988
-0.00864901
-0.00870854
-0.00878759
-0.00887738
-0.00893818
-0.00899177
-0.00907017
-0.0091474
-0.00920226
-0.00926058
-0.0093307
-0.00939339
-0.00944914
-0.00950969
-0.00957107
-0.00962576
-0.00968272
-0.00974064
-0.00979244
-0.0098394
-0.00988327
0.00116804
0.00175182
0.0023362
0.00273519
0.00290498
0.00286064
0.00263907
0.00229824
0.0019075
0.00151767
0.00114427
0.000780732
0.00041654
5.23728e-05
-0.000307756
-0.000669127
-0.00104177
-0.00143186
-0.00185427
-0.00232178
-0.00282935
-0.00336928
-0.00393822
-0.00452874
-0.00511453
-0.00566065
-0.00613004
-0.006487
-0.0067051
-0.00677444
-0.00670618
-0.006535
-0.00631234
-0.00608106
-0.00587802
-0.00572301
-0.0056149
-0.00555171
-0.005526
-0.00553132
-0.00555995
-0.00560713
-0.00566755
-0.00573287
-0.00580822
-0.00588601
-0.00596278
-0.00604676
-0.00612575
-0.00620343
-0.00628225
-0.00635928
-0.00644115
-0.00651901
-0.00659991
-0.00668353
-0.00676245
-0.0068448
-0.0069241
-0.00700338
-0.00708567
-0.00716712
-0.00725267
-0.00733286
-0.00741565
-0.00750406
-0.00758435
-0.00766409
-0.00774633
-0.00783416
-0.00791804
-0.00799479
-0.00808463
-0.00816712
-0.00823769
-0.00832852
-0.00841348
-0.00848122
-0.0085665
-0.00864597
-0.0087059
-0.00878456
-0.00887407
-0.00893552
-0.0089895
-0.00906758
-0.00914475
-0.00920006
-0.00925856
-0.00932866
-0.00939147
-0.00944742
-0.00950807
-0.00956955
-0.00962442
-0.00968149
-0.00973955
-0.00979154
-0.00983899
-0.00988315
0.000939833
0.00152605
0.00213866
0.00258417
0.00280423
0.00280541
0.0026141
0.00228349
0.00188697
0.00148396
0.00109818
0.000727709
0.000362147
-1.52677e-06
-0.000360916
-0.000719253
-0.00108642
-0.00146972
-0.00188257
-0.00233816
-0.00283232
-0.00335364
-0.00389691
-0.00445857
-0.00501617
-0.00553696
-0.005987
-0.00633589
-0.00656071
-0.00665072
-0.00661214
-0.00647181
-0.00627483
-0.00606119
-0.00586784
-0.00571721
-0.0056106
-0.00554768
-0.00552199
-0.00552732
-0.00555581
-0.00560285
-0.00566341
-0.00572872
-0.00580404
-0.005882
-0.00595855
-0.00604202
-0.00612041
-0.00619765
-0.00627659
-0.00635368
-0.00643575
-0.00651408
-0.00659497
-0.00667853
-0.00675735
-0.00683957
-0.00691913
-0.00699845
-0.007081
-0.00716305
-0.00724871
-0.00732888
-0.0074116
-0.00749977
-0.00758031
-0.00766047
-0.00774268
-0.00783042
-0.00791432
-0.00799088
-0.00808074
-0.00816379
-0.00823446
-0.00832484
-0.0084098
-0.00847773
-0.00856286
-0.00864267
-0.00870305
-0.00878131
-0.00887051
-0.00893264
-0.00898704
-0.00906476
-0.00914188
-0.00919768
-0.00925637
-0.00932644
-0.00938938
-0.00944555
-0.0095063
-0.00956789
-0.00962296
-0.00968014
-0.00973836
-0.00979056
-0.0098385
-0.00988299
0.000713041
0.0013029
0.00194078
0.00242684
0.00269098
0.00273422
0.00257618
0.00226227
0.00186588
0.00145261
0.00105381
0.000673753
0.000304978
-5.78654e-05
-0.000416355
-0.00077233
-0.00113344
-0.00150812
-0.0019104
-0.00235324
-0.00283238
-0.00333434
-0.0038525
-0.00438598
-0.00491611
-0.00541262
-0.0058438
-0.00618378
-0.00641328
-0.00652136
-0.00651069
-0.00640096
-0.00623109
-0.00603742
-0.0058559
-0.00571093
-0.00560614
-0.00554341
-0.00551735
-0.00552233
-0.00555065
-0.00559745
-0.00565828
-0.00572387
-0.00579934
-0.00587758
-0.00595394
-0.00603701
-0.00611485
-0.00619149
-0.00627053
-0.00634774
-0.00642995
-0.00650876
-0.00658968
-0.00667317
-0.00675184
-0.00683394
-0.00691391
-0.00699329
-0.00707591
-0.00715862
-0.00724454
-0.0073246
-0.0074072
-0.00749518
-0.00757597
-0.00765658
-0.00773875
-0.00782638
-0.00791035
-0.00798673
-0.00807655
-0.00816017
-0.00823101
-0.0083209
-0.00840584
-0.00847398
-0.00855897
-0.00863911
-0.00869999
-0.00877784
-0.00886668
-0.00892954
-0.00898442
-0.00906174
-0.0091388
-0.00919513
-0.00925402
-0.00932405
-0.00938714
-0.00944353
-0.0095044
-0.00956611
-0.0096214
-0.00967869
-0.00973708
-0.00978951
-0.00983792
-0.00988279
0.000488122
0.00108232
0.00174242
0.00226365
0.00256729
0.00264926
0.00252516
0.00223268
0.00184149
0.00142153
0.001011
0.000620191
0.000246064
-0.000116583
-0.000473391
-0.000827278
-0.00118281
-0.00154767
-0.00193767
-0.00236657
-0.00282968
-0.00331196
-0.00380561
-0.00431155
-0.00481462
-0.00528738
-0.00570009
-0.00603076
-0.00626336
-0.00638726
-0.00640278
-0.00632306
-0.00618127
-0.00600949
-0.00584165
-0.00570367
-0.00560113
-0.00553843
-0.00551172
-0.00551603
-0.00554417
-0.00559097
-0.00565233
-0.00571849
-0.0057942
-0.0058728
-0.00594886
-0.00603149
-0.00610896
-0.00618486
-0.00626391
-0.00634137
-0.00642369
-0.00650302
-0.00658406
-0.00666752
-0.006746
-0.00682782
-0.00690831
-0.0069879
-0.00707037
-0.00715372
-0.00724011
-0.00732007
-0.00740244
-0.00749026
-0.00757134
-0.0076524
-0.00773453
-0.00782202
-0.00790609
-0.00798232
-0.00807204
-0.00815624
-0.00822733
-0.00831672
-0.00840158
-0.00846994
-0.00855481
-0.0086353
-0.00869671
-0.00877411
-0.00886257
-0.00892622
-0.00898161
-0.0090585
-0.00913548
-0.00919239
-0.00925151
-0.00932148
-0.00938474
-0.00944137
-0.00950237
-0.00956419
-0.00961971
-0.00967714
-0.0097357
-0.00978838
-0.00983726
-0.00988254
0.000264917
0.000864071
0.00154412
0.00209637
0.0024352
0.00255196
0.00246055
0.00219276
0.0018111
0.00138815
0.000968488
0.000567779
0.000186568
-0.000177753
-0.000532303
-0.00088342
-0.00123415
-0.00158928
-0.00196506
-0.00237797
-0.00282425
-0.0032869
-0.00375607
-0.00423462
-0.00471153
-0.00516153
-0.00555651
-0.00587778
-0.0061122
-0.00624966
-0.00628911
-0.00623832
-0.00612476
-0.00597621
-0.00582378
-0.0056945
-0.00559537
-0.00553295
-0.00550561
-0.00550901
-0.00553672
-0.00558354
-0.00564545
-0.00571213
-0.00578814
-0.00586733
-0.00594321
-0.00602538
-0.0061027
-0.00617792
-0.00625683
-0.00633455
-0.00641703
-0.00649687
-0.00657801
-0.00666144
-0.00673977
-0.00682117
-0.00690209
-0.00698212
-0.00706456
-0.00714841
-0.00723529
-0.00731526
-0.00739734
-0.00748492
-0.00756638
-0.00764793
-0.00772997
-0.00781731
-0.00790151
-0.00797759
-0.00806721
-0.008152
-0.00822338
-0.00831225
-0.00839702
-0.0084656
-0.00855036
-0.00863123
-0.00869321
-0.00877014
-0.00885816
-0.00892265
-0.00897861
-0.00905502
-0.00913193
-0.00918946
-0.00924882
-0.00931872
-0.00938216
-0.00943905
-0.00950018
-0.00956213
-0.0096179
-0.00967548
-0.00973421
-0.00978717
-0.0098365
-0.00988221
4.41476e-05
0.000648157
0.00134586
0.00192553
0.00229557
0.00244331
0.00238248
0.00214122
0.0017734
0.00135094
0.000924959
0.000516217
0.00012776
-0.000240245
-0.000593137
-0.000940124
-0.00128621
-0.00163251
-0.00199275
-0.00238702
-0.00281552
-0.00325953
-0.00370455
-0.00415575
-0.00460765
-0.00503615
-0.00541384
-0.00572513
-0.00596017
-0.00610911
-0.00617004
-0.00614664
-0.00606103
-0.00593676
-0.00580172
-0.00568311
-0.0055889
-0.00552735
-0.00549909
-0.00550116
-0.00552798
-0.00557457
-0.00563719
-0.00570462
-0.00578117
-0.00586137
-0.00593727
-0.00601879
-0.00609588
-0.0061706
-0.00624935
-0.00632721
-0.00640981
-0.00649017
-0.00657145
-0.00665486
-0.00673317
-0.00681415
-0.00689532
-0.00697589
-0.00705856
-0.00714279
-0.00722997
-0.00731004
-0.00739191
-0.00747915
-0.00756103
-0.00764319
-0.00772509
-0.00781224
-0.0078966
-0.00797253
-0.00806204
-0.0081475
-0.00821915
-0.00830744
-0.00839214
-0.008461
-0.0085456
-0.00862684
-0.00868945
-0.00876588
-0.00885344
-0.00891884
-0.00897541
-0.00905129
-0.00912811
-0.00918632
-0.00924594
-0.00931576
-0.0093794
-0.00943656
-0.00949784
-0.00955993
-0.00961596
-0.00967371
-0.0097326
-0.00978586
-0.00983564
-0.0098818
-0.000174174
0.000433863
0.00114675
0.00175112
0.00214973
0.00232562
0.00229265
0.00207794
0.00172738
0.00130887
0.000879082
0.000464467
7.01471e-05
-0.000302634
-0.000655472
-0.000997056
-0.00133723
-0.00167598
-0.00202129
-0.0023951
-0.00280426
-0.00323034
-0.00365218
-0.00407568
-0.00450257
-0.00491068
-0.00527188
-0.00557287
-0.00580752
-0.00596638
-0.00604651
-0.00604853
-0.00599013
-0.00589099
-0.00577507
-0.00566858
-0.00558067
-0.00552091
-0.00549173
-0.00549221
-0.00551813
-0.00556429
-0.00562778
-0.00569634
-0.00577331
-0.00585458
-0.00593074
-0.00601144
-0.00608823
-0.00616258
-0.00624135
-0.00631943
-0.006402
-0.00648301
-0.00656455
-0.00664782
-0.00672611
-0.00680671
-0.00688799
-0.00696904
-0.00705204
-0.00713685
-0.00722428
-0.00730432
-0.00738609
-0.00747306
-0.0075553
-0.00763813
-0.0077199
-0.00780676
-0.00789133
-0.00796712
-0.00805652
-0.0081427
-0.00821463
-0.00830225
-0.0083869
-0.00845612
-0.00854051
-0.0086221
-0.00868545
-0.00876138
-0.00884839
-0.00891475
-0.00897199
-0.0090473
-0.00912402
-0.00918298
-0.00924287
-0.00931258
-0.00937645
-0.00943391
-0.00949533
-0.00955757
-0.00961387
-0.00967183
-0.00973088
-0.00978445
-0.00983467
-0.0098813
-0.000390417
0.000220857
0.000946549
0.00157339
0.00199885
0.00220056
0.0021922
0.00200222
0.00167126
0.00126053
0.000829396
0.000411034
1.28502e-05
-0.00036401
-0.000717965
-0.00105437
-0.00138716
-0.00171918
-0.00205143
-0.00240383
-0.00279091
-0.00319814
-0.00359856
-0.00399489
-0.00439602
-0.00478485
-0.00513148
-0.00542222
-0.005655
-0.00582219
-0.0059196
-0.00594495
-0.00591234
-0.00583857
-0.00574289
-0.00564979
-0.00556978
-0.00551326
-0.00548395
-0.00548283
-0.00550757
-0.00555301
-0.00561699
-0.00568689
-0.00576422
-0.00584646
-0.00592335
-0.00600341
-0.00607992
-0.00615388
-0.0062328
-0.00631143
-0.00639386
-0.0064753
-0.00655714
-0.0066401
-0.00671831
-0.00679868
-0.0068802
-0.00696169
-0.00704496
-0.00713057
-0.00721845
-0.00729817
-0.00737968
-0.00746656
-0.00754918
-0.00763266
-0.00771434
-0.00780087
-0.00788567
-0.00796139
-0.00805058
-0.00813751
-0.00820985
-0.00829673
-0.00838128
-0.00845093
-0.00853511
-0.00861702
-0.00868117
-0.00875659
-0.00884298
-0.00891037
-0.00896836
-0.00904303
-0.00911965
-0.00917941
-0.00923958
-0.00930919
-0.00937329
-0.00943107
-0.00949265
-0.00955504
-0.00961163
-0.00966981
-0.00972902
-0.00978291
-0.00983358
-0.00988068
-0.000604747
9.38055e-06
0.000745663
0.00139217
0.00184294
0.002069
0.00208252
0.00191462
0.001604
0.00120491
0.000775657
0.000355306
-4.50433e-05
-0.000424134
-0.000779397
-0.00111216
-0.00143659
-0.00176067
-0.0020815
-0.00241317
-0.00277582
-0.00316234
-0.00354346
-0.00391515
-0.00428993
-0.00465938
-0.00499322
-0.00527405
-0.0055032
-0.00567698
-0.00579009
-0.00583672
-0.00582788
-0.00577884
-0.00570434
-0.00562614
-0.00555574
-0.00550395
-0.00547556
-0.00547297
-0.00549599
-0.00554061
-0.00560485
-0.00567605
-0.00575407
-0.00583711
-0.005915
-0.00599481
-0.006071
-0.00614448
-0.00622334
-0.00630284
-0.0063854
-0.00646695
-0.00654908
-0.00663179
-0.00670992
-0.00679023
-0.00687201
-0.00695399
-0.00703738
-0.00712358
-0.00721222
-0.00729177
-0.00737269
-0.00745947
-0.00754274
-0.00762688
-0.00770837
-0.00779458
-0.00787966
-0.0079553
-0.00804417
-0.00813191
-0.00820484
-0.00829093
-0.0083752
-0.00844533
-0.00852938
-0.00861162
-0.00867656
-0.00875146
-0.00883722
-0.00890571
-0.00896447
-0.00903845
-0.00911496
-0.00917561
-0.00923607
-0.00930554
-0.00936991
-0.00942803
-0.00948977
-0.00955234
-0.00960923
-0.00966766
-0.00972702
-0.00978125
-0.00983238
-0.00987995
-0.000817262
-0.000200022
0.000545217
0.00120818
0.00168206
0.00193184
0.00196567
0.00181713
0.00152599
0.0011415
0.000717857
0.000296902
-0.000104521
-0.000483748
-0.00083924
-0.00116929
-0.00148525
-0.00179964
-0.00211002
-0.00242332
-0.00276074
-0.00312437
-0.00348721
-0.00383733
-0.00418572
-0.00453399
-0.0048559
-0.00512834
-0.00535284
-0.00553111
-0.00565817
-0.00572458
-0.0057377
-0.0057121
-0.00565949
-0.00559754
-0.00553792
-0.00549205
-0.00546573
-0.00546248
-0.00548358
-0.00552721
-0.00559166
-0.0056638
-0.00574274
-0.00582663
-0.0059054
-0.00598516
-0.00606121
-0.00613431
-0.00621282
-0.00629344
-0.00637679
-0.00645834
-0.00654049
-0.0066229
-0.00670093
-0.00678117
-0.00686305
-0.00694568
-0.00702936
-0.00711585
-0.00720541
-0.00728533
-0.0073654
-0.00745164
-0.00753577
-0.00762079
-0.00770197
-0.00778783
-0.00787329
-0.00794882
-0.00803729
-0.00812589
-0.00819951
-0.00828477
-0.00836867
-0.00843929
-0.0085233
-0.00860591
-0.00867166
-0.00874598
-0.00883107
-0.00890075
-0.00896035
-0.00903356
-0.00910996
-0.00917157
-0.00923233
-0.00930164
-0.00936631
-0.0094248
-0.0094867
-0.00954946
-0.00960666
-0.00966536
-0.00972488
-0.00977944
-0.00983104
-0.00987908
-0.00102821
-0.000406878
0.000346409
0.00102294
0.00151678
0.00178939
0.00184288
0.00171155
0.00143821
0.0010694
0.00065452
0.000234917
-0.000166437
-0.000543606
-0.000897311
-0.00122462
-0.0015328
-0.00183636
-0.00213588
-0.00243345
-0.00274703
-0.00308597
-0.00342945
-0.00376015
-0.00408418
-0.00440997
-0.00471941
-0.00498552
-0.00520556
-0.00538587
-0.00552465
-0.00560973
-0.0056433
-0.00563901
-0.00560767
-0.00556287
-0.00551523
-0.00547654
-0.00545369
-0.00545102
-0.00547066
-0.00551307
-0.00557757
-0.00565055
-0.00573016
-0.00581485
-0.00589437
-0.00597393
-0.0060503
-0.00612357
-0.00620162
-0.0062832
-0.00636764
-0.00644935
-0.0065314
-0.00661334
-0.0066912
-0.00677138
-0.00685331
-0.0069368
-0.00702111
-0.0071077
-0.00719784
-0.00727842
-0.00735791
-0.00744323
-0.00752804
-0.00761431
-0.00769529
-0.0077806
-0.00786647
-0.00794196
-0.00802992
-0.00811936
-0.00819378
-0.00827828
-0.00836183
-0.00843288
-0.00851675
-0.00859983
-0.00866649
-0.00874011
-0.00882448
-0.0088955
-0.00895599
-0.00902831
-0.0091046
-0.00916727
-0.00922836
-0.00929747
-0.00936246
-0.00942135
-0.00948341
-0.00954637
-0.00960391
-0.0096629
-0.00972258
-0.00977747
-0.00982955
-0.00987805
-0.00123746
-0.000610833
0.000150104
0.000837864
0.00134809
0.00164143
0.00171451
0.00159924
0.00134187
0.000988069
0.000584004
0.000169113
-0.000230435
-0.000604085
-0.00095408
-0.00127797
-0.00157891
-0.00187111
-0.0021591
-0.0024428
-0.0027351
-0.00304838
-0.00337013
-0.0036829
-0.00398625
-0.00428973
-0.00458438
-0.00484515
-0.00506229
-0.00524256
-0.00538996
-0.00549197
-0.00554497
-0.00556004
-0.00554865
-0.00552173
-0.00548756
-0.00545728
-0.00543893
-0.00543815
-0.00545732
-0.00549851
-0.00556253
-0.00563614
-0.00571612
-0.00580126
-0.00588194
-0.00596132
-0.00603795
-0.00611231
-0.00619001
-0.00627198
-0.00635749
-0.00643967
-0.00652202
-0.00660336
-0.00668073
-0.00676102
-0.00684297
-0.00692713
-0.00701229
-0.00709912
-0.00718958
-0.00727077
-0.00735014
-0.00743464
-0.00751962
-0.00760718
-0.0076883
-0.00777288
-0.00785908
-0.00793476
-0.00802212
-0.00811234
-0.00818767
-0.00827142
-0.00835459
-0.00842604
-0.00850968
-0.00859333
-0.00866109
-0.00873391
-0.0088174
-0.0088899
-0.00895138
-0.00902272
-0.0090989
-0.00916272
-0.00922413
-0.00929301
-0.00935835
-0.00941768
-0.00947991
-0.00954308
-0.00960097
-0.00966029
-0.00972011
-0.00977534
-0.00982792
-0.00987685
-0.00144513
-0.000812553
-4.4006e-05
0.000653191
0.0011768
0.00148802
0.00158055
0.0014815
0.00123864
0.000898718
0.000506296
9.95174e-05
-0.000296074
-0.000665663
-0.00101029
-0.00132972
-0.00162376
-0.00190429
-0.00218
-0.00245025
-0.00272354
-0.00301227
-0.00331085
-0.00360618
-0.00389203
-0.00417462
-0.00445206
-0.00470662
-0.00492273
-0.00510211
-0.00525473
-0.00537144
-0.00544376
-0.00547712
-0.00548372
-0.00547405
-0.00545418
-0.00543365
-0.00542047
-0.00542284
-0.00544285
-0.00548329
-0.0055466
-0.00562048
-0.00570112
-0.0057863
-0.00586817
-0.00594762
-0.00602374
-0.00609986
-0.00617794
-0.00625977
-0.00634627
-0.00642904
-0.00651217
-0.00659327
-0.00666967
-0.00674996
-0.00683184
-0.00691644
-0.00700276
-0.0070902
-0.00718103
-0.00726254
-0.00734166
-0.00742567
-0.00751081
-0.00759935
-0.00768069
-0.00776466
-0.00785127
-0.00792727
-0.00801389
-0.00810474
-0.00818113
-0.00826411
-0.0083469
-0.00841886
-0.0085022
-0.00858635
-0.00865535
-0.00872736
-0.00880987
-0.00888395
-0.00894653
-0.00901678
-0.00909281
-0.00915786
-0.00921963
-0.00928827
-0.00935399
-0.00941378
-0.00947616
-0.00953957
-0.00959783
-0.00965749
-0.00971747
-0.00977302
-0.00982612
-0.00987548
-0.00165157
-0.00101288
-0.000236332
0.000469522
0.00100456
0.00133103
0.00144174
0.00135928
0.0011299
0.000802756
0.000421701
2.4889e-05
-0.000364093
-0.000728858
-0.00106697
-0.00138034
-0.00166717
-0.00193553
-0.00219809
-0.00245536
-0.00271153
-0.00297848
-0.00325401
-0.00353078
-0.00380062
-0.00406468
-0.00432426
-0.0045702
-0.00478612
-0.00496563
-0.00512124
-0.00524979
-0.00534027
-0.00539093
-0.00541322
-0.00541929
-0.00541397
-0.00540509
-0.00539812
-0.00540419
-0.00542667
-0.00546746
-0.00553063
-0.0056042
-0.00568524
-0.00577017
-0.00585233
-0.00593244
-0.00600777
-0.00608534
-0.00616511
-0.00624703
-0.00633443
-0.00641764
-0.00650133
-0.00658282
-0.00665829
-0.00673819
-0.00682001
-0.006905
-0.00699247
-0.00708056
-0.00717196
-0.00725385
-0.00733227
-0.00741597
-0.00750192
-0.00759119
-0.00767228
-0.00775586
-0.00784315
-0.00791939
-0.00800505
-0.00809652
-0.00817421
-0.00825645
-0.00833874
-0.00841125
-0.0084943
-0.00857891
-0.00864924
-0.00872045
-0.00880193
-0.00887763
-0.00894133
-0.00901044
-0.00908635
-0.00915275
-0.00921486
-0.00928322
-0.00934934
-0.00940964
-0.00947218
-0.00953582
-0.00959448
-0.0096545
-0.00971465
-0.00977052
-0.00982413
-0.0098739
-0.00185654
-0.00121201
-0.000426924
0.000287662
0.000832751
0.00117218
0.00129875
0.00123237
0.00101623
0.00070125
0.000331481
-5.48321e-05
-0.000435003
-0.000793429
-0.00112428
-0.00142951
-0.00170863
-0.00196574
-0.00221465
-0.0024592
-0.0026993
-0.00294671
-0.00320053
-0.00345728
-0.00371126
-0.00395945
-0.00420252
-0.00443746
-0.00465245
-0.00483376
-0.00499131
-0.00512781
-0.00523368
-0.00530151
-0.0053384
-0.00535872
-0.00536726
-0.00537109
-0.00537198
-0.00538181
-0.00540809
-0.00545078
-0.00551447
-0.00558737
-0.0056677
-0.00575266
-0.00583462
-0.00591561
-0.00599074
-0.00606884
-0.00615112
-0.0062341
-0.0063221
-0.00640537
-0.00648887
-0.00657137
-0.00664698
-0.00672608
-0.00680748
-0.00689275
-0.00698115
-0.00706995
-0.00716223
-0.00724496
-0.00732264
-0.00740546
-0.00749238
-0.00758284
-0.0076634
-0.00774612
-0.00783434
-0.00791118
-0.00799579
-0.00808781
-0.00816694
-0.00824841
-0.00833002
-0.00840305
-0.00848597
-0.0085712
-0.00864276
-0.008713
-0.00879351
-0.00887101
-0.00893582
-0.00900369
-0.00907955
-0.00914735
-0.00920977
-0.00927782
-0.00934442
-0.00940526
-0.00946795
-0.00953184
-0.00959092
-0.00965132
-0.00971162
-0.00976779
-0.00982195
-0.00987213
-0.00205887
-0.00140929
-0.000615378
0.000108305
0.000662512
0.00101292
0.00115282
0.00110115
0.000898485
0.000595845
0.000237413
-0.000138953
-0.000509587
-0.000859757
-0.00118248
-0.00147829
-0.0017489
-0.00199607
-0.00223053
-0.00246132
-0.00268635
-0.00291571
-0.00315014
-0.00338697
-0.00362448
-0.00385886
-0.00408796
-0.00431053
-0.00452225
-0.00470593
-0.00486538
-0.00500691
-0.00512492
-0.00520964
-0.00526066
-0.00529347
-0.00531423
-0.00533034
-0.00534141
-0.00535581
-0.00538601
-0.0054321
-0.00549746
-0.00557034
-0.00564908
-0.00573398
-0.00581591
-0.00589716
-0.00597254
-0.00605068
-0.0061351
-0.00621998
-0.00630898
-0.00639244
-0.00647527
-0.00655878
-0.00663538
-0.00671375
-0.0067945
-0.00687983
-0.00696888
-0.0070585
-0.00715168
-0.0072355
-0.00731295
-0.00739432
-0.00748146
-0.00757405
-0.00765474
-0.0077356
-0.00782451
-0.00790281
-0.00798636
-0.0080784
-0.008159
-0.00823992
-0.00832092
-0.00839435
-0.00847712
-0.00856317
-0.00863593
-0.00870493
-0.00878459
-0.00886421
-0.00893005
-0.00899644
-0.0090723
-0.00914167
-0.0092044
-0.00927212
-0.00933919
-0.00940062
-0.00946344
-0.0095276
-0.00958713
-0.00964793
-0.00970839
-0.00976487
-0.00981956
-0.00987011
-0.00225715
-0.00160367
-0.000801452
-6.84984e-05
0.000494342
0.000854072
0.00100506
0.000966514
0.000777308
0.00048706
0.000139851
-0.000226873
-0.000587714
-0.000928323
-0.00124168
-0.00152739
-0.00178782
-0.00202542
-0.00224614
-0.0024622
-0.00267339
-0.00288577
-0.00310266
-0.00332103
-0.00354173
-0.00376291
-0.00398019
-0.00419045
-0.00439613
-0.00458191
-0.00474386
-0.00488914
-0.00501596
-0.00511553
-0.00518044
-0.00522422
-0.00525558
-0.00528267
-0.0053056
-0.00532657
-0.00536033
-0.00541063
-0.00547944
-0.00555352
-0.00562996
-0.00571376
-0.0057959
-0.00587705
-0.00595267
-0.00603104
-0.00611715
-0.00620407
-0.00629505
-0.00637955
-0.00646114
-0.00654473
-0.00662258
-0.00670103
-0.00678157
-0.00686652
-0.00695555
-0.00704598
-0.00714014
-0.00722508
-0.00730302
-0.00738318
-0.0074695
-0.00756428
-0.00764632
-0.00772484
-0.00781346
-0.00789374
-0.00797656
-0.00806833
-0.0081506
-0.00823128
-0.00831152
-0.00838495
-0.00846742
-0.00855483
-0.00862908
-0.00869637
-0.00877502
-0.00885714
-0.00892401
-0.00898867
-0.00906462
-0.00913575
-0.00919875
-0.00926604
-0.00933365
-0.00939573
-0.00945869
-0.00952309
-0.00958311
-0.00964434
-0.00970494
-0.00976171
-0.00981694
-0.00986785
-0.00245059
-0.00179444
-0.000985144
-0.000243192
0.000328249
0.00069637
0.000857129
0.000830283
0.000653699
0.000375357
3.95417e-05
-0.000317082
-0.000668055
-0.000998746
-0.00130182
-0.00157707
-0.00182663
-0.0020542
-0.0022628
-0.00246354
-0.0026608
-0.00285702
-0.00305739
-0.00325958
-0.0034641
-0.00367146
-0.00387805
-0.00407809
-0.00427611
-0.0044627
-0.00462734
-0.00477573
-0.00490861
-0.00501951
-0.00509759
-0.00515151
-0.00519258
-0.00522912
-0.00526384
-0.005294
-0.00533182
-0.00538576
-0.00545893
-0.00553608
-0.00561052
-0.00569213
-0.00577435
-0.0058556
-0.00593165
-0.00601014
-0.006098
-0.00618663
-0.00627929
-0.00636613
-0.00644659
-0.00652921
-0.00660858
-0.00668766
-0.00676849
-0.00685319
-0.00694133
-0.00703229
-0.00712792
-0.00721371
-0.0072922
-0.00737225
-0.00745742
-0.00755308
-0.00763721
-0.00771424
-0.00780164
-0.00788364
-0.00796639
-0.00805804
-0.00814183
-0.00822213
-0.00830155
-0.00837498
-0.00845716
-0.0085462
-0.00862208
-0.00868726
-0.0087647
-0.00884968
-0.00891777
-0.00898058
-0.00905655
-0.00912948
-0.00919276
-0.00925966
-0.00932783
-0.00939056
-0.00945363
-0.00951829
-0.00957886
-0.0096405
-0.00970124
-0.0097583
-0.00981409
-0.00986535
-0.00263863
-0.00198058
-0.00116554
-0.000415412
0.000164751
0.000541133
0.00071077
0.000694083
0.00052875
0.000261624
-6.30671e-05
-0.000409163
-0.000750242
-0.00107091
-0.00136386
-0.00162861
-0.00186691
-0.00208272
-0.00227945
-0.00246561
-0.00264857
-0.00283024
-0.00301478
-0.00320214
-0.00339167
-0.00358513
-0.00378169
-0.00397398
-0.0041639
-0.00434873
-0.00451607
-0.00466699
-0.00480383
-0.00492264
-0.00501244
-0.00507648
-0.00512653
-0.00517101
-0.005216
-0.00525722
-0.0053008
-0.00535763
-0.00543466
-0.00551727
-0.00559131
-0.00566927
-0.00575098
-0.00583295
-0.00591024
-0.00598828
-0.00607719
-0.00616774
-0.00626093
-0.0063509
-0.00643225
-0.00651327
-0.00659374
-0.0066734
-0.00675435
-0.0068398
-0.00692701
-0.00701755
-0.00711483
-0.00720138
-0.00728009
-0.00736116
-0.00744563
-0.00754084
-0.00762686
-0.00770357
-0.00778989
-0.00787291
-0.00795535
-0.00804697
-0.00813247
-0.00821269
-0.00829143
-0.00836455
-0.00844612
-0.008537
-0.00861479
-0.00867774
-0.00875391
-0.00884193
-0.00891124
-0.00897203
-0.00904803
-0.00912286
-0.0091865
-0.00925297
-0.00932167
-0.0093851
-0.0094483
-0.00951322
-0.00957436
-0.00963642
-0.00969731
-0.00975466
-0.009811
-0.00986259
-0.00282163
-0.00216162
-0.00134178
-0.000584399
4.17562e-06
0.000388827
0.000566478
0.000558721
0.000403343
0.000146723
-0.000167493
-0.000503025
-0.000834026
-0.00114464
-0.00142749
-0.00168142
-0.00190784
-0.00211121
-0.00229604
-0.00246955
-0.0026385
-0.0028062
-0.00297509
-0.00314789
-0.00332451
-0.00350534
-0.00369175
-0.00387703
-0.00406001
-0.00424113
-0.00441059
-0.00456362
-0.00470279
-0.00482703
-0.00492602
-0.00499956
-0.00505754
-0.00510937
-0.00516301
-0.0052155
-0.00526747
-0.00532752
-0.00540673
-0.00549514
-0.0055717
-0.00564571
-0.00572606
-0.00580947
-0.00588812
-0.00596555
-0.0060543
-0.00614754
-0.0062414
-0.00633308
-0.00641753
-0.00649773
-0.0065776
-0.00665829
-0.00673914
-0.00682543
-0.00691317
-0.00700243
-0.00710053
-0.0071884
-0.00726681
-0.00734906
-0.00743386
-0.00752847
-0.00761586
-0.0076922
-0.00777774
-0.00786176
-0.00794332
-0.00803497
-0.00812293
-0.0082035
-0.00828113
-0.00835318
-0.00843414
-0.00852759
-0.0086074
-0.00866774
-0.00874272
-0.00883382
-0.00890415
-0.00896303
-0.00903932
-0.00911597
-0.00917981
-0.00924591
-0.00931525
-0.00937941
-0.00944269
-0.00950787
-0.00956964
-0.00963213
-0.0096931
-0.00975074
-0.00980762
-0.0098595
-0.00299968
-0.00233722
-0.00151294
-0.000749029
-0.000152778
0.000239851
0.000425026
0.000425159
0.000278695
3.17935e-05
-0.000272315
-0.000597769
-0.000918612
-0.00121931
-0.0014919
-0.00173516
-0.0019502
-0.00214179
-0.00231465
-0.00247562
-0.00263063
-0.00278424
-0.00293898
-0.00309789
-0.0032627
-0.0034322
-0.00360848
-0.00378702
-0.0039649
-0.00414174
-0.00431146
-0.00446629
-0.00460625
-0.00473353
-0.00483913
-0.00492096
-0.00498619
-0.00504536
-0.00510674
-0.00516927
-0.0052316
-0.00529596
-0.00537585
-0.00546829
-0.00555019
-0.00562248
-0.00569952
-0.00578442
-0.00586502
-0.00594293
-0.00603105
-0.00612559
-0.00622122
-0.00631259
-0.00640009
-0.00648282
-0.00656099
-0.00664259
-0.00672372
-0.00680909
-0.00689924
-0.006988
-0.00708484
-0.00717454
-0.00725282
-0.00733552
-0.00742149
-0.00751635
-0.00760499
-0.00767987
-0.00776426
-0.00785067
-0.00793155
-0.00802204
-0.00811233
-0.00819394
-0.00827082
-0.0083414
-0.00842144
-0.00851791
-0.00859978
-0.00865705
-0.00873107
-0.00882557
-0.00889668
-0.00895359
-0.00903034
-0.00910874
-0.00917273
-0.00923858
-0.00930856
-0.00937344
-0.00943682
-0.00950226
-0.00956469
-0.00962756
-0.00968862
-0.00974658
-0.00980396
-0.0098561
-0.00317163
-0.0025067
-0.00167818
-0.000908538
-0.00030532
9.46918e-05
0.000287205
0.000294326
0.000155906
-8.21421e-05
-0.000376482
-0.000692368
-0.00100371
-0.00129509
-0.00155791
-0.00179062
-0.0019948
-0.00217467
-0.00233534
-0.00248317
-0.00262502
-0.0027654
-0.00290721
-0.00305273
-0.00320561
-0.00336545
-0.00353265
-0.00370473
-0.00387824
-0.00405128
-0.00421937
-0.00437518
-0.00451519
-0.0046433
-0.00475325
-0.00484127
-0.00491316
-0.00497962
-0.00504866
-0.00511969
-0.00519259
-0.00526317
-0.0053432
-0.00543712
-0.0055245
-0.00559906
-0.00567221
-0.00575765
-0.00584213
-0.00592065
-0.00600764
-0.00610117
-0.00619925
-0.00629141
-0.00637951
-0.00646729
-0.00654524
-0.00662602
-0.00670854
-0.00679151
-0.00688355
-0.00697389
-0.00706872
-0.0071604
-0.00723872
-0.00732023
-0.00740782
-0.0075039
-0.00759441
-0.00766787
-0.00774972
-0.00783874
-0.00792
-0.00800823
-0.00810005
-0.00818414
-0.00826132
-0.0083295
-0.00840767
-0.00850766
-0.00859195
-0.00864571
-0.00871908
-0.00881744
-0.00888886
-0.00894351
-0.00902106
-0.00910137
-0.00916535
-0.0092309
-0.00930159
-0.00936721
-0.00943063
-0.0094963
-0.00955948
-0.00962278
-0.0096839
-0.00974217
-0.00980003
-0.00985238
-0.00333675
-0.00266978
-0.00183751
-0.00106294
-0.00045331
-4.62338e-05
0.000153598
0.000167489
3.60999e-05
-0.000194109
-0.000479771
-0.000786584
-0.00108932
-0.00137168
-0.00162522
-0.00184743
-0.00204082
-0.00220923
-0.00235822
-0.0024936
-0.00262242
-0.00274998
-0.00287933
-0.00301297
-0.00315424
-0.003305
-0.00346437
-0.00363056
-0.00380014
-0.00396997
-0.0041357
-0.00429106
-0.00443044
-0.00455699
-0.00466863
-0.00476116
-0.00483971
-0.00491311
-0.00498976
-0.00506872
-0.00515049
-0.0052291
-0.00530956
-0.00540276
-0.00549395
-0.00557357
-0.00564582
-0.00572942
-0.00581851
-0.00589818
-0.00598387
-0.00607633
-0.00617512
-0.00627019
-0.00635717
-0.00644854
-0.00653035
-0.00660922
-0.00669294
-0.00677437
-0.00686542
-0.0069588
-0.00705373
-0.00714652
-0.00722431
-0.00730345
-0.00739256
-0.00749069
-0.00758378
-0.0076572
-0.00773508
-0.00782444
-0.00790787
-0.00799538
-0.00808717
-0.00817327
-0.0082518
-0.00831748
-0.00839321
-0.00849698
-0.00858397
-0.00863398
-0.00870666
-0.00880902
-0.00888069
-0.00893307
-0.00901147
-0.00909371
-0.00915769
-0.00922296
-0.00929434
-0.00936069
-0.00942419
-0.00949014
-0.00955409
-0.00961773
-0.00967885
-0.00973753
-0.00979586
-0.00984834
-0.00349502
-0.00282592
-0.0019904
-0.00121136
-0.000596016
-0.000182113
2.47325e-05
4.53959e-05
-7.99211e-05
-0.000303474
-0.000581822
-0.000880084
-0.00117419
-0.00144781
-0.00169272
-0.00190562
-0.00208857
-0.00224615
-0.00238363
-0.0025072
-0.00262315
-0.00273828
-0.00285569
-0.0029783
-0.00310891
-0.00325074
-0.00340389
-0.00356524
-0.00373144
-0.00389829
-0.00406111
-0.00421406
-0.00435145
-0.00447532
-0.00458677
-0.00468238
-0.0047669
-0.00484689
-0.00493054
-0.00501763
-0.00510646
-0.00519335
-0.00527564
-0.00536627
-0.00545938
-0.00554431
-0.00561988
-0.00570085
-0.00579305
-0.00587664
-0.0059607
-0.00605208
-0.00614893
-0.00624698
-0.0063351
-0.00642644
-0.00651408
-0.00659327
-0.00667658
-0.00675853
-0.00684661
-0.00694093
-0.00703851
-0.00713314
-0.00721046
-0.00728628
-0.00737545
-0.00747648
-0.00757241
-0.00764696
-0.00772206
-0.00780902
-0.00789413
-0.00798366
-0.00807428
-0.00816039
-0.00824186
-0.0083063
-0.00837885
-0.00848586
-0.00857554
-0.00862182
-0.00869386
-0.00880032
-0.00887243
-0.00892255
-0.00900147
-0.0090856
-0.00914983
-0.00921479
-0.0092868
-0.00935396
-0.00941756
-0.00948368
-0.00954838
-0.00961237
-0.00967356
-0.00973264
-0.00979135
-0.00984397
-0.00364618
-0.00297457
-0.00213595
-0.00135281
-0.000732699
-0.000313005
-9.9946e-05
-7.28249e-05
-0.000192095
-0.000409632
-0.000681442
-0.000972254
-0.0012581
-0.00152377
-0.00176064
-0.0019654
-0.00213855
-0.00228539
-0.00241128
-0.00252332
-0.00262716
-0.00272968
-0.00283548
-0.00294775
-0.00306983
-0.00320393
-0.00335192
-0.00350956
-0.00367261
-0.00383639
-0.00399535
-0.00414482
-0.0042789
-0.00439899
-0.0045084
-0.00460574
-0.00469525
-0.0047819
-0.00487247
-0.00496738
-0.00506232
-0.00515553
-0.00524109
-0.00532919
-0.00542245
-0.00551129
-0.00559254
-0.00567382
-0.00576616
-0.00585501
-0.00593859
-0.00602746
-0.00612224
-0.00622191
-0.0063139
-0.00640367
-0.00649452
-0.00657806
-0.00666063
-0.00674295
-0.00682861
-0.00692028
-0.00702119
-0.00712048
-0.00719834
-0.00726996
-0.00735601
-0.00746011
-0.00756043
-0.00763623
-0.00771095
-0.00779462
-0.00787719
-0.0079706
-0.00806297
-0.00814716
-0.0082308
-0.00829545
-0.0083647
-0.00847392
-0.00856639
-0.0086099
-0.00868139
-0.00879111
-0.00886385
-0.00891241
-0.00899135
-0.0090769
-0.00914181
-0.00920673
-0.00927916
-0.00934693
-0.00941064
-0.00947704
-0.00954255
-0.00960684
-0.00966801
-0.00972748
-0.00978651
-0.0098393
-0.00378919
-0.00311538
-0.00227395
-0.00148732
-0.000863206
-0.000439064
-0.000220828
-0.000187976
-0.000300979
-0.000512616
-0.000778506
-0.0010634
-0.0013423
-0.00160054
-0.00182953
-0.00202623
-0.00219035
-0.0023265
-0.00244086
-0.00254083
-0.0026331
-0.0027236
-0.00281859
-0.00292139
-0.00303654
-0.00316526
-0.00330887
-0.00346386
-0.00362394
-0.00378478
-0.00393906
-0.00408337
-0.00421242
-0.00432736
-0.0044342
-0.00453281
-0.00462689
-0.00472019
-0.0048175
-0.00491861
-0.00501861
-0.00511608
-0.00520555
-0.00529259
-0.00538399
-0.005476
-0.00556323
-0.00564758
-0.00573912
-0.00583146
-0.00591748
-0.00600341
-0.00609651
-0.00619639
-0.00629111
-0.00638181
-0.0064729
-0.00656152
-0.00664612
-0.00672693
-0.00681212
-0.00690074
-0.00700112
-0.00710662
-0.00718852
-0.0072559
-0.0073352
-0.00744134
-0.00754876
-0.00762507
-0.00769975
-0.00778288
-0.00785949
-0.00795443
-0.00805277
-0.00813493
-0.00821762
-0.00828403
-0.00835162
-0.00846152
-0.00855639
-0.00859839
-0.00866889
-0.0087806
-0.00885476
-0.00890293
-0.00898113
-0.00906739
-0.0091336
-0.00919869
-0.00927115
-0.00933952
-0.00940362
-0.00947037
-0.00953639
-0.00960085
-0.00966218
-0.00972208
-0.00978124
-0.00983381
-0.00392157
-0.00324645
-0.00240316
-0.00161395
-0.000986485
-0.000558799
-0.000336696
-0.000299651
-0.000407621
-0.000613962
-0.000874644
-0.00115463
-0.00142811
-0.00167966
-0.0019009
-0.00208903
-0.00224424
-0.00236998
-0.0024727
-0.00255995
-0.00264012
-0.00271914
-0.00280392
-0.00289871
-0.00300832
-0.00313418
-0.00327532
-0.00342889
-0.0035864
-0.00374304
-0.00389141
-0.0040285
-0.00415163
-0.00426104
-0.00436515
-0.00446525
-0.00456381
-0.00466317
-0.00476653
-0.00487255
-0.00497608
-0.00507624
-0.00516852
-0.00525663
-0.00534635
-0.00544019
-0.00553254
-0.00562059
-0.00571328
-0.00580672
-0.00589624
-0.00598126
-0.00607102
-0.00617084
-0.0062667
-0.00636045
-0.00645217
-0.00654182
-0.00663111
-0.00671187
-0.00679629
-0.00688351
-0.00697947
-0.00708905
-0.00717944
-0.0072457
-0.00731621
-0.00742037
-0.00753548
-0.00761386
-0.00768769
-0.00777402
-0.00784556
-0.00793522
-0.00804058
-0.00812565
-0.00820482
-0.00827191
-0.00834031
-0.00844906
-0.00854506
-0.00858802
-0.00865756
-0.0087691
-0.00884532
-0.00889482
-0.00897161
-0.00905738
-0.00912523
-0.00919114
-0.00926357
-0.00933229
-0.00939673
-0.0094638
-0.00953026
-0.00959496
-0.00965659
-0.00971688
-0.00977608
-0.00982894
-0.00404168
-0.00336544
-0.00252109
-0.00173027
-0.00110028
-0.000669641
-0.000444786
-0.000405369
-0.000510759
-0.000713806
-0.000970658
-0.0012468
-0.00151642
-0.00176303
-0.00197743
-0.00215669
-0.00230194
-0.00241662
-0.00250694
-0.00258059
-0.0026474
-0.0027151
-0.00279123
-0.00288054
-0.00298683
-0.00311184
-0.00325269
-0.00340522
-0.0035599
-0.00371049
-0.00385132
-0.00397959
-0.00409567
-0.00420013
-0.00430164
-0.00440384
-0.00450751
-0.0046125
-0.0047203
-0.00482986
-0.00493526
-0.00503675
-0.00513119
-0.00522123
-0.00531084
-0.00540506
-0.0055015
-0.00559346
-0.00568865
-0.00578251
-0.0058736
-0.0059609
-0.00604747
-0.00614608
-0.00624327
-0.00633831
-0.00643215
-0.00652119
-0.00661437
-0.00669893
-0.00678058
-0.00686727
-0.00695949
-0.00706691
-0.00716768
-0.00723955
-0.00730057
-0.00739743
-0.00751838
-0.00760279
-0.00767527
-0.00776409
-0.00783544
-0.00791606
-0.00802241
-0.00811605
-0.00819469
-0.00825893
-0.00832793
-0.0084355
-0.00853271
-0.00857912
-0.00864655
-0.00875503
-0.0088349
-0.00888768
-0.00896183
-0.00904599
-0.0091161
-0.00918343
-0.00925557
-0.00932417
-0.00938907
-0.00945679
-0.00952351
-0.00958825
-0.00965037
-0.00971093
-0.00976972
-0.00982215
-0.0041498
-0.00347169
-0.00262627
-0.0018346
-0.00120296
-0.000769893
-0.000542545
-0.000501707
-0.000606524
-0.000809014
-0.00106447
-0.00133858
-0.00160606
-0.00184978
-0.0020592
-0.00222991
-0.00236391
-0.00246562
-0.00254227
-0.00260154
-0.0026546
-0.00271152
-0.002781
-0.00286814
-0.00297468
-0.00310134
-0.00324322
-0.00339462
-0.00354519
-0.00368778
-0.00381849
-0.00393667
-0.00404539
-0.00414644
-0.00424708
-0.00435149
-0.0044602
-0.00456954
-0.00467991
-0.00479112
-0.00489693
-0.0049985
-0.00509442
-0.00518711
-0.00527837
-0.00537281
-0.00547172
-0.00556723
-0.00566406
-0.00575895
-0.00585114
-0.00594161
-0.00602766
-0.00612274
-0.00622107
-0.0063167
-0.00641272
-0.00650329
-0.00659614
-0.00668613
-0.00676797
-0.00685226
-0.00694403
-0.00704519
-0.00715092
-0.00723609
-0.00729251
-0.00737688
-0.00749896
-0.00759129
-0.00766399
-0.00775358
-0.00782951
-0.00790332
-0.00800169
-0.00810265
-0.00818916
-0.0082513
-0.0083153
-0.00842013
-0.00852199
-0.00857456
-0.00863689
-0.00873941
-0.00882549
-0.0088834
-0.00895329
-0.00903512
-0.00910794
-0.00917653
-0.00924844
-0.00931725
-0.00938256
-0.00945065
-0.00951742
-0.00958226
-0.0096451
-0.00970581
-0.00976421
-0.00981701
-0.00424584
-0.00356562
-0.00271855
-0.00192601
-0.00129316
-0.000858204
-0.00062861
-0.000586841
-0.000692729
-0.000897378
-0.00115463
-0.00142882
-0.00169529
-0.00193636
-0.00214133
-0.00230341
-0.00242485
-0.00251114
-0.00257211
-0.00261696
-0.00265773
-0.00270659
-0.00277309
-0.00286316
-0.00297457
-0.00310511
-0.00324694
-0.00339415
-0.00353713
-0.0036696
-0.00378971
-0.00389853
-0.00400205
-0.00410163
-0.00420365
-0.00431006
-0.00442229
-0.00453485
-0.00464529
-0.00475581
-0.00486066
-0.00496263
-0.00506009
-0.00515546
-0.00524924
-0.00534385
-0.00544368
-0.00554114
-0.005639
-0.0057352
-0.00582873
-0.00592154
-0.00600929
-0.0061013
-0.0061989
-0.00629575
-0.00639181
-0.00648499
-0.00657723
-0.00666958
-0.00675703
-0.00683883
-0.00692822
-0.00702483
-0.00712739
-0.00722767
-0.0072922
-0.00735971
-0.00747419
-0.00757685
-0.00765256
-0.00774167
-0.00782321
-0.00789477
-0.00798185
-0.00808032
-0.00817884
-0.00825137
-0.00830432
-0.0083949
-0.00850807
-0.00857661
-0.00862786
-0.00871805
-0.00881495
-0.00888157
-0.00894445
-0.0090227
-0.00909949
-0.00916915
-0.00924014
-0.00930983
-0.00937576
-0.00944347
-0.00951001
-0.00957546
-0.00963921
-0.00969975
-0.00975725
-0.00980991
-0.00433584
-0.00365652
-0.00280988
-0.00201836
-0.00138728
-0.000954248
-0.000726421
-0.000685369
-0.000791984
-0.000997113
-0.00125482
-0.00152778
-0.00179145
-0.0020277
-0.00222471
-0.00237448
-0.00247861
-0.00254534
-0.00258754
-0.00261937
-0.00265328
-0.00270286
-0.00277534
-0.00287467
-0.00299479
-0.00312918
-0.00326842
-0.00340569
-0.00353624
-0.00365547
-0.00376547
-0.00386732
-0.00396887
-0.004071
-0.00417677
-0.00428627
-0.00439839
-0.00451174
-0.00462008
-0.00472847
-0.00483302
-0.00493547
-0.00503519
-0.00513215
-0.00522939
-0.00532424
-0.00542386
-0.00552215
-0.00561953
-0.00571745
-0.00581192
-0.00590721
-0.00599735
-0.00608811
-0.00618353
-0.00627976
-0.00637669
-0.0064706
-0.00656391
-0.00665643
-0.00674862
-0.00683302
-0.00691613
-0.00701049
-0.00710888
-0.00721451
-0.00729856
-0.00735488
-0.00744988
-0.00756321
-0.00764391
-0.00773025
-0.00781963
-0.00789078
-0.00796985
-0.00806065
-0.00816211
-0.00825682
-0.00830744
-0.00836685
-0.00848724
-0.00858648
-0.00862591
-0.00869251
-0.0088027
-0.00888356
-0.00893717
-0.00900986
-0.00909261
-0.00916355
-0.00923193
-0.0093029
-0.00937088
-0.00943763
-0.00950286
-0.00956934
-0.00963451
-0.00969426
-0.00975045
-0.00980289
-0.00434789
-0.00368117
-0.00285181
-0.00207766
-0.00146407
-0.00104828
-0.000836828
-0.000809224
-0.000926291
-0.00113886
-0.00140003
-0.00167029
-0.00192225
-0.00213797
-0.00230666
-0.00242473
-0.00249616
-0.00253468
-0.00255769
-0.00258481
-0.00262788
-0.0026951
-0.00278728
-0.00290143
-0.00302987
-0.00316217
-0.0032912
-0.00341089
-0.00352346
-0.00362872
-0.00373118
-0.00383239
-0.00393645
-0.00404492
-0.00415435
-0.00426556
-0.00437476
-0.00448551
-0.00459242
-0.00469795
-0.00480355
-0.00490629
-0.0050087
-0.0051065
-0.00520576
-0.00530261
-0.00540064
-0.00550041
-0.00559658
-0.00569605
-0.00579194
-0.00588864
-0.00598259
-0.00607281
-0.00616771
-0.00626215
-0.00636001
-0.00645469
-0.00654811
-0.00664268
-0.00673518
-0.00682563
-0.00690584
-0.0069939
-0.00709333
-0.00719531
-0.00729421
-0.00735761
-0.00742938
-0.00754515
-0.00763663
-0.00771669
-0.00781296
-0.00788763
-0.00796023
-0.00804636
-0.00814143
-0.00825322
-0.00831889
-0.00834727
-0.00845761
-0.00859452
-0.00863379
-0.0086699
-0.00878698
-0.00888752
-0.00893343
-0.00899791
-0.00908678
-0.00915992
-0.00922485
-0.00929686
-0.0093678
-0.00943346
-0.00949652
-0.00956407
-0.00963132
-0.00969033
-0.00974526
-0.00979852
-0.00425614
-0.00361007
-0.00281533
-0.00207336
-0.00148897
-0.00110552
-0.000931762
-0.000944077
-0.0010985
-0.00134257
-0.00162566
-0.0019042
-0.00214508
-0.00232806
-0.00244657
-0.00250817
-0.00252867
-0.00253098
-0.00253712
-0.00256558
-0.00262525
-0.00271626
-0.0028319
-0.00296138
-0.00309465
-0.00322098
-0.00333606
-0.00343865
-0.00353512
-0.00363023
-0.00372806
-0.00383027
-0.00393683
-0.0040484
-0.00415926
-0.00426939
-0.00437608
-0.00448277
-0.00458833
-0.00469164
-0.00479665
-0.0048993
-0.00500122
-0.00509908
-0.00519728
-0.00529523
-0.00539192
-0.00549137
-0.00558716
-0.00568559
-0.00578269
-0.0058792
-0.00597508
-0.00606529
-0.00615932
-0.00625347
-0.00635071
-0.00644622
-0.00653904
-0.00663541
-0.0067282
-0.00681974
-0.00690072
-0.00698349
-0.0070836
-0.00718419
-0.00728528
-0.00735843
-0.00742027
-0.00752875
-0.00762896
-0.00770605
-0.00780375
-0.00788425
-0.00795158
-0.00803421
-0.00812462
-0.00823906
-0.00832019
-0.00833883
-0.00843043
-0.00858557
-0.0086384
-0.00865632
-0.00876842
-0.00888408
-0.00892978
-0.00898612
-0.0090773
-0.00915365
-0.00921626
-0.00928756
-0.00936077
-0.00942692
-0.00948831
-0.00955562
-0.00962453
-0.00968359
-0.00973665
-0.00978875
)
;

boundaryField
{
    zeroGradPlanes
    {
        type            zeroGradient;
    }
    inlet
    {
        type            zeroGradient;
    }
    plate
    {
        type            zeroGradient;
    }
    frontAndBack
    {
        type            empty;
    }
}


// ************************************************************************* //
