/*--------------------------------*- C++ -*----------------------------------*\
| =========                 |                                                 |
| \\      /  F ield         | OpenFOAM: The Open Source CFD Toolbox           |
|  \\    /   O peration     | Version:  v1906                                 |
|   \\  /    A nd           | Web:      www.OpenFOAM.com                      |
|    \\/     M anipulation  |                                                 |
\*---------------------------------------------------------------------------*/
FoamFile
{
    version     2.0;
    format      ascii;
    class       volScalarField;
    location    "0.7";
    object      p;
}
// * * * * * * * * * * * * * * * * * * * * * * * * * * * * * * * * * * * * * //

dimensions      [0 2 -2 0 0 0 0];


internalField   nonuniform List<scalar> 
4800
(
-4.84398e-12
6.67263e-05
-5.12686e-05
-0.000124525
-0.000135421
-0.000214475
-0.000314036
-0.000278443
-0.000266935
-0.000398877
-0.000461265
-0.000437428
-0.000401407
-0.000329249
-0.000206876
-2.69749e-05
0.000317651
0.000791695
0.00137421
0.00208547
2.86679e-06
5.0584e-05
-4.95872e-05
-0.000127815
-0.000131126
-0.000217448
-0.000304736
-0.000283063
-0.000259839
-0.000400569
-0.000454669
-0.000436469
-0.00039615
-0.000331951
-0.000203406
-3.19801e-05
0.000311993
0.000733405
0.00116711
0.00170434
4.17879e-06
4.61722e-05
-4.90052e-05
-0.000128622
-0.000129377
-0.000218186
-0.000301047
-0.000284802
-0.000256157
-0.000399229
-0.000452061
-0.00043265
-0.000392587
-0.000329178
-0.000207534
-4.47805e-05
0.000257967
0.000605341
0.000963651
0.00142819
7.08407e-06
3.62823e-05
-4.84163e-05
-0.000129516
-0.000127913
-0.000217581
-0.000298906
-0.000282459
-0.000256918
-0.000392326
-0.00045504
-0.000426101
-0.000390051
-0.000327935
-0.000215956
-6.29748e-05
0.000176305
0.000450994
0.000770125
0.00119495
8.90306e-06
2.84297e-05
-4.83808e-05
-0.000129344
-0.0001276
-0.000214959
-0.000298839
-0.000278636
-0.000260174
-0.000386455
-0.000450953
-0.000419649
-0.000384395
-0.00033039
-0.000236479
-0.000121788
5.83467e-05
0.000298458
0.000588994
0.000974244
1.0851e-05
2.12038e-05
-4.99767e-05
-0.000127495
-0.000129277
-0.000209149
-0.000300923
-0.000274309
-0.000257029
-0.000382424
-0.000440859
-0.000412535
-0.000384476
-0.000343636
-0.000279619
-0.000214427
-6.90577e-05
0.000155206
0.000418665
0.00076306
1.19095e-05
1.52529e-05
-5.27565e-05
-0.000124704
-0.000131905
-0.000203742
-0.000298795
-0.000273134
-0.000249149
-0.000375843
-0.00043611
-0.000404884
-0.000391301
-0.000376139
-0.000353348
-0.000318072
-0.000189295
1.82094e-05
0.000251306
0.000554883
1.19235e-05
1.17479e-05
-5.68107e-05
-0.000121076
-0.00013272
-0.000202268
-0.000290651
-0.000271532
-0.000243388
-0.000363158
-0.000434209
-0.000404612
-0.00040985
-0.0004383
-0.000441875
-0.0004142
-0.000303241
-0.000121885
8.03802e-05
0.000346937
1.04645e-05
1.04673e-05
-6.09283e-05
-0.000120267
-0.000130388
-0.000203254
-0.000282802
-0.000263982
-0.000240356
-0.000350895
-0.000432515
-0.000422253
-0.00045025
-0.000511285
-0.000526861
-0.000503875
-0.0004181
-0.000268794
-9.64051e-05
0.000138555
7.66803e-06
9.93479e-06
-6.26494e-05
-0.000124345
-0.000124788
-0.000201424
-0.000278813
-0.00025094
-0.000234094
-0.000346496
-0.00043534
-0.000453671
-0.000512271
-0.000587345
-0.000608573
-0.000594869
-0.000537189
-0.000421817
-0.000278072
-6.99772e-05
3.40041e-06
9.03103e-06
-6.02985e-05
-0.000128623
-0.000122834
-0.000192251
-0.000278526
-0.00024221
-0.000221365
-0.000350103
-0.000459504
-0.000498758
-0.00057374
-0.000660074
-0.000691268
-0.000691462
-0.000661348
-0.000579736
-0.000463581
-0.000278656
-1.24178e-06
5.96401e-06
-5.30326e-05
-0.000131484
-0.000126237
-0.000178363
-0.000271124
-0.000240993
-0.000213847
-0.000355751
-0.000504504
-0.000559183
-0.000634409
-0.000729551
-0.00077764
-0.000795721
-0.000792148
-0.000742626
-0.000652265
-0.000486545
-5.82424e-06
7.12672e-07
-4.56662e-05
-0.00012593
-0.000134084
-0.000170454
-0.000254484
-0.00024354
-0.000223033
-0.000366974
-0.00054494
-0.000622745
-0.000699702
-0.000803607
-0.000870081
-0.000907631
-0.000929937
-0.000910174
-0.000843516
-0.000693611
-9.51321e-06
-6.58013e-06
-4.15535e-05
-0.000110465
-0.000136234
-0.000172864
-0.000238201
-0.000241139
-0.000248391
-0.000398976
-0.000584451
-0.000681709
-0.000766923
-0.000881939
-0.000967955
-0.00102544
-0.00107288
-0.00108188
-0.00103745
-0.000901116
-1.28583e-05
-1.34494e-05
-4.1605e-05
-9.19005e-05
-0.000126379
-0.000183276
-0.000238577
-0.000236009
-0.000273435
-0.000447668
-0.000637153
-0.000741532
-0.000834559
-0.000963471
-0.00107138
-0.00114946
-0.00122044
-0.00125679
-0.00123332
-0.00110873
-1.65895e-05
-1.77823e-05
-4.50506e-05
-7.34598e-05
-0.000103459
-0.000182952
-0.000260557
-0.000251211
-0.000283515
-0.000488046
-0.000700973
-0.00081094
-0.000907268
-0.00104894
-0.00118063
-0.00128087
-0.00137261
-0.0014334
-0.00143006
-0.00131599
-2.12925e-05
-1.93298e-05
-4.73625e-05
-7.07287e-05
-8.03296e-05
-0.000167619
-0.000286686
-0.00029933
-0.00031665
-0.000514798
-0.000754949
-0.000887835
-0.000988373
-0.00113987
-0.00129492
-0.00141924
-0.00152981
-0.00161116
-0.00162701
-0.00152344
-2.65824e-05
-2.0277e-05
-4.58291e-05
-7.51894e-05
-6.8789e-05
-0.000143164
-0.000298413
-0.00035967
-0.000380463
-0.000551432
-0.000796383
-0.000958703
-0.00107508
-0.00123661
-0.00141371
-0.00156286
-0.00169269
-0.00179104
-0.00182385
-0.00173148
-3.09161e-05
-2.27151e-05
-4.09757e-05
-7.62387e-05
-7.32193e-05
-0.000131504
-0.000293461
-0.000409897
-0.000466664
-0.000614871
-0.000845306
-0.00102343
-0.00116065
-0.00133675
-0.00153538
-0.00170935
-0.00185906
-0.00197271
-0.00201966
-0.00193865
-3.40028e-05
-2.66577e-05
-3.79806e-05
-7.27108e-05
-8.75147e-05
-0.000139678
-0.000287516
-0.000438521
-0.000544016
-0.000701762
-0.000915284
-0.00109646
-0.00124629
-0.00143697
-0.0016568
-0.00185667
-0.00202637
-0.00215483
-0.00221398
-0.00214301
-3.5905e-05
-2.99211e-05
-3.88202e-05
-6.79553e-05
-0.000100036
-0.000168224
-0.000303201
-0.000458399
-0.000599638
-0.000783584
-0.00100473
-0.00118717
-0.00134248
-0.00153922
-0.00177767
-0.00200311
-0.00219305
-0.00233591
-0.00240589
-0.00234276
-3.75559e-05
-3.16496e-05
-4.34801e-05
-7.2215e-05
-0.000110419
-0.000199225
-0.00034191
-0.000489737
-0.000641359
-0.000850818
-0.00109325
-0.00129398
-0.00145429
-0.00165198
-0.00189989
-0.00214711
-0.00235811
-0.00251529
-0.00259431
-0.00253717
-3.94484e-05
-3.21273e-05
-5.02038e-05
-8.56272e-05
-0.000126006
-0.000228373
-0.000386828
-0.000539237
-0.00069051
-0.000905702
-0.00117111
-0.00140091
-0.00157995
-0.00177797
-0.00202939
-0.002291
-0.00252056
-0.00269162
-0.00277816
-0.00272578
-4.16974e-05
-3.45204e-05
-5.81657e-05
-0.000105689
-0.000153239
-0.000258256
-0.000430349
-0.000598707
-0.000752343
-0.000963992
-0.001238
-0.00149864
-0.00170731
-0.00191439
-0.00216621
-0.00243814
-0.00268178
-0.00286421
-0.00295691
-0.00290782
-4.52087e-05
-3.88747e-05
-6.81677e-05
-0.00012995
-0.000191023
-0.00029668
-0.000472893
-0.000658163
-0.000825219
-0.00103258
-0.00130506
-0.00158616
-0.00182745
-0.00205316
-0.00230808
-0.00258601
-0.00284269
-0.00303508
-0.00313213
-0.00308374
-5.06625e-05
-4.67276e-05
-8.21325e-05
-0.000157185
-0.000234215
-0.000344717
-0.000519715
-0.000717129
-0.000899675
-0.00110967
-0.00137932
-0.00167046
-0.00193867
-0.00218895
-0.00245136
-0.00273185
-0.00299957
-0.00320355
-0.00330489
-0.00325518
-5.88114e-05
-5.87061e-05
-0.000101254
-0.000187797
-0.000281284
-0.000399858
-0.000573033
-0.000776852
-0.000974485
-0.00119067
-0.00145924
-0.0017569
-0.00204252
-0.0023169
-0.00259299
-0.00287521
-0.00314924
-0.00336484
-0.00347297
-0.00342316
-7.15622e-05
-7.51807e-05
-0.000125737
-0.000222946
-0.000331062
-0.000459547
-0.000632637
-0.000839518
-0.00104982
-0.00127355
-0.00154153
-0.00184478
-0.00214317
-0.00243468
-0.00272791
-0.00301613
-0.00329209
-0.0035152
-0.00363179
-0.00358532
-8.94983e-05
-9.74651e-05
-0.000155677
-0.000263136
-0.000384085
-0.000522074
-0.000696845
-0.000905274
-0.00112496
-0.00135738
-0.00162456
-0.00193089
-0.00224157
-0.00254458
-0.0028513
-0.00314949
-0.00342756
-0.0036545
-0.00377808
-0.00373705
-0.000113834
-0.000126444
-0.00019177
-0.000308059
-0.000440526
-0.000587242
-0.000763907
-0.000973621
-0.00119986
-0.00144052
-0.00170828
-0.00201366
-0.00233373
-0.0026473
-0.00296301
-0.00327023
-0.00355218
-0.00378194
-0.00391018
-0.00387428
-0.000145624
-0.000162749
-0.00023436
-0.000357845
-0.000500175
-0.000655215
-0.000833767
-0.0010433
-0.00127355
-0.00152096
-0.00179055
-0.00209349
-0.00241736
-0.00273923
-0.00306228
-0.00337618
-0.00366145
-0.00389381
-0.00402557
-0.00399408
-0.000185386
-0.000206875
-0.000283824
-0.000412824
-0.000563043
-0.000725555
-0.000906202
-0.00111462
-0.00134583
-0.00159717
-0.0018679
-0.00216762
-0.00249167
-0.00281728
-0.00314539
-0.00346514
-0.00375258
-0.00398575
-0.00412002
-0.00409315
-0.000233434
-0.000258908
-0.000340477
-0.000473393
-0.000629235
-0.000798007
-0.000980705
-0.00118751
-0.00141675
-0.00166847
-0.00193866
-0.00223288
-0.00255451
-0.00288031
-0.00320751
-0.00353092
-0.00382122
-0.00405389
-0.00418845
-0.00416539
-0.000289614
-0.000318667
-0.000403947
-0.000539678
-0.000698924
-0.000872449
-0.00105747
-0.00126273
-0.00148765
-0.00173484
-0.00200193
-0.00228726
-0.00260075
-0.00292429
-0.00324505
-0.00356512
-0.00385699
-0.00408923
-0.00422334
-0.0042031
-0.000353054
-0.000385283
-0.000473574
-0.000611584
-0.000772896
-0.000949251
-0.00113586
-0.00134003
-0.00156094
-0.00180049
-0.00205895
-0.00233124
-0.00262771
-0.00294163
-0.00325141
-0.00355908
-0.00384664
-0.00407743
-0.00421165
-0.00419533
-0.000421873
-0.000457192
-0.000548261
-0.000688391
-0.000851092
-0.00102901
-0.00121639
-0.00141937
-0.00163732
-0.00186945
-0.00211734
-0.00237428
-0.0026434
-0.00293087
-0.00321827
-0.00349926
-0.00376631
-0.00398734
-0.00412198
-0.00411604
-0.000493384
-0.000531685
-0.000625413
-0.000768254
-0.000933202
-0.00111286
-0.00130065
-0.00150045
-0.00171331
-0.00193882
-0.00217927
-0.00242909
-0.00268106
-0.00293949
-0.00319236
-0.00342347
-0.00362925
-0.00379045
-0.00387517
-0.00384189
-0.000563451
-0.00060469
-0.000701152
-0.000847107
-0.0010157
-0.00119949
-0.00139129
-0.00159202
-0.00179879
-0.00200669
-0.00221513
-0.00242802
-0.00264397
-0.00286753
-0.00309951
-0.00332637
-0.00353676
-0.00371139
-0.00381835
-0.0038148
-0.00062751
-0.000670895
-0.00076954
-0.00091802
-0.00108967
-0.00127719
-0.00147332
-0.00167955
-0.00189333
-0.00210989
-0.00232286
-0.00252558
-0.00271002
-0.00286931
-0.00300336
-0.00310644
-0.00317512
-0.00320925
-0.00320407
-0.00314905
-0.00068492
-0.000733744
-0.000837394
-0.000991448
-0.00117049
-0.00136764
-0.00157497
-0.00179276
-0.00201597
-0.00223676
-0.0024451
-0.00263248
-0.00279037
-0.00290841
-0.00298118
-0.00300322
-0.00297118
-0.00289092
-0.00277785
-0.00265653
0.00290889
0.00313262
0.00301199
0.00287137
0.00275126
0.00258441
0.00233062
0.00200736
0.00165455
0.00128977
0.000919398
0.00055007
0.000184184
-0.000181291
-0.000554625
-0.000941113
-0.00134503
-0.0017623
-0.00221353
-0.00272325
-0.00330198
-0.00395369
-0.0046691
-0.00544191
-0.006225
-0.00695572
-0.00755824
-0.00795526
-0.00811365
-0.00802801
-0.00777122
-0.0074424
-0.00711204
-0.00682714
-0.006588
-0.00639558
-0.00626871
-0.00620646
-0.00619328
-0.00620901
-0.00624286
-0.00628908
-0.00634849
-0.00643856
-0.00652991
-0.00659508
-0.00668339
-0.00678406
-0.00685789
-0.00693237
-0.00701399
-0.00710863
-0.00718869
-0.00725064
-0.00736083
-0.00745281
-0.0074867
-0.00756967
-0.0076769
-0.00775456
-0.00783593
-0.00788851
-0.00793738
-0.00805354
-0.00815656
-0.0081698
-0.00819448
-0.00830489
-0.00839731
-0.00841945
-0.00846137
-0.0085388
-0.00859014
-0.00863515
-0.00869165
-0.00873321
-0.00877952
-0.00883998
-0.00888343
-0.0089195
-0.00897133
-0.00902199
-0.0090606
-0.00910552
-0.00915714
-0.00920343
-0.009248
-0.00929654
-0.00934522
-0.00939397
-0.00944157
-0.00949211
-0.00954226
-0.0095927
-0.00964474
-0.00969567
-0.00974734
-0.00979813
-0.00984299
-0.00988737
0.00231199
0.00275864
0.00290353
0.00285294
0.00273283
0.00255239
0.00229476
0.00197472
0.00162623
0.00126417
0.000894797
0.00052571
0.000160373
-0.00020441
-0.000576745
-0.000961919
-0.00136484
-0.00178057
-0.00222927
-0.00273546
-0.00330992
-0.00395661
-0.00466432
-0.00542543
-0.00619546
-0.00691521
-0.00751319
-0.00791482
-0.00808231
-0.00800515
-0.00775454
-0.00742991
-0.00710136
-0.00681846
-0.006581
-0.00638933
-0.00626334
-0.00620165
-0.0061885
-0.00620481
-0.0062391
-0.0062853
-0.00634493
-0.00643528
-0.00652681
-0.00659204
-0.00668063
-0.00678167
-0.00685551
-0.00693003
-0.00701189
-0.00710687
-0.00718695
-0.00724874
-0.00735949
-0.00745176
-0.00748527
-0.0075684
-0.00767597
-0.00775365
-0.00783519
-0.00788768
-0.0079365
-0.00805298
-0.00815622
-0.00816926
-0.00819386
-0.00830454
-0.00839712
-0.00841908
-0.00846101
-0.00853862
-0.00858994
-0.00863492
-0.00869151
-0.00873305
-0.00877937
-0.0088399
-0.00888334
-0.00891939
-0.00897126
-0.00902195
-0.00906054
-0.00910546
-0.00915711
-0.0092034
-0.00924797
-0.00929652
-0.00934521
-0.00939396
-0.00944156
-0.0094921
-0.00954226
-0.00959269
-0.00964474
-0.00969567
-0.00974734
-0.00979813
-0.00984301
-0.00988739
0.00199846
0.0025417
0.00284445
0.00288352
0.00276764
0.00256159
0.00228273
0.00195317
0.00160216
0.0012395
0.000869096
0.000498241
0.000131676
-0.000233727
-0.000606284
-0.000990462
-0.00139216
-0.00180698
-0.00225318
-0.00275464
-0.00332231
-0.00395992
-0.00465338
-0.00539132
-0.00613268
-0.00682515
-0.00740534
-0.00780388
-0.0079852
-0.00793404
-0.00770938
-0.00740286
-0.0070853
-0.00680841
-0.00657608
-0.00638907
-0.00626539
-0.00620434
-0.00619129
-0.00620677
-0.00624058
-0.00628668
-0.00634543
-0.00643514
-0.00652642
-0.00659129
-0.00667965
-0.00678024
-0.00685384
-0.00692863
-0.00701024
-0.00710503
-0.00718525
-0.00724671
-0.00735728
-0.00744978
-0.00748355
-0.00756689
-0.00767425
-0.00775164
-0.00783355
-0.00788638
-0.00793501
-0.00805136
-0.00815482
-0.00816806
-0.00819275
-0.00830354
-0.00839616
-0.00841813
-0.00846022
-0.00853798
-0.00858929
-0.00863435
-0.00869107
-0.00873263
-0.00877897
-0.00883959
-0.00888308
-0.00891915
-0.00897107
-0.0090218
-0.00906039
-0.00910534
-0.00915702
-0.00920333
-0.00924791
-0.00929647
-0.00934517
-0.00939393
-0.00944154
-0.00949209
-0.00954225
-0.00959269
-0.00964475
-0.00969567
-0.00974736
-0.00979817
-0.00984316
-0.00988756
0.00173283
0.00230693
0.00270311
0.00283227
0.00275651
0.00255063
0.00225703
0.00191586
0.0015606
0.00119817
0.000828999
0.000458468
9.18906e-05
-0.000273502
-0.000645985
-0.0010285
-0.00142882
-0.00184283
-0.00228515
-0.00277935
-0.00333739
-0.00396196
-0.00463581
-0.00534629
-0.00605531
-0.00671717
-0.00727662
-0.00767143
-0.00786772
-0.00784611
-0.0076521
-0.00736849
-0.00706548
-0.00679586
-0.00656911
-0.00638693
-0.00626483
-0.00620507
-0.00619168
-0.0062052
-0.00623931
-0.00628567
-0.00634355
-0.00643281
-0.00652348
-0.0065882
-0.00667655
-0.00677634
-0.00684997
-0.00692544
-0.00700661
-0.00710107
-0.00718208
-0.00724328
-0.00735255
-0.00744556
-0.00748096
-0.00756436
-0.00767063
-0.00774778
-0.00783049
-0.00788414
-0.00793263
-0.0080481
-0.00815149
-0.00816581
-0.00819105
-0.00830137
-0.00839376
-0.00841618
-0.00845861
-0.0085364
-0.00858773
-0.00863293
-0.00868985
-0.00873157
-0.00877797
-0.00883863
-0.00888222
-0.00891842
-0.00897043
-0.00902122
-0.0090599
-0.00910491
-0.00915662
-0.00920297
-0.00924761
-0.00929621
-0.00934495
-0.00939375
-0.00944139
-0.00949197
-0.00954216
-0.0095926
-0.00964471
-0.00969564
-0.00974736
-0.0097982
-0.00984345
-0.0098879
0.00148273
0.00206612
0.0025266
0.00274031
0.00272647
0.0025415
0.00224333
0.00188983
0.0015251
0.00115809
0.000787875
0.000417576
5.13431e-05
-0.000313902
-0.000686252
-0.00106691
-0.00146544
-0.00187824
-0.00231572
-0.00280116
-0.0033479
-0.00395755
-0.00460965
-0.00529019
-0.00596648
-0.00659855
-0.00713791
-0.00752913
-0.00773955
-0.00774674
-0.00758518
-0.0073278
-0.00704207
-0.00678136
-0.00656053
-0.00638279
-0.00626254
-0.00620434
-0.00619069
-0.0062028
-0.00623757
-0.00628453
-0.00634169
-0.00643013
-0.00652015
-0.00658485
-0.00667314
-0.00677191
-0.00684539
-0.00692186
-0.0070025
-0.0070962
-0.00717842
-0.00723921
-0.00734611
-0.00743991
-0.00747784
-0.00756091
-0.00766562
-0.0077425
-0.00782597
-0.00788091
-0.0079294
-0.00804301
-0.0081461
-0.00816256
-0.00818863
-0.00829767
-0.00838973
-0.00841312
-0.00845598
-0.00853363
-0.00858507
-0.00863051
-0.0086877
-0.00872972
-0.00877619
-0.00883685
-0.00888067
-0.00891713
-0.00896922
-0.0090201
-0.00905896
-0.0091041
-0.00915586
-0.00920228
-0.00924702
-0.00929569
-0.00934449
-0.00939335
-0.00944106
-0.00949169
-0.00954193
-0.00959241
-0.00964457
-0.00969553
-0.00974732
-0.00979821
-0.00984382
-0.00988838
0.00124322
0.00182953
0.00234015
0.00262544
0.00267797
0.00252979
0.00223867
0.00187426
0.00149563
0.00111921
0.000744998
0.000373906
8.14647e-06
-0.000356591
-0.000728805
-0.00110756
-0.00150328
-0.00191372
-0.00234576
-0.00282179
-0.00335554
-0.00394867
-0.00457878
-0.00522908
-0.00587294
-0.00647691
-0.00699709
-0.00738433
-0.00760739
-0.00764171
-0.00751275
-0.00728282
-0.00701655
-0.00676662
-0.00655167
-0.00637823
-0.00625978
-0.00620277
-0.00618939
-0.00620039
-0.00623573
-0.00628343
-0.00633959
-0.00642712
-0.00651676
-0.00658146
-0.00666953
-0.00676711
-0.00684032
-0.00691785
-0.00699794
-0.00709074
-0.00717418
-0.00723443
-0.00733867
-0.00743347
-0.00747429
-0.00755687
-0.00765971
-0.0077362
-0.00782057
-0.00787715
-0.00792555
-0.00803677
-0.00813957
-0.00815876
-0.00818569
-0.00829299
-0.0083847
-0.00840937
-0.00845266
-0.00853007
-0.00858168
-0.00862736
-0.00868484
-0.00872727
-0.00877384
-0.00883444
-0.00887856
-0.00891533
-0.0089675
-0.00901852
-0.00905766
-0.00910292
-0.00915473
-0.00920126
-0.00924615
-0.0092949
-0.00934379
-0.00939274
-0.00944056
-0.00949123
-0.00954156
-0.00959208
-0.00964432
-0.00969532
-0.00974722
-0.00979816
-0.00984421
-0.00988896
0.00100871
0.0015975
0.00214748
0.00249273
0.00260845
0.00250611
0.00223325
0.00186375
0.00147082
0.00108189
0.000700417
0.000326142
-3.97898e-05
-0.000403346
-0.00077516
-0.00115177
-0.00154337
-0.00195007
-0.00237626
-0.00284229
-0.00336141
-0.00393642
-0.00454457
-0.00516517
-0.00577675
-0.00635394
-0.00685627
-0.00723898
-0.00747226
-0.00753135
-0.00743421
-0.00723268
-0.00698796
-0.00675038
-0.00654204
-0.00637313
-0.00625608
-0.00620038
-0.00618772
-0.00619747
-0.00623328
-0.00628179
-0.00633696
-0.00642376
-0.0065133
-0.00657784
-0.00666541
-0.00676179
-0.00683463
-0.00691319
-0.006993
-0.00708478
-0.00716924
-0.00722913
-0.00733069
-0.00742637
-0.00747028
-0.00755242
-0.00765316
-0.00772922
-0.00781471
-0.00787303
-0.00792122
-0.00802988
-0.00813245
-0.00815457
-0.00818238
-0.00828774
-0.0083791
-0.00840522
-0.00844892
-0.00852603
-0.00857783
-0.0086238
-0.00868159
-0.00872448
-0.00877111
-0.00883164
-0.00887612
-0.00891326
-0.00896551
-0.00901667
-0.0090561
-0.0091015
-0.00915338
-0.00920005
-0.0092451
-0.00929394
-0.00934293
-0.00939198
-0.00943992
-0.00949067
-0.0095411
-0.00959167
-0.009644
-0.00969504
-0.00974707
-0.00979808
-0.00984458
-0.00988958
0.000777196
0.00136857
0.00195153
0.00234867
0.00252098
0.00246772
0.00222125
0.00185404
0.00144913
0.00104612
0.000654569
0.000274446
-9.29076e-05
-0.000454671
-0.000825126
-0.00119929
-0.00158587
-0.00198757
-0.00240707
-0.00286164
-0.0033649
-0.00392083
-0.00450644
-0.00509854
-0.00567904
-0.0062299
-0.00671505
-0.00709232
-0.00733349
-0.00741491
-0.00734819
-0.00717621
-0.00695486
-0.00673134
-0.00653138
-0.00636768
-0.00625181
-0.00619723
-0.00618525
-0.00619362
-0.00622973
-0.00627934
-0.00633378
-0.00641986
-0.00650936
-0.00657364
-0.0066607
-0.00675598
-0.00682832
-0.00690813
-0.00698781
-0.00707819
-0.00716366
-0.0072235
-0.00732219
-0.00741855
-0.00746578
-0.00754762
-0.00764622
-0.00772183
-0.0078084
-0.0078685
-0.00791654
-0.00802254
-0.0081248
-0.00815001
-0.00817877
-0.00828206
-0.00837307
-0.00840074
-0.00844485
-0.00852162
-0.00857367
-0.00861994
-0.00867804
-0.00872141
-0.00876814
-0.00882859
-0.00887345
-0.00891099
-0.00896332
-0.00901463
-0.00905439
-0.00909993
-0.00915189
-0.0091987
-0.00924394
-0.00929287
-0.00934197
-0.00939113
-0.00943921
-0.00949003
-0.00954058
-0.0095912
-0.00964363
-0.00969472
-0.00974689
-0.00979799
-0.00984493
-0.00989024
0.000548482
0.0011429
0.00175541
0.00219733
0.00241789
0.00241139
0.00219764
0.00184072
0.00142861
0.00101228
0.000609064
0.000221028
-0.00014981
-0.000510282
-0.00087792
-0.00124937
-0.00163086
-0.00202625
-0.00243746
-0.00287863
-0.00336553
-0.00390219
-0.00446415
-0.00502908
-0.00558055
-0.0061049
-0.00657245
-0.00694396
-0.00719138
-0.00729266
-0.0072551
-0.00711321
-0.00691695
-0.00670949
-0.00651924
-0.00636174
-0.00624709
-0.00619268
-0.00618138
-0.00618871
-0.00622504
-0.00627615
-0.00633009
-0.00641525
-0.00650484
-0.00656909
-0.00665573
-0.00674988
-0.00682161
-0.00690264
-0.0069821
-0.0070709
-0.00715757
-0.00721756
-0.0073132
-0.00741017
-0.00746089
-0.00754255
-0.007639
-0.00771398
-0.00780144
-0.00786351
-0.00791162
-0.00801476
-0.00811657
-0.00814507
-0.00817488
-0.00827599
-0.00836661
-0.00839594
-0.00844048
-0.00851687
-0.0085692
-0.00861578
-0.00867421
-0.0087181
-0.00876495
-0.0088253
-0.00887056
-0.00890851
-0.00896096
-0.00901244
-0.00905254
-0.00909823
-0.00915027
-0.00919724
-0.00924269
-0.00929171
-0.00934094
-0.0093902
-0.00943844
-0.00948933
-0.00954001
-0.00959069
-0.00964323
-0.00969437
-0.00974669
-0.0097979
-0.00984526
-0.00989092
0.000322679
0.00091994
0.00155882
0.00203973
0.00230132
0.0023373
0.00215997
0.00182125
0.00140811
0.000980564
0.000564771
0.000167318
-0.000209168
-0.000569919
-0.00093356
-0.0013016
-0.00167847
-0.0020661
-0.00246689
-0.00289316
-0.00336322
-0.00388048
-0.00441821
-0.00495698
-0.00548123
-0.0059791
-0.00642837
-0.00679427
-0.00704709
-0.00716582
-0.00715565
-0.00704307
-0.0068731
-0.00668399
-0.00650442
-0.0063543
-0.006242
-0.00618712
-0.00617645
-0.00618337
-0.00621961
-0.00627209
-0.00632567
-0.00640976
-0.00649981
-0.00656428
-0.00665025
-0.00674347
-0.00681446
-0.00689628
-0.00697583
-0.00706334
-0.0071511
-0.00721135
-0.00730383
-0.00740118
-0.00745551
-0.00753713
-0.0076313
-0.00770549
-0.00779392
-0.0078582
-0.00790644
-0.00800649
-0.00810773
-0.00813972
-0.00817072
-0.0082695
-0.0083597
-0.0083908
-0.00843577
-0.00851175
-0.0085644
-0.00861135
-0.0086701
-0.00871455
-0.00876151
-0.00882176
-0.00886745
-0.00890587
-0.00895842
-0.00901007
-0.00905053
-0.00909638
-0.00914852
-0.00919567
-0.00924133
-0.00929046
-0.00933982
-0.0093892
-0.00943761
-0.00948858
-0.0095394
-0.00959013
-0.0096428
-0.009694
-0.00974647
-0.00979781
-0.00984555
-0.00989162
9.9239e-05
0.000698675
0.00136071
0.00187695
0.00217501
0.00224845
0.00210754
0.00179285
0.0013848
0.00094918
0.000521274
0.000113759
-0.000269829
-0.000632721
-0.000992462
-0.00135596
-0.0017279
-0.00210698
-0.00249593
-0.00290642
-0.00335807
-0.00385526
-0.00436961
-0.00488282
-0.0053804
-0.00585281
-0.00628402
-0.00664369
-0.0069012
-0.00703506
-0.0070496
-0.0069652
-0.0068221
-0.00665398
-0.00648714
-0.00634544
-0.00623695
-0.00618157
-0.00617085
-0.00617743
-0.00621295
-0.00626654
-0.00632008
-0.00640321
-0.00649431
-0.00655909
-0.00664412
-0.00673685
-0.006807
-0.00688921
-0.00696935
-0.00705558
-0.00714395
-0.00720451
-0.00729383
-0.00739141
-0.0074497
-0.00753141
-0.00762301
-0.00769641
-0.00778606
-0.00785255
-0.00790076
-0.00799764
-0.00809833
-0.00813398
-0.00816622
-0.00826254
-0.00835229
-0.00838529
-0.00843073
-0.00850626
-0.00855927
-0.00860659
-0.00866567
-0.0087107
-0.00875782
-0.00881799
-0.00886413
-0.00890301
-0.00895568
-0.00900752
-0.00904837
-0.0090944
-0.00914665
-0.00919398
-0.00923988
-0.0092891
-0.00933862
-0.00938812
-0.00943671
-0.00948777
-0.00953873
-0.00958954
-0.00964233
-0.0096936
-0.00974622
-0.0097977
-0.00984582
-0.00989234
-0.000121099
0.00047963
0.00116155
0.00170997
0.00204183
0.00214751
0.00204023
0.00175284
0.00135572
0.000916489
0.000478118
6.08002e-05
-0.000330618
-0.0006971
-0.00105442
-0.00141252
-0.00177799
-0.00214875
-0.00252566
-0.00291909
-0.00334969
-0.00382596
-0.00431899
-0.00480693
-0.00527744
-0.00572627
-0.00614064
-0.00649278
-0.00675374
-0.00690108
-0.00693783
-0.00688033
-0.00676426
-0.00661916
-0.00646746
-0.00633484
-0.00623084
-0.00617554
-0.00616439
-0.00617023
-0.00620482
-0.00625965
-0.00631349
-0.0063958
-0.00648839
-0.00655376
-0.00663748
-0.00672966
-0.00679909
-0.00688161
-0.00696234
-0.00704712
-0.00713588
-0.00719702
-0.00728339
-0.00738123
-0.00744358
-0.00752526
-0.00761402
-0.00768667
-0.00777769
-0.00784639
-0.00789452
-0.00798819
-0.00808839
-0.00812782
-0.00816133
-0.00825505
-0.0083444
-0.00837945
-0.00842535
-0.00850035
-0.00855375
-0.00860149
-0.00866092
-0.00870658
-0.00875387
-0.00881393
-0.00886054
-0.00889992
-0.00895275
-0.00900479
-0.00904606
-0.00909225
-0.00914463
-0.00919216
-0.00923831
-0.00928765
-0.00933733
-0.00938697
-0.00943575
-0.00948689
-0.00953802
-0.00958891
-0.00964181
-0.00969319
-0.00974595
-0.00979759
-0.00984606
-0.00989305
-0.000338257
0.000262637
0.000960978
0.00153816
0.00190188
0.00203657
0.00195924
0.00169989
0.00131858
0.00088088
0.000434749
8.01679e-06
-0.000391026
-0.000761991
-0.0011189
-0.00147142
-0.00182847
-0.00219061
-0.00255606
-0.00293128
-0.00333843
-0.00379287
-0.00426569
-0.00472883
-0.00517262
-0.00559983
-0.00599886
-0.00634243
-0.00660496
-0.00676468
-0.00682161
-0.00678876
-0.00669925
-0.00657804
-0.0064435
-0.00632175
-0.00622294
-0.00616852
-0.00615757
-0.00616256
-0.00619567
-0.00625175
-0.00630615
-0.00638702
-0.00648134
-0.00654809
-0.00662989
-0.00672121
-0.00679066
-0.00687372
-0.00695495
-0.00703814
-0.00712715
-0.00718908
-0.00727259
-0.00737036
-0.00743659
-0.00751847
-0.00760453
-0.00767623
-0.00776861
-0.00783985
-0.00788795
-0.00797811
-0.00807779
-0.00812123
-0.00815604
-0.00824704
-0.00833601
-0.00837323
-0.00841954
-0.00849397
-0.00854787
-0.00859609
-0.00865586
-0.00870215
-0.00874962
-0.00880957
-0.00885671
-0.00889664
-0.00894961
-0.00900186
-0.00904355
-0.00908994
-0.00914246
-0.00919021
-0.00923662
-0.00928608
-0.00933594
-0.00938572
-0.0094347
-0.00948596
-0.00953724
-0.00958825
-0.00964125
-0.00969276
-0.00974564
-0.00979746
-0.00984627
-0.00989376
-0.000553068
4.75953e-05
0.000759017
0.00136152
0.00175527
0.00191785
0.00186683
0.00163395
0.00127132
0.000839812
0.000389646
-4.55957e-05
-0.000451325
-0.000826969
-0.00118484
-0.00153208
-0.00187972
-0.00223174
-0.0025861
-0.00294366
-0.00332589
-0.00375633
-0.00420856
-0.00464918
-0.0050684
-0.0054745
-0.0058583
-0.00619305
-0.00645579
-0.0066261
-0.00670143
-0.00669083
-0.00662658
-0.00652997
-0.00641412
-0.00630589
-0.00621415
-0.00616023
-0.00615023
-0.00615527
-0.00618536
-0.00624218
-0.00629762
-0.00637623
-0.00647268
-0.00654198
-0.00662151
-0.00671214
-0.00678209
-0.00686546
-0.00694738
-0.00702868
-0.0071172
-0.00718025
-0.00726116
-0.00735846
-0.00742885
-0.00751159
-0.00759483
-0.00766492
-0.00775862
-0.00783299
-0.00788116
-0.00796732
-0.00806632
-0.00811418
-0.00815045
-0.00823848
-0.00832703
-0.0083666
-0.00841335
-0.00848716
-0.0085416
-0.0085903
-0.00865038
-0.00869736
-0.00874509
-0.00880494
-0.00885261
-0.00889309
-0.00894621
-0.0089987
-0.00904087
-0.00908746
-0.00914012
-0.00918811
-0.0092348
-0.00928439
-0.00933444
-0.00938439
-0.00943357
-0.00948497
-0.00953639
-0.00958754
-0.00964064
-0.00969229
-0.0097453
-0.00979731
-0.00984647
-0.00989445
-0.000765183
-0.000163901
0.000557421
0.00118111
0.00160242
0.00179225
0.00176533
0.0015558
0.00121248
0.000791068
0.000341304
-9.98788e-05
-0.000511802
-0.00089157
-0.00125074
-0.00159369
-0.00193194
-0.00227181
-0.00261384
-0.00295612
-0.00331384
-0.00371706
-0.00414779
-0.00456915
-0.00496596
-0.00534961
-0.00571745
-0.00604472
-0.00630805
-0.00648639
-0.00657771
-0.00658783
-0.00654664
-0.0064749
-0.006379
-0.006286
-0.00620423
-0.00615074
-0.00614129
-0.0061479
-0.006174
-0.00623047
-0.00628799
-0.00636422
-0.00646266
-0.0065353
-0.00661258
-0.0067027
-0.00677288
-0.00685578
-0.00693917
-0.00701897
-0.00710611
-0.00717055
-0.00724935
-0.00734584
-0.00742056
-0.00750444
-0.00758447
-0.00765263
-0.00774779
-0.00782565
-0.00787404
-0.00795587
-0.00805399
-0.00810662
-0.0081446
-0.00822936
-0.00831736
-0.00835955
-0.00840681
-0.00847985
-0.00853482
-0.00858411
-0.00864455
-0.00869227
-0.00874024
-0.00879996
-0.00884818
-0.00888928
-0.00894259
-0.00899533
-0.00903797
-0.00908478
-0.0091376
-0.00918586
-0.00923284
-0.00928259
-0.00933282
-0.00938297
-0.00943235
-0.0094839
-0.00953546
-0.00958677
-0.00963998
-0.00969179
-0.00974493
-0.00979713
-0.00984663
-0.0098951
-0.000974898
-0.000371378
0.000357565
0.000997886
0.0014435
0.0016595
0.00165613
0.00146717
0.00114198
0.000732914
0.000287751
-0.000155538
-0.000573039
-0.000956069
-0.00131599
-0.00165542
-0.00198432
-0.00231098
-0.00263913
-0.0029681
-0.00330324
-0.00367647
-0.00408388
-0.00448832
-0.00486463
-0.00522497
-0.0055771
-0.00589854
-0.00616305
-0.00634698
-0.00645043
-0.0064799
-0.00645983
-0.00641216
-0.00633827
-0.00626091
-0.0061912
-0.00614069
-0.00613039
-0.00613924
-0.00616273
-0.00621747
-0.00627762
-0.00635173
-0.00645067
-0.00652697
-0.00660243
-0.00669213
-0.00676301
-0.00684478
-0.00693018
-0.00700994
-0.0070948
-0.00715947
-0.00723664
-0.00733251
-0.00741134
-0.00749664
-0.00757371
-0.00763979
-0.00773615
-0.0078175
-0.00786648
-0.00794404
-0.00804094
-0.00809833
-0.00813828
-0.00821972
-0.00830707
-0.00835202
-0.00839982
-0.008472
-0.00852761
-0.00857757
-0.00863834
-0.00868675
-0.008735
-0.00879465
-0.00884348
-0.00888521
-0.00893869
-0.0089917
-0.00903486
-0.00908191
-0.0091349
-0.00918346
-0.00923073
-0.00928065
-0.00933107
-0.00938144
-0.00943102
-0.00948276
-0.00953446
-0.00958596
-0.00963927
-0.00969124
-0.00974452
-0.00979691
-0.00984676
-0.00989573
-0.00118375
-0.000576259
0.000160128
0.000813436
0.00127937
0.00151959
0.0015393
0.00136985
0.00106089
0.00066462
0.0002273
-0.000214221
-0.000634994
-0.00102065
-0.0013804
-0.00171624
-0.00203635
-0.00235031
-0.00266323
-0.00297728
-0.0032923
-0.00363637
-0.00401801
-0.00440588
-0.00476418
-0.00510277
-0.00543983
-0.00575495
-0.00601995
-0.00620834
-0.00632055
-0.0063672
-0.00636732
-0.0063423
-0.00629183
-0.00623018
-0.0061729
-0.00612962
-0.0061189
-0.00612917
-0.00615163
-0.00620366
-0.00626563
-0.00633787
-0.00643636
-0.00651679
-0.00659094
-0.00668043
-0.00675335
-0.0068334
-0.00691999
-0.00700096
-0.00708307
-0.00714654
-0.00722275
-0.00731881
-0.00740133
-0.00748814
-0.00756268
-0.00762632
-0.00772351
-0.00780861
-0.00785843
-0.00793168
-0.00802711
-0.00808921
-0.00813142
-0.00820964
-0.0082962
-0.00834392
-0.00839234
-0.00846368
-0.00851993
-0.00857056
-0.00863164
-0.00868086
-0.00872946
-0.008789
-0.00883843
-0.00888082
-0.00893451
-0.00898784
-0.00903152
-0.00907882
-0.00913197
-0.00918087
-0.00922846
-0.00927857
-0.00932919
-0.00937982
-0.0094296
-0.00948154
-0.00953338
-0.00958509
-0.0096385
-0.00969064
-0.00974409
-0.00979666
-0.00984686
-0.0098963
-0.00139314
-0.000780447
-3.48719e-05
0.000630056
0.00111232
0.00137361
0.00141478
0.00126483
0.00097105
0.000586975
0.000159045
-0.00027762
-0.000698457
-0.00108575
-0.00144429
-0.00177587
-0.00208761
-0.00238917
-0.00268536
-0.00298184
-0.00327954
-0.00359882
-0.00395263
-0.00432163
-0.00466537
-0.00498579
-0.00530683
-0.00561295
-0.00587697
-0.00607052
-0.00619095
-0.00625112
-0.00626921
-0.00626577
-0.00623847
-0.00619392
-0.00614914
-0.00611539
-0.00610764
-0.00611834
-0.00613887
-0.00618835
-0.00625185
-0.00632287
-0.00642121
-0.0065057
-0.00657802
-0.00666691
-0.00674304
-0.00682167
-0.00690829
-0.0069907
-0.007071
-0.00713325
-0.00720824
-0.0073042
-0.00739017
-0.00747886
-0.0075513
-0.00761218
-0.00770994
-0.00779903
-0.00784967
-0.00791849
-0.00801268
-0.00807964
-0.00812397
-0.00819887
-0.00828472
-0.00833532
-0.00838433
-0.00845478
-0.00851173
-0.0085631
-0.00862453
-0.00867457
-0.0087235
-0.00878296
-0.00883303
-0.00887616
-0.00893004
-0.0089837
-0.00902791
-0.0090755
-0.00912885
-0.00917813
-0.00922603
-0.00927634
-0.00932716
-0.00937806
-0.00942806
-0.00948022
-0.00953222
-0.00958413
-0.00963767
-0.00969
-0.00974361
-0.00979637
-0.00984691
-0.00989681
-0.00160298
-0.000985273
-0.000229134
0.000448106
0.000944091
0.00122263
0.00128257
0.0011515
0.00087353
0.000501413
8.29021e-05
-0.000346973
-0.000765301
-0.00115202
-0.00150756
-0.00183393
-0.00213713
-0.0024266
-0.00270592
-0.00298382
-0.00326499
-0.00356319
-0.00388962
-0.0042367
-0.00456846
-0.00487444
-0.00517765
-0.00547242
-0.00573462
-0.00593452
-0.00606388
-0.00613333
-0.00616504
-0.00618233
-0.00617848
-0.00615277
-0.00612058
-0.00609589
-0.00609458
-0.00610748
-0.00612461
-0.00617122
-0.00623713
-0.00630754
-0.00640526
-0.00649341
-0.00656306
-0.00665002
-0.00673088
-0.00681019
-0.00689628
-0.00697937
-0.00705853
-0.00712008
-0.0071929
-0.00728776
-0.00737771
-0.00746914
-0.00753946
-0.00759721
-0.00769545
-0.00778878
-0.00784038
-0.00790456
-0.00799751
-0.00806955
-0.00811586
-0.00818723
-0.00827257
-0.00832635
-0.0083758
-0.00844522
-0.00850301
-0.00855522
-0.00861692
-0.00866784
-0.00871719
-0.00877657
-0.00882726
-0.00887113
-0.00892524
-0.00897931
-0.00902409
-0.00907197
-0.0091255
-0.00917517
-0.00922339
-0.00927393
-0.00932499
-0.00937619
-0.00942641
-0.0094788
-0.00953098
-0.00958311
-0.00963679
-0.00968929
-0.0097431
-0.00979603
-0.0098469
-0.00989726
-0.00181146
-0.00119046
-0.000424757
0.000265624
0.000774942
0.0010681
0.00114433
0.00103042
0.000768889
0.00040924
-4.26347e-07
-0.000422947
-0.0008367
-0.00122014
-0.00157034
-0.00189064
-0.00218515
-0.00246251
-0.00272556
-0.00298444
-0.00324771
-0.00352683
-0.00382957
-0.00415332
-0.00447247
-0.00476758
-0.00505384
-0.00533637
-0.00559527
-0.00580014
-0.00593817
-0.00601489
-0.00605629
-0.00609202
-0.00611289
-0.00610694
-0.0060868
-0.00607091
-0.00607681
-0.00609567
-0.00611165
-0.00615265
-0.00622028
-0.0062916
-0.00638755
-0.00647944
-0.00654691
-0.00663021
-0.00671696
-0.00679901
-0.00688403
-0.00696729
-0.00704489
-0.00710565
-0.0071772
-0.00727056
-0.00736361
-0.00745841
-0.00752727
-0.00758159
-0.00768006
-0.00777796
-0.0078307
-0.00788972
-0.00798105
-0.00805877
-0.00810756
-0.00817491
-0.00825951
-0.0083169
-0.00836686
-0.00843496
-0.0084937
-0.00854697
-0.00860891
-0.00866062
-0.0087104
-0.00876973
-0.00882109
-0.0088658
-0.00892017
-0.00897462
-0.00901994
-0.00906811
-0.00912187
-0.009172
-0.0092206
-0.00927137
-0.00932267
-0.00937417
-0.00942465
-0.00947727
-0.00952964
-0.009582
-0.00963584
-0.00968851
-0.00974253
-0.00979564
-0.00984684
-0.00989763
-0.00201535
-0.00139316
-0.000620716
8.15485e-05
0.000604466
0.000911403
0.00100202
0.000902895
0.000656685
0.000310243
-9.02301e-05
-0.000505079
-0.000912034
-0.00129069
-0.00163415
-0.00194681
-0.00223173
-0.00249607
-0.00274407
-0.00298415
-0.00322819
-0.00348904
-0.00377211
-0.00407406
-0.00437817
-0.00466503
-0.00493793
-0.00520719
-0.00545951
-0.00566556
-0.00581171
-0.00589683
-0.00594638
-0.00599626
-0.00604083
-0.0060563
-0.00604783
-0.00604097
-0.00605366
-0.00608027
-0.00610088
-0.00613438
-0.00619933
-0.00627441
-0.00636872
-0.00646338
-0.00653134
-0.00660937
-0.00669954
-0.00678571
-0.00687054
-0.00695535
-0.00703127
-0.00708924
-0.00716087
-0.0072538
-0.00734769
-0.00744583
-0.00751512
-0.00756558
-0.00766331
-0.00776632
-0.00782066
-0.00787407
-0.00796339
-0.00804729
-0.00809916
-0.00816201
-0.00824524
-0.00830675
-0.00835772
-0.00842423
-0.00848369
-0.00853813
-0.0086003
-0.00865281
-0.00870317
-0.00876259
-0.00881462
-0.00886007
-0.00891465
-0.00896954
-0.00901551
-0.00906403
-0.00911807
-0.00916865
-0.00921762
-0.0092686
-0.00932017
-0.00937201
-0.00942275
-0.00947562
-0.0095282
-0.00958079
-0.00963482
-0.00968766
-0.00974191
-0.00979521
-0.0098467
-0.0098979
-0.00221319
-0.00159114
-0.000814797
-0.00010362
0.000431655
0.000752186
0.000856395
0.000770419
0.000537482
0.000204076
-0.000185632
-0.000591955
-0.000990704
-0.00136401
-0.00170068
-0.00200332
-0.0022772
-0.00252768
-0.00276135
-0.00298348
-0.0032077
-0.00345056
-0.00371622
-0.00400001
-0.00428751
-0.00456571
-0.00482941
-0.00508547
-0.00532827
-0.00553161
-0.00568466
-0.00578002
-0.00583751
-0.0058972
-0.00596113
-0.00600062
-0.00600533
-0.00600594
-0.00602556
-0.00605905
-0.00608884
-0.00611823
-0.00617557
-0.00625538
-0.00634986
-0.00644459
-0.00651592
-0.00658821
-0.00667698
-0.0067693
-0.00685699
-0.00694383
-0.00701839
-0.007071
-0.00714222
-0.00723782
-0.00733152
-0.00743071
-0.00750194
-0.00754927
-0.00764524
-0.00775379
-0.0078106
-0.00785814
-0.00794456
-0.00803438
-0.00809012
-0.00814894
-0.00823023
-0.00829572
-0.00834818
-0.00841298
-0.00847277
-0.00852857
-0.00859138
-0.00864479
-0.00869558
-0.00875492
-0.00880757
-0.00885388
-0.00890883
-0.00896426
-0.00901088
-0.00905968
-0.00911395
-0.009165
-0.0092144
-0.00926564
-0.00931751
-0.00936969
-0.00942072
-0.00947385
-0.00952665
-0.0095795
-0.00963372
-0.00968674
-0.00974122
-0.0097947
-0.00984649
-0.00989808
-0.00240494
-0.00178366
-0.00100541
-0.000287977
0.000257287
0.000590239
0.00070761
0.000633728
0.000412583
9.10088e-05
-0.000286648
-0.00068309
-0.00107287
-0.0014393
-0.00176995
-0.00206141
-0.00232226
-0.00255765
-0.00277621
-0.00298227
-0.00318775
-0.0034132
-0.00366184
-0.00393012
-0.00420213
-0.00446965
-0.00472689
-0.00497169
-0.00520377
-0.00540169
-0.00555794
-0.00566324
-0.00572941
-0.00579688
-0.0058752
-0.00593887
-0.00596043
-0.00596632
-0.00599212
-0.00603247
-0.00607173
-0.00610337
-0.00615339
-0.00623417
-0.0063296
-0.00642298
-0.00649852
-0.00656737
-0.00665196
-0.0067507
-0.0068425
-0.00692989
-0.00700553
-0.00705367
-0.0071212
-0.00722078
-0.00731603
-0.00741351
-0.00748654
-0.00753296
-0.00762659
-0.00774017
-0.00780042
-0.00784182
-0.00792428
-0.00801995
-0.00808058
-0.00813607
-0.00821477
-0.00828342
-0.00833762
-0.00840133
-0.00846159
-0.00851863
-0.00858196
-0.00863613
-0.00868728
-0.00874667
-0.00880022
-0.00884748
-0.00890273
-0.00895859
-0.00900585
-0.00905493
-0.00910953
-0.00916115
-0.00921101
-0.00926249
-0.00931465
-0.00936722
-0.00941854
-0.00947195
-0.00952499
-0.00957809
-0.00963253
-0.00968574
-0.00974046
-0.00979414
-0.00984619
-0.00989814
-0.00259002
-0.00197044
-0.00119171
-0.000470004
8.33583e-05
0.000426171
0.000555093
0.000492497
0.000282584
-2.78661e-05
-0.000393515
-0.000778222
-0.0011582
-0.00151603
-0.00184055
-0.00212123
-0.00236713
-0.00258681
-0.00278941
-0.00298128
-0.00316981
-0.00337786
-0.00360983
-0.00386369
-0.00412308
-0.00437866
-0.00462864
-0.00486502
-0.00508803
-0.00527926
-0.00543314
-0.00554527
-0.00562105
-0.00569625
-0.00578585
-0.00587089
-0.00591266
-0.00592393
-0.00595286
-0.00600125
-0.00604909
-0.00608626
-0.0061338
-0.0062115
-0.00630683
-0.00640058
-0.00647857
-0.00654586
-0.0066272
-0.00672948
-0.00682421
-0.00691267
-0.00699293
-0.00703935
-0.00709877
-0.00719998
-0.00730067
-0.00739667
-0.00746924
-0.00751562
-0.00760728
-0.00772511
-0.00778955
-0.00782542
-0.00790335
-0.00800453
-0.00807016
-0.00812247
-0.00819866
-0.00827035
-0.00832642
-0.00838944
-0.00845009
-0.00850775
-0.00857144
-0.00862689
-0.00867889
-0.00873828
-0.00879246
-0.00884052
-0.0088961
-0.0089525
-0.00900051
-0.00904995
-0.00910488
-0.00915706
-0.00920736
-0.00925911
-0.0093116
-0.00936458
-0.00941622
-0.0094699
-0.0095232
-0.00957657
-0.00963125
-0.00968466
-0.00973963
-0.00979351
-0.0098458
-0.00989809
-0.00276726
-0.00215
-0.00137209
-0.000648409
-8.88212e-05
0.000261524
0.000399344
0.000346975
0.000147313
-0.000151895
-0.000506416
-0.000878622
-0.00124747
-0.0015948
-0.0019106
-0.00218181
-0.00241282
-0.00261694
-0.00280273
-0.00297987
-0.00315303
-0.00334459
-0.00356218
-0.00380203
-0.00404994
-0.00429367
-0.00453424
-0.00476406
-0.00498088
-0.00516592
-0.00531329
-0.00542713
-0.00551176
-0.00559595
-0.00569561
-0.00579798
-0.00586056
-0.0058798
-0.00590942
-0.00596521
-0.00602194
-0.0060639
-0.00611255
-0.00618938
-0.00628448
-0.00637842
-0.00645528
-0.0065209
-0.00660262
-0.00670715
-0.00680292
-0.00689297
-0.0069792
-0.00702596
-0.00707651
-0.00717662
-0.00728408
-0.00738077
-0.00745119
-0.0074959
-0.00758614
-0.0077091
-0.0077788
-0.00780957
-0.00788181
-0.00798741
-0.00805813
-0.00810793
-0.00818248
-0.00825754
-0.00831456
-0.00837604
-0.00843759
-0.00849663
-0.00856077
-0.00861734
-0.00867006
-0.00872924
-0.008784
-0.00883307
-0.00888914
-0.00894615
-0.00899489
-0.00904463
-0.00909988
-0.0091527
-0.00920351
-0.00925554
-0.00930834
-0.00936175
-0.00941372
-0.00946771
-0.00952129
-0.00957494
-0.00962987
-0.00968348
-0.00973869
-0.00979278
-0.00984531
-0.0098979
-0.00293654
-0.00232035
-0.0015445
-0.000821686
-0.000258985
9.76568e-05
0.000242117
0.000198209
7.16058e-06
-0.000281372
-0.00062535
-0.000985509
-0.00134071
-0.00167537
-0.00197944
-0.00224192
-0.0024597
-0.00264786
-0.00281666
-0.00297817
-0.00313804
-0.00331501
-0.00352023
-0.0037471
-0.00398322
-0.00421549
-0.00444518
-0.00466749
-0.00487951
-0.00506119
-0.00520172
-0.00531318
-0.0054033
-0.00549551
-0.00560424
-0.00572036
-0.0058034
-0.00583453
-0.00586426
-0.00592367
-0.00598976
-0.00603756
-0.00608734
-0.00616699
-0.0062642
-0.00635582
-0.00642957
-0.00649331
-0.0065762
-0.00668429
-0.00678076
-0.00687047
-0.00696223
-0.00701191
-0.00705553
-0.00715325
-0.00726539
-0.00736336
-0.00743333
-0.00747531
-0.00756267
-0.00769215
-0.00776862
-0.00779349
-0.00785871
-0.00796879
-0.00804572
-0.00809331
-0.00816556
-0.00824387
-0.00830197
-0.00836177
-0.00842471
-0.00848569
-0.00854964
-0.00860659
-0.00866032
-0.0087199
-0.00877534
-0.00882524
-0.00888179
-0.00893945
-0.00898893
-0.00903897
-0.00909458
-0.00914808
-0.00919939
-0.00925169
-0.00930485
-0.00935875
-0.00941109
-0.00946538
-0.00951925
-0.00957318
-0.00962838
-0.0096822
-0.00973766
-0.00979197
-0.00984469
-0.00989756
-0.00310051
-0.00248256
-0.00170868
-0.000988494
-0.000426037
-6.49049e-05
8.51518e-05
4.7793e-05
-0.000136176
-0.000416344
-0.000750017
-0.0010987
-0.00143887
-0.00175867
-0.00204866
-0.00230034
-0.00250653
-0.0026791
-0.0028322
-0.00297842
-0.00312564
-0.00328973
-0.00348351
-0.00369992
-0.00392471
-0.00414473
-0.00436247
-0.00457491
-0.00478079
-0.00496306
-0.00510145
-0.005209
-0.00529863
-0.00539371
-0.00551091
-0.00563899
-0.00574182
-0.00578859
-0.00581847
-0.00587789
-0.00595285
-0.00600951
-0.00605861
-0.00613837
-0.00624263
-0.00633615
-0.0064056
-0.00646422
-0.00654427
-0.00665808
-0.00676086
-0.00684749
-0.00694064
-0.0069964
-0.00703499
-0.00712964
-0.00724634
-0.00734387
-0.00741465
-0.0074563
-0.00753729
-0.00767143
-0.00775821
-0.00777834
-0.00783498
-0.00794957
-0.00803315
-0.00807752
-0.0081465
-0.00822939
-0.00829046
-0.00834776
-0.00841021
-0.00847327
-0.00853815
-0.00859565
-0.00865017
-0.00871022
-0.00876635
-0.00881698
-0.00887395
-0.00893238
-0.00898269
-0.009033
-0.0090889
-0.00914313
-0.00919502
-0.00924764
-0.00930117
-0.00935555
-0.00940827
-0.00946286
-0.00951705
-0.00957129
-0.00962677
-0.00968082
-0.00973653
-0.00979105
-0.00984397
-0.00989708
-0.00326083
-0.00263998
-0.00186612
-0.0011481
-0.000587566
-0.000224908
-7.05206e-05
-0.000103213
-0.000281558
-0.000555549
-0.000880077
-0.00121775
-0.00154351
-0.00184566
-0.00211865
-0.00235609
-0.00255163
-0.00271102
-0.00284912
-0.0029815
-0.00311699
-0.00327017
-0.0034528
-0.00366029
-0.00387584
-0.00408273
-0.00428657
-0.00448736
-0.00468471
-0.00486917
-0.0050118
-0.00511667
-0.00520154
-0.00529355
-0.00541632
-0.00555442
-0.00567459
-0.0057409
-0.00577325
-0.00583008
-0.00591183
-0.0059786
-0.00602833
-0.00610261
-0.00621557
-0.00632095
-0.00638592
-0.0064337
-0.00650776
-0.0066271
-0.00674164
-0.00682593
-0.0069151
-0.00697907
-0.00701478
-0.00710339
-0.00722785
-0.00732561
-0.00739323
-0.00743736
-0.00751184
-0.00764606
-0.00774686
-0.00776644
-0.00781121
-0.00792766
-0.0080192
-0.0080615
-0.00812702
-0.00821423
-0.00827878
-0.00833339
-0.00839432
-0.00845978
-0.00852689
-0.00858498
-0.00863933
-0.00869962
-0.00875693
-0.00880842
-0.00886567
-0.00892488
-0.0089761
-0.00902669
-0.00908292
-0.00913798
-0.00919048
-0.00924338
-0.00929724
-0.00935211
-0.00940524
-0.00946016
-0.0095147
-0.00956927
-0.00962504
-0.00967933
-0.00973528
-0.00979003
-0.00984312
-0.00989645
-0.00341431
-0.00279282
-0.00201848
-0.00130167
-0.000743092
-0.00038135
-0.000225279
-0.000255063
-0.000429367
-0.000697898
-0.00101483
-0.00134195
-0.00165424
-0.0019376
-0.00219051
-0.00241061
-0.00259384
-0.00274257
-0.0028673
-0.0029883
-0.0031142
-0.00325735
-0.00342949
-0.00362731
-0.00383529
-0.00403093
-0.00421934
-0.00440692
-0.00459287
-0.00477642
-0.00492793
-0.0050352
-0.00511642
-0.00520174
-0.00532212
-0.00546648
-0.00560135
-0.0056896
-0.00572996
-0.00578179
-0.00586704
-0.00594448
-0.00599871
-0.00606476
-0.00617818
-0.00630203
-0.00637259
-0.00640776
-0.00647079
-0.00658893
-0.00671595
-0.00680733
-0.00689127
-0.00695962
-0.00699429
-0.00707307
-0.0072069
-0.00731196
-0.00737107
-0.00741468
-0.00748782
-0.00761934
-0.00773248
-0.00775609
-0.00778741
-0.00790292
-0.00800538
-0.00804714
-0.00810651
-0.00819632
-0.00826594
-0.00832019
-0.00837916
-0.00844495
-0.00851419
-0.00857413
-0.0086284
-0.00868837
-0.00874691
-0.00879957
-0.00885701
-0.00891694
-0.00896921
-0.00902016
-0.00907667
-0.00913253
-0.00918567
-0.00923884
-0.0092931
-0.00934851
-0.0094021
-0.00945733
-0.00951219
-0.00956708
-0.00962314
-0.00967769
-0.00973389
-0.00978885
-0.00984213
-0.00989566
-0.0035553
-0.00293663
-0.00216474
-0.00145042
-0.00089467
-0.000534924
-0.00037942
-0.000407796
-0.000579496
-0.000843254
-0.00115357
-0.00147117
-0.00177047
-0.00203628
-0.00226652
-0.0024656
-0.00263291
-0.00277186
-0.00288744
-0.00299905
-0.00311804
-0.00325222
-0.00341437
-0.00360131
-0.00380141
-0.00399008
-0.00416306
-0.00433464
-0.00450736
-0.00468494
-0.00484562
-0.00496246
-0.00504552
-0.00512327
-0.00523204
-0.00537686
-0.0055229
-0.00563176
-0.00568733
-0.00573512
-0.00581999
-0.00590824
-0.00596901
-0.00602837
-0.00613241
-0.00627116
-0.00636352
-0.0063928
-0.00643539
-0.00654355
-0.00668133
-0.00678945
-0.00687226
-0.0069382
-0.00697339
-0.00704095
-0.00717903
-0.00730082
-0.00735461
-0.00738833
-0.00746179
-0.00759327
-0.00771438
-0.00774476
-0.00776624
-0.00787793
-0.00799032
-0.00803242
-0.00808486
-0.00817714
-0.00825281
-0.00830753
-0.00836433
-0.00842894
-0.00849974
-0.00856304
-0.00861808
-0.00867684
-0.00873605
-0.00879023
-0.00884811
-0.00890872
-0.00896204
-0.00901329
-0.00907002
-0.00912673
-0.00918062
-0.00923411
-0.00928878
-0.00934474
-0.00939877
-0.00945433
-0.00950953
-0.00956479
-0.00962114
-0.00967593
-0.00973237
-0.00978755
-0.00984098
-0.00989468
-0.00368029
-0.0030675
-0.00230196
-0.00159328
-0.00104285
-0.000686812
-0.000533437
-0.000561901
-0.000732301
-0.000992932
-0.00129702
-0.00160546
-0.00189135
-0.00214034
-0.00234781
-0.00252295
-0.00267097
-0.00279873
-0.00290955
-0.00301445
-0.00312797
-0.00325535
-0.00340814
-0.00358476
-0.00377418
-0.0039569
-0.00411797
-0.00427262
-0.00443114
-0.00459799
-0.00476368
-0.00489424
-0.00498536
-0.00505913
-0.00515199
-0.00528957
-0.00544129
-0.00556633
-0.00564297
-0.00569262
-0.00577258
-0.00586864
-0.00593783
-0.00599615
-0.00608636
-0.00622542
-0.00634809
-0.00638905
-0.00640811
-0.00649661
-0.00663859
-0.0067646
-0.00685527
-0.0069198
-0.00695417
-0.00700967
-0.00714256
-0.00728522
-0.00734771
-0.0073649
-0.00742861
-0.00756471
-0.00769713
-0.00773415
-0.00774609
-0.00785086
-0.00797293
-0.00801883
-0.0080643
-0.00815702
-0.00823804
-0.00829384
-0.00835016
-0.00841374
-0.00848421
-0.00855059
-0.00860787
-0.00866557
-0.00872463
-0.0087803
-0.008839
-0.00890028
-0.00895452
-0.00900602
-0.009063
-0.00912067
-0.00917539
-0.00922915
-0.00928417
-0.0093407
-0.00939523
-0.00945117
-0.00950674
-0.00956236
-0.00961904
-0.00967409
-0.00973077
-0.00978614
-0.0098397
-0.00989348
-0.00378659
-0.00318276
-0.00242706
-0.00172755
-0.00118621
-0.000837987
-0.000689741
-0.000720219
-0.0008899
-0.00114787
-0.00144559
-0.00174416
-0.00201586
-0.00224759
-0.00243401
-0.00258462
-0.00271125
-0.00282526
-0.00293219
-0.00303448
-0.00314418
-0.0032677
-0.00341177
-0.00357774
-0.00375441
-0.00392891
-0.00408334
-0.00422286
-0.00436647
-0.00452016
-0.00468366
-0.00482698
-0.00493013
-0.00500735
-0.00508787
-0.00521029
-0.0053601
-0.00549538
-0.00559352
-0.00565274
-0.00572623
-0.00582573
-0.00590629
-0.00596803
-0.00604416
-0.00617067
-0.00631665
-0.00638798
-0.00639651
-0.00645525
-0.00658899
-0.00672834
-0.00683547
-0.00690741
-0.00693931
-0.00698026
-0.0071004
-0.00725913
-0.00734515
-0.0073525
-0.00739193
-0.00752907
-0.0076816
-0.00772577
-0.00772397
-0.00782181
-0.00795644
-0.00800744
-0.00804323
-0.00813461
-0.00822238
-0.00828006
-0.0083363
-0.00839953
-0.00846822
-0.00853625
-0.00859708
-0.00865515
-0.00871343
-0.00876971
-0.0088293
-0.00889161
-0.00894688
-0.00899858
-0.00905576
-0.00911436
-0.0091699
-0.00922394
-0.0092793
-0.00933646
-0.00939149
-0.0094478
-0.00950372
-0.00955972
-0.00961673
-0.00967205
-0.00972898
-0.00978458
-0.00983833
-0.00989236
-0.00386835
-0.00327822
-0.00253773
-0.00185237
-0.00132491
-0.000989966
-0.000851611
-0.000886799
-0.00105591
-0.00130995
-0.00160018
-0.00188733
-0.00214336
-0.00235616
-0.00252198
-0.00265006
-0.00275564
-0.0028545
-0.0029558
-0.00305916
-0.00316823
-0.00328902
-0.00342519
-0.00357938
-0.00374382
-0.00390671
-0.00405598
-0.00418593
-0.00431514
-0.00445527
-0.00460945
-0.00476023
-0.00487665
-0.00496385
-0.00504034
-0.00514374
-0.00528381
-0.00542264
-0.00553755
-0.00561289
-0.0056838
-0.00578257
-0.00587309
-0.00594092
-0.00600867
-0.00611745
-0.00626897
-0.00637599
-0.00639777
-0.00642761
-0.00653751
-0.00668277
-0.00680774
-0.00689583
-0.00693066
-0.00695569
-0.00705777
-0.00722166
-0.00733679
-0.00735332
-0.00736304
-0.00748224
-0.00765884
-0.00772378
-0.0077062
-0.00778934
-0.00793741
-0.00799765
-0.00802313
-0.00811119
-0.00820639
-0.008266
-0.00832149
-0.00838577
-0.00845319
-0.00852095
-0.00858504
-0.00864508
-0.00870277
-0.00875856
-0.00881885
-0.0088828
-0.00893945
-0.00899114
-0.00904824
-0.00910776
-0.00916425
-0.00921862
-0.00927427
-0.009332
-0.00938753
-0.00944422
-0.0095005
-0.00955686
-0.00961419
-0.00966977
-0.00972693
-0.00978272
-0.00983657
-0.00989055
-0.00391831
-0.00334928
-0.00263331
-0.00197031
-0.001463
-0.00114706
-0.00102386
-0.00106736
-0.00123621
-0.00148351
-0.00176218
-0.00203395
-0.00227106
-0.00246271
-0.00260793
-0.00271684
-0.00280476
-0.00288955
-0.00298378
-0.00308829
-0.00319973
-0.00331823
-0.00344753
-0.0035894
-0.00374155
-0.00389212
-0.00403427
-0.00415988
-0.00427722
-0.00440445
-0.00454591
-0.00469687
-0.00482516
-0.00492354
-0.00500451
-0.00509246
-0.00521817
-0.00535473
-0.00547764
-0.00557084
-0.00564505
-0.00574083
-0.00583828
-0.0059142
-0.0059815
-0.00607286
-0.00621331
-0.00634618
-0.00640116
-0.00641861
-0.00649393
-0.00663293
-0.00677071
-0.00687706
-0.00692711
-0.00694169
-0.00701892
-0.00717692
-0.00731584
-0.00735874
-0.00735097
-0.00743251
-0.00762238
-0.00772561
-0.00769772
-0.00775263
-0.00791253
-0.00799137
-0.00800724
-0.00808637
-0.00818848
-0.00825204
-0.00830661
-0.00837231
-0.00843946
-0.00850558
-0.00857141
-0.00863453
-0.00869297
-0.0087478
-0.00880799
-0.00887371
-0.00893212
-0.00898378
-0.0090406
-0.00910111
-0.00915873
-0.00921348
-0.00926939
-0.0093277
-0.0093838
-0.00944087
-0.00949752
-0.00955422
-0.00961189
-0.00966773
-0.00972511
-0.00978109
-0.00983511
-0.00988936
-0.00392757
-0.00339124
-0.00271549
-0.00208951
-0.00161256
-0.00132206
-0.00121803
-0.00127193
-0.00143896
-0.00167394
-0.00193339
-0.00218303
-0.0023968
-0.00256465
-0.00268896
-0.00278121
-0.00285684
-0.00293154
-0.00301938
-0.00312298
-0.00323704
-0.00335417
-0.00347656
-0.00360634
-0.00374498
-0.00388436
-0.00401676
-0.0041393
-0.00425031
-0.00436728
-0.00449643
-0.00463889
-0.00477342
-0.00488082
-0.00497147
-0.00505532
-0.00516527
-0.00529377
-0.00541675
-0.00552455
-0.00560782
-0.00570106
-0.00580238
-0.00588604
-0.00595836
-0.00603698
-0.00615889
-0.00630204
-0.00639179
-0.00642076
-0.00646638
-0.00658366
-0.00672657
-0.00684787
-0.00692203
-0.0069387
-0.00698814
-0.00713037
-0.00728199
-0.00735658
-0.00735602
-0.00739452
-0.00756927
-0.00771792
-0.0077027
-0.00772043
-0.00787882
-0.00798413
-0.00799627
-0.00806137
-0.00816848
-0.00823842
-0.00829194
-0.00835823
-0.00842618
-0.00849062
-0.00855644
-0.00862253
-0.00868354
-0.0087376
-0.00879607
-0.00886302
-0.00892405
-0.00897615
-0.00903226
-0.00909345
-0.00915231
-0.00920759
-0.00926367
-0.00932248
-0.00937916
-0.00943666
-0.00949367
-0.00955075
-0.00960876
-0.00966492
-0.00972253
-0.00977873
-0.00983284
-0.00988701
-0.00387672
-0.00339194
-0.00278083
-0.00221655
-0.00179021
-0.0015388
-0.00146098
-0.00152618
-0.00168709
-0.00190011
-0.00212786
-0.00234306
-0.00252527
-0.0026658
-0.00276951
-0.00284818
-0.0029173
-0.00298763
-0.00307107
-0.00317106
-0.00328387
-0.00339945
-0.00351479
-0.00363341
-0.00375764
-0.00388621
-0.00400981
-0.0041287
-0.00423793
-0.00434639
-0.0044639
-0.00459317
-0.00472779
-0.00484323
-0.00494294
-0.00503015
-0.00512687
-0.00524539
-0.00536459
-0.00547871
-0.00557229
-0.00566442
-0.00576799
-0.00585852
-0.00593733
-0.00601103
-0.0061145
-0.00625336
-0.00636661
-0.00642303
-0.00645748
-0.00654514
-0.00668144
-0.00681057
-0.00690799
-0.00694362
-0.00697204
-0.00708751
-0.00724082
-0.00734308
-0.00736994
-0.00738019
-0.00751142
-0.00769267
-0.00771913
-0.00770408
-0.00783737
-0.00797153
-0.00799386
-0.00804117
-0.00814689
-0.00822528
-0.00827942
-0.00834522
-0.0084145
-0.00847858
-0.00854312
-0.00861037
-0.00867519
-0.00873031
-0.00878602
-0.00885273
-0.00891709
-0.00897055
-0.00902544
-0.00908663
-0.00914691
-0.00920297
-0.00925915
-0.00931824
-0.00937551
-0.00943343
-0.00949074
-0.00954809
-0.00960638
-0.00966277
-0.00972055
-0.00977689
-0.00983116
-0.00988547
-0.00362271
-0.00321473
-0.00271458
-0.00226224
-0.00193132
-0.00175099
-0.00171664
-0.00179873
-0.00195333
-0.00214008
-0.00232926
-0.00250219
-0.00264776
-0.00276057
-0.00284609
-0.0029147
-0.00298031
-0.00305055
-0.00313231
-0.0032282
-0.00333597
-0.00344816
-0.00355712
-0.00366592
-0.00377692
-0.00389434
-0.00401112
-0.00412495
-0.00423346
-0.00433671
-0.00444597
-0.00456371
-0.00469164
-0.00481072
-0.00491543
-0.00500989
-0.00510187
-0.00521073
-0.00532407
-0.00543636
-0.00553865
-0.00563228
-0.00573606
-0.00583217
-0.00591692
-0.00599292
-0.00608051
-0.0062047
-0.00632784
-0.00641321
-0.00645993
-0.00652194
-0.0066373
-0.00676608
-0.00687967
-0.00694581
-0.0069705
-0.00705174
-0.00719325
-0.00731297
-0.00737491
-0.00738606
-0.00746177
-0.00763951
-0.00772681
-0.00770707
-0.00779311
-0.00794354
-0.00799428
-0.00802667
-0.00812125
-0.00820888
-0.00826683
-0.00833084
-0.00840082
-0.00846607
-0.00852955
-0.00859539
-0.00866334
-0.00872248
-0.00877626
-0.00884011
-0.00890721
-0.00896392
-0.00901797
-0.00907813
-0.00913976
-0.00919718
-0.00925352
-0.00931274
-0.00937067
-0.00942919
-0.00948685
-0.00954456
-0.0096032
-0.00965991
-0.00971793
-0.00977445
-0.00982886
-0.00988337
-0.00362796
-0.00325615
-0.00279809
-0.00239031
-0.00210159
-0.00195549
-0.00194368
-0.00203465
-0.00218541
-0.0023545
-0.00251377
-0.00264897
-0.00275842
-0.0028444
-0.00291411
-0.00297635
-0.00304078
-0.00311331
-0.00319532
-0.00328776
-0.0033884
-0.00349389
-0.0035968
-0.0036975
-0.00379875
-0.0039051
-0.00401483
-0.00412322
-0.00423049
-0.00433312
-0.00443784
-0.0045471
-0.0046645
-0.00478287
-0.0048911
-0.00499249
-0.00508633
-0.00518763
-0.00529594
-0.00540359
-0.00550991
-0.00560608
-0.0057081
-0.00580982
-0.00590061
-0.0059836
-0.00606269
-0.00616806
-0.00629023
-0.00639594
-0.00646724
-0.00652074
-0.00660897
-0.00672821
-0.00684724
-0.00694251
-0.00698511
-0.0070367
-0.00715285
-0.00727945
-0.00737189
-0.00740878
-0.00744464
-0.00758161
-0.00771845
-0.00773251
-0.00776858
-0.00790487
-0.00799425
-0.00802582
-0.00809964
-0.00819234
-0.00825833
-0.0083205
-0.00838967
-0.00845647
-0.00852036
-0.00858403
-0.00865201
-0.00871606
-0.0087707
-0.00883007
-0.00889724
-0.00895845
-0.00901304
-0.00907108
-0.00913319
-0.00919236
-0.00924892
-0.00930781
-0.00936614
-0.00942522
-0.0094831
-0.00954099
-0.00959987
-0.00965683
-0.00971502
-0.00977164
-0.00982606
-0.00988036
-0.00302452
-0.0028386
-0.00263574
-0.00247233
-0.00237509
-0.00234714
-0.00237706
-0.00244659
-0.00253709
-0.0026314
-0.0027187
-0.00279502
-0.00286301
-0.00292604
-0.00298696
-0.00304865
-0.00311419
-0.00318705
-0.00326675
-0.0033535
-0.00344543
-0.00354142
-0.00363733
-0.00373099
-0.00382464
-0.00392108
-0.00402314
-0.00412677
-0.00423143
-0.00433421
-0.00443579
-0.00453966
-0.00464749
-0.00476008
-0.00486856
-0.00497238
-0.00507116
-0.00516981
-0.00527437
-0.00537805
-0.00548233
-0.00558086
-0.00568021
-0.00578397
-0.00588006
-0.00596929
-0.00604901
-0.0061397
-0.00625289
-0.00636522
-0.00645726
-0.00652173
-0.00659168
-0.00669439
-0.00681056
-0.00692069
-0.00698981
-0.00703278
-0.00712031
-0.00724312
-0.00735174
-0.00741545
-0.00744502
-0.00753434
-0.00768381
-0.00774968
-0.00776458
-0.00786355
-0.00798022
-0.00802983
-0.00808363
-0.00817261
-0.00824872
-0.00831092
-0.00837823
-0.00844636
-0.00851198
-0.00857496
-0.00864088
-0.00870829
-0.00876722
-0.00882312
-0.00888764
-0.00895318
-0.00901014
-0.00906575
-0.0091274
-0.00918861
-0.00924588
-0.00930434
-0.00936297
-0.00942272
-0.00948089
-0.00953894
-0.00959807
-0.00965523
-0.00971356
-0.00977029
-0.0098249
-0.00987953
-0.00255827
-0.00250433
-0.00250008
-0.00253496
-0.00259394
-0.00266175
-0.00272735
-0.00278455
-0.00283177
-0.00287008
-0.00290304
-0.0029357
-0.00297327
-0.00301935
-0.00307409
-0.003136
-0.00320327
-0.00327593
-0.0033534
-0.00343522
-0.00352018
-0.00360779
-0.0036967
-0.00378498
-0.00387329
-0.00396346
-0.00405846
-0.0041568
-0.00425694
-0.00435727
-0.00445659
-0.00455692
-0.00465909
-0.00476519
-0.00487093
-0.00497344
-0.00507367
-0.00517218
-0.00527427
-0.0053762
-0.00547708
-0.00557541
-0.00567251
-0.00577385
-0.00587187
-0.00596274
-0.00604508
-0.00613124
-0.0062364
-0.0063486
-0.00644829
-0.00652218
-0.00658653
-0.00667775
-0.00679207
-0.00690548
-0.00698666
-0.00703284
-0.00710545
-0.00722154
-0.00733523
-0.00741037
-0.00744664
-0.0075149
-0.00765113
-0.00774711
-0.00776839
-0.00783967
-0.00796001
-0.00802924
-0.00807427
-0.00815455
-0.00823721
-0.00830116
-0.00836628
-0.00843477
-0.00850141
-0.00856468
-0.00862863
-0.00869601
-0.00875873
-0.00881467
-0.0088758
-0.0089425
-0.00900265
-0.00905772
-0.00911821
-0.00918063
-0.00923911
-0.00929758
-0.00935634
-0.00941674
-0.00947538
-0.00953371
-0.00959316
-0.00965064
-0.00970921
-0.00976604
-0.00982056
-0.00987484
)
;

boundaryField
{
    zeroGradPlanes
    {
        type            zeroGradient;
    }
    inlet
    {
        type            zeroGradient;
    }
    plate
    {
        type            zeroGradient;
    }
    frontAndBack
    {
        type            empty;
    }
}


// ************************************************************************* //
