/*--------------------------------*- C++ -*----------------------------------*\
| =========                 |                                                 |
| \\      /  F ield         | OpenFOAM: The Open Source CFD Toolbox           |
|  \\    /   O peration     | Version:  v1906                                 |
|   \\  /    A nd           | Web:      www.OpenFOAM.com                      |
|    \\/     M anipulation  |                                                 |
\*---------------------------------------------------------------------------*/
FoamFile
{
    version     2.0;
    format      ascii;
    class       vectorField;
    location    "constant/polyMesh";
    object      points;
}
// * * * * * * * * * * * * * * * * * * * * * * * * * * * * * * * * * * * * * //


1722
(
(0 0 0)
(0.009950310655 0 0)
(0.01909246912 0 0)
(0.02749211255 0 0)
(0.0352095471 0 0)
(0.04230018095 0 0)
(0.04881492211 0 0)
(0.05480054388 0 0)
(0.06030002069 0 0)
(0.06535283665 0 0)
(0.06999526901 0 0)
(0.07426064864 0 0)
(0.0781795993 0 0)
(0.08178025753 0 0)
(0.08508847465 0 0)
(0.08812800238 0 0)
(0.09092066335 0 0)
(0.09348650778 0 0)
(0.09584395743 0 0)
(0.09800993787 0 0)
(0.1 0 0)
(0 0.001990062131 0)
(0.009950310655 0.001990062131 0)
(0.01909246912 0.001990062131 0)
(0.02749211255 0.001990062131 0)
(0.0352095471 0.001990062131 0)
(0.04230018095 0.001990062131 0)
(0.04881492211 0.001990062131 0)
(0.05480054388 0.001990062131 0)
(0.06030002069 0.001990062131 0)
(0.06535283665 0.001990062131 0)
(0.06999526901 0.001990062131 0)
(0.07426064864 0.001990062131 0)
(0.0781795993 0.001990062131 0)
(0.08178025753 0.001990062131 0)
(0.08508847465 0.001990062131 0)
(0.08812800238 0.001990062131 0)
(0.09092066335 0.001990062131 0)
(0.09348650778 0.001990062131 0)
(0.09584395743 0.001990062131 0)
(0.09800993787 0.001990062131 0)
(0.1 0.001990062131 0)
(0 0.004156042572 0)
(0.009950310655 0.004156042572 0)
(0.01909246912 0.004156042572 0)
(0.02749211255 0.004156042572 0)
(0.0352095471 0.004156042572 0)
(0.04230018095 0.004156042572 0)
(0.04881492211 0.004156042572 0)
(0.05480054388 0.004156042572 0)
(0.06030002069 0.004156042572 0)
(0.06535283665 0.004156042572 0)
(0.06999526901 0.004156042572 0)
(0.07426064864 0.004156042572 0)
(0.0781795993 0.004156042572 0)
(0.08178025753 0.004156042572 0)
(0.08508847465 0.004156042572 0)
(0.08812800238 0.004156042572 0)
(0.09092066335 0.004156042572 0)
(0.09348650778 0.004156042572 0)
(0.09584395743 0.004156042572 0)
(0.09800993787 0.004156042572 0)
(0.1 0.004156042572 0)
(0 0.00651349222 0)
(0.009950310655 0.00651349222 0)
(0.01909246912 0.00651349222 0)
(0.02749211255 0.00651349222 0)
(0.0352095471 0.00651349222 0)
(0.04230018095 0.00651349222 0)
(0.04881492211 0.00651349222 0)
(0.05480054388 0.00651349222 0)
(0.06030002069 0.00651349222 0)
(0.06535283665 0.00651349222 0)
(0.06999526901 0.00651349222 0)
(0.07426064864 0.00651349222 0)
(0.0781795993 0.00651349222 0)
(0.08178025753 0.00651349222 0)
(0.08508847465 0.00651349222 0)
(0.08812800238 0.00651349222 0)
(0.09092066335 0.00651349222 0)
(0.09348650778 0.00651349222 0)
(0.09584395743 0.00651349222 0)
(0.09800993787 0.00651349222 0)
(0.1 0.00651349222 0)
(0 0.009079336646 0)
(0.009950310655 0.009079336646 0)
(0.01909246912 0.009079336646 0)
(0.02749211255 0.009079336646 0)
(0.0352095471 0.009079336646 0)
(0.04230018095 0.009079336646 0)
(0.04881492211 0.009079336646 0)
(0.05480054388 0.009079336646 0)
(0.06030002069 0.009079336646 0)
(0.06535283665 0.009079336646 0)
(0.06999526901 0.009079336646 0)
(0.07426064864 0.009079336646 0)
(0.0781795993 0.009079336646 0)
(0.08178025753 0.009079336646 0)
(0.08508847465 0.009079336646 0)
(0.08812800238 0.009079336646 0)
(0.09092066335 0.009079336646 0)
(0.09348650778 0.009079336646 0)
(0.09584395743 0.009079336646 0)
(0.09800993787 0.009079336646 0)
(0.1 0.009079336646 0)
(0 0.01187199762 0)
(0.009950310655 0.01187199762 0)
(0.01909246912 0.01187199762 0)
(0.02749211255 0.01187199762 0)
(0.0352095471 0.01187199762 0)
(0.04230018095 0.01187199762 0)
(0.04881492211 0.01187199762 0)
(0.05480054388 0.01187199762 0)
(0.06030002069 0.01187199762 0)
(0.06535283665 0.01187199762 0)
(0.06999526901 0.01187199762 0)
(0.07426064864 0.01187199762 0)
(0.0781795993 0.01187199762 0)
(0.08178025753 0.01187199762 0)
(0.08508847465 0.01187199762 0)
(0.08812800238 0.01187199762 0)
(0.09092066335 0.01187199762 0)
(0.09348650778 0.01187199762 0)
(0.09584395743 0.01187199762 0)
(0.09800993787 0.01187199762 0)
(0.1 0.01187199762 0)
(0 0.01491152535 0)
(0.009950310655 0.01491152535 0)
(0.01909246912 0.01491152535 0)
(0.02749211255 0.01491152535 0)
(0.0352095471 0.01491152535 0)
(0.04230018095 0.01491152535 0)
(0.04881492211 0.01491152535 0)
(0.05480054388 0.01491152535 0)
(0.06030002069 0.01491152535 0)
(0.06535283665 0.01491152535 0)
(0.06999526901 0.01491152535 0)
(0.07426064864 0.01491152535 0)
(0.0781795993 0.01491152535 0)
(0.08178025753 0.01491152535 0)
(0.08508847465 0.01491152535 0)
(0.08812800238 0.01491152535 0)
(0.09092066335 0.01491152535 0)
(0.09348650778 0.01491152535 0)
(0.09584395743 0.01491152535 0)
(0.09800993787 0.01491152535 0)
(0.1 0.01491152535 0)
(0 0.01821974247 0)
(0.009950310655 0.01821974247 0)
(0.01909246912 0.01821974247 0)
(0.02749211255 0.01821974247 0)
(0.0352095471 0.01821974247 0)
(0.04230018095 0.01821974247 0)
(0.04881492211 0.01821974247 0)
(0.05480054388 0.01821974247 0)
(0.06030002069 0.01821974247 0)
(0.06535283665 0.01821974247 0)
(0.06999526901 0.01821974247 0)
(0.07426064864 0.01821974247 0)
(0.0781795993 0.01821974247 0)
(0.08178025753 0.01821974247 0)
(0.08508847465 0.01821974247 0)
(0.08812800238 0.01821974247 0)
(0.09092066335 0.01821974247 0)
(0.09348650778 0.01821974247 0)
(0.09584395743 0.01821974247 0)
(0.09800993787 0.01821974247 0)
(0.1 0.01821974247 0)
(0 0.0218204007 0)
(0.009950310655 0.0218204007 0)
(0.01909246912 0.0218204007 0)
(0.02749211255 0.0218204007 0)
(0.0352095471 0.0218204007 0)
(0.04230018095 0.0218204007 0)
(0.04881492211 0.0218204007 0)
(0.05480054388 0.0218204007 0)
(0.06030002069 0.0218204007 0)
(0.06535283665 0.0218204007 0)
(0.06999526901 0.0218204007 0)
(0.07426064864 0.0218204007 0)
(0.0781795993 0.0218204007 0)
(0.08178025753 0.0218204007 0)
(0.08508847465 0.0218204007 0)
(0.08812800238 0.0218204007 0)
(0.09092066335 0.0218204007 0)
(0.09348650778 0.0218204007 0)
(0.09584395743 0.0218204007 0)
(0.09800993787 0.0218204007 0)
(0.1 0.0218204007 0)
(0 0.02573935136 0)
(0.009950310655 0.02573935136 0)
(0.01909246912 0.02573935136 0)
(0.02749211255 0.02573935136 0)
(0.0352095471 0.02573935136 0)
(0.04230018095 0.02573935136 0)
(0.04881492211 0.02573935136 0)
(0.05480054388 0.02573935136 0)
(0.06030002069 0.02573935136 0)
(0.06535283665 0.02573935136 0)
(0.06999526901 0.02573935136 0)
(0.07426064864 0.02573935136 0)
(0.0781795993 0.02573935136 0)
(0.08178025753 0.02573935136 0)
(0.08508847465 0.02573935136 0)
(0.08812800238 0.02573935136 0)
(0.09092066335 0.02573935136 0)
(0.09348650778 0.02573935136 0)
(0.09584395743 0.02573935136 0)
(0.09800993787 0.02573935136 0)
(0.1 0.02573935136 0)
(0 0.03000473099 0)
(0.009950310655 0.03000473099 0)
(0.01909246912 0.03000473099 0)
(0.02749211255 0.03000473099 0)
(0.0352095471 0.03000473099 0)
(0.04230018095 0.03000473099 0)
(0.04881492211 0.03000473099 0)
(0.05480054388 0.03000473099 0)
(0.06030002069 0.03000473099 0)
(0.06535283665 0.03000473099 0)
(0.06999526901 0.03000473099 0)
(0.07426064864 0.03000473099 0)
(0.0781795993 0.03000473099 0)
(0.08178025753 0.03000473099 0)
(0.08508847465 0.03000473099 0)
(0.08812800238 0.03000473099 0)
(0.09092066335 0.03000473099 0)
(0.09348650778 0.03000473099 0)
(0.09584395743 0.03000473099 0)
(0.09800993787 0.03000473099 0)
(0.1 0.03000473099 0)
(0 0.03464716335 0)
(0.009950310655 0.03464716335 0)
(0.01909246912 0.03464716335 0)
(0.02749211255 0.03464716335 0)
(0.0352095471 0.03464716335 0)
(0.04230018095 0.03464716335 0)
(0.04881492211 0.03464716335 0)
(0.05480054388 0.03464716335 0)
(0.06030002069 0.03464716335 0)
(0.06535283665 0.03464716335 0)
(0.06999526901 0.03464716335 0)
(0.07426064864 0.03464716335 0)
(0.0781795993 0.03464716335 0)
(0.08178025753 0.03464716335 0)
(0.08508847465 0.03464716335 0)
(0.08812800238 0.03464716335 0)
(0.09092066335 0.03464716335 0)
(0.09348650778 0.03464716335 0)
(0.09584395743 0.03464716335 0)
(0.09800993787 0.03464716335 0)
(0.1 0.03464716335 0)
(0 0.03969997931 0)
(0.009950310655 0.03969997931 0)
(0.01909246912 0.03969997931 0)
(0.02749211255 0.03969997931 0)
(0.0352095471 0.03969997931 0)
(0.04230018095 0.03969997931 0)
(0.04881492211 0.03969997931 0)
(0.05480054388 0.03969997931 0)
(0.06030002069 0.03969997931 0)
(0.06535283665 0.03969997931 0)
(0.06999526901 0.03969997931 0)
(0.07426064864 0.03969997931 0)
(0.0781795993 0.03969997931 0)
(0.08178025753 0.03969997931 0)
(0.08508847465 0.03969997931 0)
(0.08812800238 0.03969997931 0)
(0.09092066335 0.03969997931 0)
(0.09348650778 0.03969997931 0)
(0.09584395743 0.03969997931 0)
(0.09800993787 0.03969997931 0)
(0.1 0.03969997931 0)
(0 0.04519945612 0)
(0.009950310655 0.04519945612 0)
(0.01909246912 0.04519945612 0)
(0.02749211255 0.04519945612 0)
(0.0352095471 0.04519945612 0)
(0.04230018095 0.04519945612 0)
(0.04881492211 0.04519945612 0)
(0.05480054388 0.04519945612 0)
(0.06030002069 0.04519945612 0)
(0.06535283665 0.04519945612 0)
(0.06999526901 0.04519945612 0)
(0.07426064864 0.04519945612 0)
(0.0781795993 0.04519945612 0)
(0.08178025753 0.04519945612 0)
(0.08508847465 0.04519945612 0)
(0.08812800238 0.04519945612 0)
(0.09092066335 0.04519945612 0)
(0.09348650778 0.04519945612 0)
(0.09584395743 0.04519945612 0)
(0.09800993787 0.04519945612 0)
(0.1 0.04519945612 0)
(0 0.05118507789 0)
(0.009950310655 0.05118507789 0)
(0.01909246912 0.05118507789 0)
(0.02749211255 0.05118507789 0)
(0.0352095471 0.05118507789 0)
(0.04230018095 0.05118507789 0)
(0.04881492211 0.05118507789 0)
(0.05480054388 0.05118507789 0)
(0.06030002069 0.05118507789 0)
(0.06535283665 0.05118507789 0)
(0.06999526901 0.05118507789 0)
(0.07426064864 0.05118507789 0)
(0.0781795993 0.05118507789 0)
(0.08178025753 0.05118507789 0)
(0.08508847465 0.05118507789 0)
(0.08812800238 0.05118507789 0)
(0.09092066335 0.05118507789 0)
(0.09348650778 0.05118507789 0)
(0.09584395743 0.05118507789 0)
(0.09800993787 0.05118507789 0)
(0.1 0.05118507789 0)
(0 0.05769981905 0)
(0.009950310655 0.05769981905 0)
(0.01909246912 0.05769981905 0)
(0.02749211255 0.05769981905 0)
(0.0352095471 0.05769981905 0)
(0.04230018095 0.05769981905 0)
(0.04881492211 0.05769981905 0)
(0.05480054388 0.05769981905 0)
(0.06030002069 0.05769981905 0)
(0.06535283665 0.05769981905 0)
(0.06999526901 0.05769981905 0)
(0.07426064864 0.05769981905 0)
(0.0781795993 0.05769981905 0)
(0.08178025753 0.05769981905 0)
(0.08508847465 0.05769981905 0)
(0.08812800238 0.05769981905 0)
(0.09092066335 0.05769981905 0)
(0.09348650778 0.05769981905 0)
(0.09584395743 0.05769981905 0)
(0.09800993787 0.05769981905 0)
(0.1 0.05769981905 0)
(0 0.0647904529 0)
(0.009950310655 0.0647904529 0)
(0.01909246912 0.0647904529 0)
(0.02749211255 0.0647904529 0)
(0.0352095471 0.0647904529 0)
(0.04230018095 0.0647904529 0)
(0.04881492211 0.0647904529 0)
(0.05480054388 0.0647904529 0)
(0.06030002069 0.0647904529 0)
(0.06535283665 0.0647904529 0)
(0.06999526901 0.0647904529 0)
(0.07426064864 0.0647904529 0)
(0.0781795993 0.0647904529 0)
(0.08178025753 0.0647904529 0)
(0.08508847465 0.0647904529 0)
(0.08812800238 0.0647904529 0)
(0.09092066335 0.0647904529 0)
(0.09348650778 0.0647904529 0)
(0.09584395743 0.0647904529 0)
(0.09800993787 0.0647904529 0)
(0.1 0.0647904529 0)
(0 0.07250788745 0)
(0.009950310655 0.07250788745 0)
(0.01909246912 0.07250788745 0)
(0.02749211255 0.07250788745 0)
(0.0352095471 0.07250788745 0)
(0.04230018095 0.07250788745 0)
(0.04881492211 0.07250788745 0)
(0.05480054388 0.07250788745 0)
(0.06030002069 0.07250788745 0)
(0.06535283665 0.07250788745 0)
(0.06999526901 0.07250788745 0)
(0.07426064864 0.07250788745 0)
(0.0781795993 0.07250788745 0)
(0.08178025753 0.07250788745 0)
(0.08508847465 0.07250788745 0)
(0.08812800238 0.07250788745 0)
(0.09092066335 0.07250788745 0)
(0.09348650778 0.07250788745 0)
(0.09584395743 0.07250788745 0)
(0.09800993787 0.07250788745 0)
(0.1 0.07250788745 0)
(0 0.08090753088 0)
(0.009950310655 0.08090753088 0)
(0.01909246912 0.08090753088 0)
(0.02749211255 0.08090753088 0)
(0.0352095471 0.08090753088 0)
(0.04230018095 0.08090753088 0)
(0.04881492211 0.08090753088 0)
(0.05480054388 0.08090753088 0)
(0.06030002069 0.08090753088 0)
(0.06535283665 0.08090753088 0)
(0.06999526901 0.08090753088 0)
(0.07426064864 0.08090753088 0)
(0.0781795993 0.08090753088 0)
(0.08178025753 0.08090753088 0)
(0.08508847465 0.08090753088 0)
(0.08812800238 0.08090753088 0)
(0.09092066335 0.08090753088 0)
(0.09348650778 0.08090753088 0)
(0.09584395743 0.08090753088 0)
(0.09800993787 0.08090753088 0)
(0.1 0.08090753088 0)
(0 0.09004968934 0)
(0.009950310655 0.09004968934 0)
(0.01909246912 0.09004968934 0)
(0.02749211255 0.09004968934 0)
(0.0352095471 0.09004968934 0)
(0.04230018095 0.09004968934 0)
(0.04881492211 0.09004968934 0)
(0.05480054388 0.09004968934 0)
(0.06030002069 0.09004968934 0)
(0.06535283665 0.09004968934 0)
(0.06999526901 0.09004968934 0)
(0.07426064864 0.09004968934 0)
(0.0781795993 0.09004968934 0)
(0.08178025753 0.09004968934 0)
(0.08508847465 0.09004968934 0)
(0.08812800238 0.09004968934 0)
(0.09092066335 0.09004968934 0)
(0.09348650778 0.09004968934 0)
(0.09584395743 0.09004968934 0)
(0.09800993787 0.09004968934 0)
(0.1 0.09004968934 0)
(0 0.1 0)
(0.009950310655 0.1 0)
(0.01909246912 0.1 0)
(0.02749211255 0.1 0)
(0.0352095471 0.1 0)
(0.04230018095 0.1 0)
(0.04881492211 0.1 0)
(0.05480054388 0.1 0)
(0.06030002069 0.1 0)
(0.06535283665 0.1 0)
(0.06999526901 0.1 0)
(0.07426064864 0.1 0)
(0.0781795993 0.1 0)
(0.08178025753 0.1 0)
(0.08508847465 0.1 0)
(0.08812800238 0.1 0)
(0.09092066335 0.1 0)
(0.09348650778 0.1 0)
(0.09584395743 0.1 0)
(0.09800993787 0.1 0)
(0.1 0.1 0)
(0 0 0.01)
(0.009950310655 0 0.01)
(0.01909246912 0 0.01)
(0.02749211255 0 0.01)
(0.0352095471 0 0.01)
(0.04230018095 0 0.01)
(0.04881492211 0 0.01)
(0.05480054388 0 0.01)
(0.06030002069 0 0.01)
(0.06535283665 0 0.01)
(0.06999526901 0 0.01)
(0.07426064864 0 0.01)
(0.0781795993 0 0.01)
(0.08178025753 0 0.01)
(0.08508847465 0 0.01)
(0.08812800238 0 0.01)
(0.09092066335 0 0.01)
(0.09348650778 0 0.01)
(0.09584395743 0 0.01)
(0.09800993787 0 0.01)
(0.1 0 0.01)
(0 0.001990062131 0.01)
(0.009950310655 0.001990062131 0.01)
(0.01909246912 0.001990062131 0.01)
(0.02749211255 0.001990062131 0.01)
(0.0352095471 0.001990062131 0.01)
(0.04230018095 0.001990062131 0.01)
(0.04881492211 0.001990062131 0.01)
(0.05480054388 0.001990062131 0.01)
(0.06030002069 0.001990062131 0.01)
(0.06535283665 0.001990062131 0.01)
(0.06999526901 0.001990062131 0.01)
(0.07426064864 0.001990062131 0.01)
(0.0781795993 0.001990062131 0.01)
(0.08178025753 0.001990062131 0.01)
(0.08508847465 0.001990062131 0.01)
(0.08812800238 0.001990062131 0.01)
(0.09092066335 0.001990062131 0.01)
(0.09348650778 0.001990062131 0.01)
(0.09584395743 0.001990062131 0.01)
(0.09800993787 0.001990062131 0.01)
(0.1 0.001990062131 0.01)
(0 0.004156042572 0.01)
(0.009950310655 0.004156042572 0.01)
(0.01909246912 0.004156042572 0.01)
(0.02749211255 0.004156042572 0.01)
(0.0352095471 0.004156042572 0.01)
(0.04230018095 0.004156042572 0.01)
(0.04881492211 0.004156042572 0.01)
(0.05480054388 0.004156042572 0.01)
(0.06030002069 0.004156042572 0.01)
(0.06535283665 0.004156042572 0.01)
(0.06999526901 0.004156042572 0.01)
(0.07426064864 0.004156042572 0.01)
(0.0781795993 0.004156042572 0.01)
(0.08178025753 0.004156042572 0.01)
(0.08508847465 0.004156042572 0.01)
(0.08812800238 0.004156042572 0.01)
(0.09092066335 0.004156042572 0.01)
(0.09348650778 0.004156042572 0.01)
(0.09584395743 0.004156042572 0.01)
(0.09800993787 0.004156042572 0.01)
(0.1 0.004156042572 0.01)
(0 0.00651349222 0.01)
(0.009950310655 0.00651349222 0.01)
(0.01909246912 0.00651349222 0.01)
(0.02749211255 0.00651349222 0.01)
(0.0352095471 0.00651349222 0.01)
(0.04230018095 0.00651349222 0.01)
(0.04881492211 0.00651349222 0.01)
(0.05480054388 0.00651349222 0.01)
(0.06030002069 0.00651349222 0.01)
(0.06535283665 0.00651349222 0.01)
(0.06999526901 0.00651349222 0.01)
(0.07426064864 0.00651349222 0.01)
(0.0781795993 0.00651349222 0.01)
(0.08178025753 0.00651349222 0.01)
(0.08508847465 0.00651349222 0.01)
(0.08812800238 0.00651349222 0.01)
(0.09092066335 0.00651349222 0.01)
(0.09348650778 0.00651349222 0.01)
(0.09584395743 0.00651349222 0.01)
(0.09800993787 0.00651349222 0.01)
(0.1 0.00651349222 0.01)
(0 0.009079336646 0.01)
(0.009950310655 0.009079336646 0.01)
(0.01909246912 0.009079336646 0.01)
(0.02749211255 0.009079336646 0.01)
(0.0352095471 0.009079336646 0.01)
(0.04230018095 0.009079336646 0.01)
(0.04881492211 0.009079336646 0.01)
(0.05480054388 0.009079336646 0.01)
(0.06030002069 0.009079336646 0.01)
(0.06535283665 0.009079336646 0.01)
(0.06999526901 0.009079336646 0.01)
(0.07426064864 0.009079336646 0.01)
(0.0781795993 0.009079336646 0.01)
(0.08178025753 0.009079336646 0.01)
(0.08508847465 0.009079336646 0.01)
(0.08812800238 0.009079336646 0.01)
(0.09092066335 0.009079336646 0.01)
(0.09348650778 0.009079336646 0.01)
(0.09584395743 0.009079336646 0.01)
(0.09800993787 0.009079336646 0.01)
(0.1 0.009079336646 0.01)
(0 0.01187199762 0.01)
(0.009950310655 0.01187199762 0.01)
(0.01909246912 0.01187199762 0.01)
(0.02749211255 0.01187199762 0.01)
(0.0352095471 0.01187199762 0.01)
(0.04230018095 0.01187199762 0.01)
(0.04881492211 0.01187199762 0.01)
(0.05480054388 0.01187199762 0.01)
(0.06030002069 0.01187199762 0.01)
(0.06535283665 0.01187199762 0.01)
(0.06999526901 0.01187199762 0.01)
(0.07426064864 0.01187199762 0.01)
(0.0781795993 0.01187199762 0.01)
(0.08178025753 0.01187199762 0.01)
(0.08508847465 0.01187199762 0.01)
(0.08812800238 0.01187199762 0.01)
(0.09092066335 0.01187199762 0.01)
(0.09348650778 0.01187199762 0.01)
(0.09584395743 0.01187199762 0.01)
(0.09800993787 0.01187199762 0.01)
(0.1 0.01187199762 0.01)
(0 0.01491152535 0.01)
(0.009950310655 0.01491152535 0.01)
(0.01909246912 0.01491152535 0.01)
(0.02749211255 0.01491152535 0.01)
(0.0352095471 0.01491152535 0.01)
(0.04230018095 0.01491152535 0.01)
(0.04881492211 0.01491152535 0.01)
(0.05480054388 0.01491152535 0.01)
(0.06030002069 0.01491152535 0.01)
(0.06535283665 0.01491152535 0.01)
(0.06999526901 0.01491152535 0.01)
(0.07426064864 0.01491152535 0.01)
(0.0781795993 0.01491152535 0.01)
(0.08178025753 0.01491152535 0.01)
(0.08508847465 0.01491152535 0.01)
(0.08812800238 0.01491152535 0.01)
(0.09092066335 0.01491152535 0.01)
(0.09348650778 0.01491152535 0.01)
(0.09584395743 0.01491152535 0.01)
(0.09800993787 0.01491152535 0.01)
(0.1 0.01491152535 0.01)
(0 0.01821974247 0.01)
(0.009950310655 0.01821974247 0.01)
(0.01909246912 0.01821974247 0.01)
(0.02749211255 0.01821974247 0.01)
(0.0352095471 0.01821974247 0.01)
(0.04230018095 0.01821974247 0.01)
(0.04881492211 0.01821974247 0.01)
(0.05480054388 0.01821974247 0.01)
(0.06030002069 0.01821974247 0.01)
(0.06535283665 0.01821974247 0.01)
(0.06999526901 0.01821974247 0.01)
(0.07426064864 0.01821974247 0.01)
(0.0781795993 0.01821974247 0.01)
(0.08178025753 0.01821974247 0.01)
(0.08508847465 0.01821974247 0.01)
(0.08812800238 0.01821974247 0.01)
(0.09092066335 0.01821974247 0.01)
(0.09348650778 0.01821974247 0.01)
(0.09584395743 0.01821974247 0.01)
(0.09800993787 0.01821974247 0.01)
(0.1 0.01821974247 0.01)
(0 0.0218204007 0.01)
(0.009950310655 0.0218204007 0.01)
(0.01909246912 0.0218204007 0.01)
(0.02749211255 0.0218204007 0.01)
(0.0352095471 0.0218204007 0.01)
(0.04230018095 0.0218204007 0.01)
(0.04881492211 0.0218204007 0.01)
(0.05480054388 0.0218204007 0.01)
(0.06030002069 0.0218204007 0.01)
(0.06535283665 0.0218204007 0.01)
(0.06999526901 0.0218204007 0.01)
(0.07426064864 0.0218204007 0.01)
(0.0781795993 0.0218204007 0.01)
(0.08178025753 0.0218204007 0.01)
(0.08508847465 0.0218204007 0.01)
(0.08812800238 0.0218204007 0.01)
(0.09092066335 0.0218204007 0.01)
(0.09348650778 0.0218204007 0.01)
(0.09584395743 0.0218204007 0.01)
(0.09800993787 0.0218204007 0.01)
(0.1 0.0218204007 0.01)
(0 0.02573935136 0.01)
(0.009950310655 0.02573935136 0.01)
(0.01909246912 0.02573935136 0.01)
(0.02749211255 0.02573935136 0.01)
(0.0352095471 0.02573935136 0.01)
(0.04230018095 0.02573935136 0.01)
(0.04881492211 0.02573935136 0.01)
(0.05480054388 0.02573935136 0.01)
(0.06030002069 0.02573935136 0.01)
(0.06535283665 0.02573935136 0.01)
(0.06999526901 0.02573935136 0.01)
(0.07426064864 0.02573935136 0.01)
(0.0781795993 0.02573935136 0.01)
(0.08178025753 0.02573935136 0.01)
(0.08508847465 0.02573935136 0.01)
(0.08812800238 0.02573935136 0.01)
(0.09092066335 0.02573935136 0.01)
(0.09348650778 0.02573935136 0.01)
(0.09584395743 0.02573935136 0.01)
(0.09800993787 0.02573935136 0.01)
(0.1 0.02573935136 0.01)
(0 0.03000473099 0.01)
(0.009950310655 0.03000473099 0.01)
(0.01909246912 0.03000473099 0.01)
(0.02749211255 0.03000473099 0.01)
(0.0352095471 0.03000473099 0.01)
(0.04230018095 0.03000473099 0.01)
(0.04881492211 0.03000473099 0.01)
(0.05480054388 0.03000473099 0.01)
(0.06030002069 0.03000473099 0.01)
(0.06535283665 0.03000473099 0.01)
(0.06999526901 0.03000473099 0.01)
(0.07426064864 0.03000473099 0.01)
(0.0781795993 0.03000473099 0.01)
(0.08178025753 0.03000473099 0.01)
(0.08508847465 0.03000473099 0.01)
(0.08812800238 0.03000473099 0.01)
(0.09092066335 0.03000473099 0.01)
(0.09348650778 0.03000473099 0.01)
(0.09584395743 0.03000473099 0.01)
(0.09800993787 0.03000473099 0.01)
(0.1 0.03000473099 0.01)
(0 0.03464716335 0.01)
(0.009950310655 0.03464716335 0.01)
(0.01909246912 0.03464716335 0.01)
(0.02749211255 0.03464716335 0.01)
(0.0352095471 0.03464716335 0.01)
(0.04230018095 0.03464716335 0.01)
(0.04881492211 0.03464716335 0.01)
(0.05480054388 0.03464716335 0.01)
(0.06030002069 0.03464716335 0.01)
(0.06535283665 0.03464716335 0.01)
(0.06999526901 0.03464716335 0.01)
(0.07426064864 0.03464716335 0.01)
(0.0781795993 0.03464716335 0.01)
(0.08178025753 0.03464716335 0.01)
(0.08508847465 0.03464716335 0.01)
(0.08812800238 0.03464716335 0.01)
(0.09092066335 0.03464716335 0.01)
(0.09348650778 0.03464716335 0.01)
(0.09584395743 0.03464716335 0.01)
(0.09800993787 0.03464716335 0.01)
(0.1 0.03464716335 0.01)
(0 0.03969997931 0.01)
(0.009950310655 0.03969997931 0.01)
(0.01909246912 0.03969997931 0.01)
(0.02749211255 0.03969997931 0.01)
(0.0352095471 0.03969997931 0.01)
(0.04230018095 0.03969997931 0.01)
(0.04881492211 0.03969997931 0.01)
(0.05480054388 0.03969997931 0.01)
(0.06030002069 0.03969997931 0.01)
(0.06535283665 0.03969997931 0.01)
(0.06999526901 0.03969997931 0.01)
(0.07426064864 0.03969997931 0.01)
(0.0781795993 0.03969997931 0.01)
(0.08178025753 0.03969997931 0.01)
(0.08508847465 0.03969997931 0.01)
(0.08812800238 0.03969997931 0.01)
(0.09092066335 0.03969997931 0.01)
(0.09348650778 0.03969997931 0.01)
(0.09584395743 0.03969997931 0.01)
(0.09800993787 0.03969997931 0.01)
(0.1 0.03969997931 0.01)
(0 0.04519945612 0.01)
(0.009950310655 0.04519945612 0.01)
(0.01909246912 0.04519945612 0.01)
(0.02749211255 0.04519945612 0.01)
(0.0352095471 0.04519945612 0.01)
(0.04230018095 0.04519945612 0.01)
(0.04881492211 0.04519945612 0.01)
(0.05480054388 0.04519945612 0.01)
(0.06030002069 0.04519945612 0.01)
(0.06535283665 0.04519945612 0.01)
(0.06999526901 0.04519945612 0.01)
(0.07426064864 0.04519945612 0.01)
(0.0781795993 0.04519945612 0.01)
(0.08178025753 0.04519945612 0.01)
(0.08508847465 0.04519945612 0.01)
(0.08812800238 0.04519945612 0.01)
(0.09092066335 0.04519945612 0.01)
(0.09348650778 0.04519945612 0.01)
(0.09584395743 0.04519945612 0.01)
(0.09800993787 0.04519945612 0.01)
(0.1 0.04519945612 0.01)
(0 0.05118507789 0.01)
(0.009950310655 0.05118507789 0.01)
(0.01909246912 0.05118507789 0.01)
(0.02749211255 0.05118507789 0.01)
(0.0352095471 0.05118507789 0.01)
(0.04230018095 0.05118507789 0.01)
(0.04881492211 0.05118507789 0.01)
(0.05480054388 0.05118507789 0.01)
(0.06030002069 0.05118507789 0.01)
(0.06535283665 0.05118507789 0.01)
(0.06999526901 0.05118507789 0.01)
(0.07426064864 0.05118507789 0.01)
(0.0781795993 0.05118507789 0.01)
(0.08178025753 0.05118507789 0.01)
(0.08508847465 0.05118507789 0.01)
(0.08812800238 0.05118507789 0.01)
(0.09092066335 0.05118507789 0.01)
(0.09348650778 0.05118507789 0.01)
(0.09584395743 0.05118507789 0.01)
(0.09800993787 0.05118507789 0.01)
(0.1 0.05118507789 0.01)
(0 0.05769981905 0.01)
(0.009950310655 0.05769981905 0.01)
(0.01909246912 0.05769981905 0.01)
(0.02749211255 0.05769981905 0.01)
(0.0352095471 0.05769981905 0.01)
(0.04230018095 0.05769981905 0.01)
(0.04881492211 0.05769981905 0.01)
(0.05480054388 0.05769981905 0.01)
(0.06030002069 0.05769981905 0.01)
(0.06535283665 0.05769981905 0.01)
(0.06999526901 0.05769981905 0.01)
(0.07426064864 0.05769981905 0.01)
(0.0781795993 0.05769981905 0.01)
(0.08178025753 0.05769981905 0.01)
(0.08508847465 0.05769981905 0.01)
(0.08812800238 0.05769981905 0.01)
(0.09092066335 0.05769981905 0.01)
(0.09348650778 0.05769981905 0.01)
(0.09584395743 0.05769981905 0.01)
(0.09800993787 0.05769981905 0.01)
(0.1 0.05769981905 0.01)
(0 0.0647904529 0.01)
(0.009950310655 0.0647904529 0.01)
(0.01909246912 0.0647904529 0.01)
(0.02749211255 0.0647904529 0.01)
(0.0352095471 0.0647904529 0.01)
(0.04230018095 0.0647904529 0.01)
(0.04881492211 0.0647904529 0.01)
(0.05480054388 0.0647904529 0.01)
(0.06030002069 0.0647904529 0.01)
(0.06535283665 0.0647904529 0.01)
(0.06999526901 0.0647904529 0.01)
(0.07426064864 0.0647904529 0.01)
(0.0781795993 0.0647904529 0.01)
(0.08178025753 0.0647904529 0.01)
(0.08508847465 0.0647904529 0.01)
(0.08812800238 0.0647904529 0.01)
(0.09092066335 0.0647904529 0.01)
(0.09348650778 0.0647904529 0.01)
(0.09584395743 0.0647904529 0.01)
(0.09800993787 0.0647904529 0.01)
(0.1 0.0647904529 0.01)
(0 0.07250788745 0.01)
(0.009950310655 0.07250788745 0.01)
(0.01909246912 0.07250788745 0.01)
(0.02749211255 0.07250788745 0.01)
(0.0352095471 0.07250788745 0.01)
(0.04230018095 0.07250788745 0.01)
(0.04881492211 0.07250788745 0.01)
(0.05480054388 0.07250788745 0.01)
(0.06030002069 0.07250788745 0.01)
(0.06535283665 0.07250788745 0.01)
(0.06999526901 0.07250788745 0.01)
(0.07426064864 0.07250788745 0.01)
(0.0781795993 0.07250788745 0.01)
(0.08178025753 0.07250788745 0.01)
(0.08508847465 0.07250788745 0.01)
(0.08812800238 0.07250788745 0.01)
(0.09092066335 0.07250788745 0.01)
(0.09348650778 0.07250788745 0.01)
(0.09584395743 0.07250788745 0.01)
(0.09800993787 0.07250788745 0.01)
(0.1 0.07250788745 0.01)
(0 0.08090753088 0.01)
(0.009950310655 0.08090753088 0.01)
(0.01909246912 0.08090753088 0.01)
(0.02749211255 0.08090753088 0.01)
(0.0352095471 0.08090753088 0.01)
(0.04230018095 0.08090753088 0.01)
(0.04881492211 0.08090753088 0.01)
(0.05480054388 0.08090753088 0.01)
(0.06030002069 0.08090753088 0.01)
(0.06535283665 0.08090753088 0.01)
(0.06999526901 0.08090753088 0.01)
(0.07426064864 0.08090753088 0.01)
(0.0781795993 0.08090753088 0.01)
(0.08178025753 0.08090753088 0.01)
(0.08508847465 0.08090753088 0.01)
(0.08812800238 0.08090753088 0.01)
(0.09092066335 0.08090753088 0.01)
(0.09348650778 0.08090753088 0.01)
(0.09584395743 0.08090753088 0.01)
(0.09800993787 0.08090753088 0.01)
(0.1 0.08090753088 0.01)
(0 0.09004968934 0.01)
(0.009950310655 0.09004968934 0.01)
(0.01909246912 0.09004968934 0.01)
(0.02749211255 0.09004968934 0.01)
(0.0352095471 0.09004968934 0.01)
(0.04230018095 0.09004968934 0.01)
(0.04881492211 0.09004968934 0.01)
(0.05480054388 0.09004968934 0.01)
(0.06030002069 0.09004968934 0.01)
(0.06535283665 0.09004968934 0.01)
(0.06999526901 0.09004968934 0.01)
(0.07426064864 0.09004968934 0.01)
(0.0781795993 0.09004968934 0.01)
(0.08178025753 0.09004968934 0.01)
(0.08508847465 0.09004968934 0.01)
(0.08812800238 0.09004968934 0.01)
(0.09092066335 0.09004968934 0.01)
(0.09348650778 0.09004968934 0.01)
(0.09584395743 0.09004968934 0.01)
(0.09800993787 0.09004968934 0.01)
(0.1 0.09004968934 0.01)
(0 0.1 0.01)
(0.009950310655 0.1 0.01)
(0.01909246912 0.1 0.01)
(0.02749211255 0.1 0.01)
(0.0352095471 0.1 0.01)
(0.04230018095 0.1 0.01)
(0.04881492211 0.1 0.01)
(0.05480054388 0.1 0.01)
(0.06030002069 0.1 0.01)
(0.06535283665 0.1 0.01)
(0.06999526901 0.1 0.01)
(0.07426064864 0.1 0.01)
(0.0781795993 0.1 0.01)
(0.08178025753 0.1 0.01)
(0.08508847465 0.1 0.01)
(0.08812800238 0.1 0.01)
(0.09092066335 0.1 0.01)
(0.09348650778 0.1 0.01)
(0.09584395743 0.1 0.01)
(0.09800993787 0.1 0.01)
(0.1 0.1 0.01)
(0.1017680403 0 0)
(0.1037109271 0 0)
(0.1058459513 0 0)
(0.1081921142 0 0)
(0.1107702956 0 0)
(0.1136034406 0 0)
(0.1167167633 0 0)
(0.1201379712 0 0)
(0.1238975119 0 0)
(0.1280288441 0 0)
(0.1325687354 0 0)
(0.1375575892 0 0)
(0.1430398047 0 0)
(0.149064172 0 0)
(0.1556843058 0 0)
(0.1629591231 0 0)
(0.1709533676 0 0)
(0.1797381853 0 0)
(0.1893917582 0 0)
(0.2 0 0)
(0.1017680403 0.001990062131 0)
(0.1037109271 0.001990062131 0)
(0.1058459513 0.001990062131 0)
(0.1081921142 0.001990062131 0)
(0.1107702956 0.001990062131 0)
(0.1136034406 0.001990062131 0)
(0.1167167633 0.001990062131 0)
(0.1201379712 0.001990062131 0)
(0.1238975119 0.001990062131 0)
(0.1280288441 0.001990062131 0)
(0.1325687354 0.001990062131 0)
(0.1375575892 0.001990062131 0)
(0.1430398047 0.001990062131 0)
(0.149064172 0.001990062131 0)
(0.1556843058 0.001990062131 0)
(0.1629591231 0.001990062131 0)
(0.1709533676 0.001990062131 0)
(0.1797381853 0.001990062131 0)
(0.1893917582 0.001990062131 0)
(0.2 0.001990062131 0)
(0.1017680403 0.004156042572 0)
(0.1037109271 0.004156042572 0)
(0.1058459513 0.004156042572 0)
(0.1081921142 0.004156042572 0)
(0.1107702956 0.004156042572 0)
(0.1136034406 0.004156042572 0)
(0.1167167633 0.004156042572 0)
(0.1201379712 0.004156042572 0)
(0.1238975119 0.004156042572 0)
(0.1280288441 0.004156042572 0)
(0.1325687354 0.004156042572 0)
(0.1375575892 0.004156042572 0)
(0.1430398047 0.004156042572 0)
(0.149064172 0.004156042572 0)
(0.1556843058 0.004156042572 0)
(0.1629591231 0.004156042572 0)
(0.1709533676 0.004156042572 0)
(0.1797381853 0.004156042572 0)
(0.1893917582 0.004156042572 0)
(0.2 0.004156042572 0)
(0.1017680403 0.00651349222 0)
(0.1037109271 0.00651349222 0)
(0.1058459513 0.00651349222 0)
(0.1081921142 0.00651349222 0)
(0.1107702956 0.00651349222 0)
(0.1136034406 0.00651349222 0)
(0.1167167633 0.00651349222 0)
(0.1201379712 0.00651349222 0)
(0.1238975119 0.00651349222 0)
(0.1280288441 0.00651349222 0)
(0.1325687354 0.00651349222 0)
(0.1375575892 0.00651349222 0)
(0.1430398047 0.00651349222 0)
(0.149064172 0.00651349222 0)
(0.1556843058 0.00651349222 0)
(0.1629591231 0.00651349222 0)
(0.1709533676 0.00651349222 0)
(0.1797381853 0.00651349222 0)
(0.1893917582 0.00651349222 0)
(0.2 0.00651349222 0)
(0.1017680403 0.009079336646 0)
(0.1037109271 0.009079336646 0)
(0.1058459513 0.009079336646 0)
(0.1081921142 0.009079336646 0)
(0.1107702956 0.009079336646 0)
(0.1136034406 0.009079336646 0)
(0.1167167633 0.009079336646 0)
(0.1201379712 0.009079336646 0)
(0.1238975119 0.009079336646 0)
(0.1280288441 0.009079336646 0)
(0.1325687354 0.009079336646 0)
(0.1375575892 0.009079336646 0)
(0.1430398047 0.009079336646 0)
(0.149064172 0.009079336646 0)
(0.1556843058 0.009079336646 0)
(0.1629591231 0.009079336646 0)
(0.1709533676 0.009079336646 0)
(0.1797381853 0.009079336646 0)
(0.1893917582 0.009079336646 0)
(0.2 0.009079336646 0)
(0.1017680403 0.01187199762 0)
(0.1037109271 0.01187199762 0)
(0.1058459513 0.01187199762 0)
(0.1081921142 0.01187199762 0)
(0.1107702956 0.01187199762 0)
(0.1136034406 0.01187199762 0)
(0.1167167633 0.01187199762 0)
(0.1201379712 0.01187199762 0)
(0.1238975119 0.01187199762 0)
(0.1280288441 0.01187199762 0)
(0.1325687354 0.01187199762 0)
(0.1375575892 0.01187199762 0)
(0.1430398047 0.01187199762 0)
(0.149064172 0.01187199762 0)
(0.1556843058 0.01187199762 0)
(0.1629591231 0.01187199762 0)
(0.1709533676 0.01187199762 0)
(0.1797381853 0.01187199762 0)
(0.1893917582 0.01187199762 0)
(0.2 0.01187199762 0)
(0.1017680403 0.01491152535 0)
(0.1037109271 0.01491152535 0)
(0.1058459513 0.01491152535 0)
(0.1081921142 0.01491152535 0)
(0.1107702956 0.01491152535 0)
(0.1136034406 0.01491152535 0)
(0.1167167633 0.01491152535 0)
(0.1201379712 0.01491152535 0)
(0.1238975119 0.01491152535 0)
(0.1280288441 0.01491152535 0)
(0.1325687354 0.01491152535 0)
(0.1375575892 0.01491152535 0)
(0.1430398047 0.01491152535 0)
(0.149064172 0.01491152535 0)
(0.1556843058 0.01491152535 0)
(0.1629591231 0.01491152535 0)
(0.1709533676 0.01491152535 0)
(0.1797381853 0.01491152535 0)
(0.1893917582 0.01491152535 0)
(0.2 0.01491152535 0)
(0.1017680403 0.01821974247 0)
(0.1037109271 0.01821974247 0)
(0.1058459513 0.01821974247 0)
(0.1081921142 0.01821974247 0)
(0.1107702956 0.01821974247 0)
(0.1136034406 0.01821974247 0)
(0.1167167633 0.01821974247 0)
(0.1201379712 0.01821974247 0)
(0.1238975119 0.01821974247 0)
(0.1280288441 0.01821974247 0)
(0.1325687354 0.01821974247 0)
(0.1375575892 0.01821974247 0)
(0.1430398047 0.01821974247 0)
(0.149064172 0.01821974247 0)
(0.1556843058 0.01821974247 0)
(0.1629591231 0.01821974247 0)
(0.1709533676 0.01821974247 0)
(0.1797381853 0.01821974247 0)
(0.1893917582 0.01821974247 0)
(0.2 0.01821974247 0)
(0.1017680403 0.0218204007 0)
(0.1037109271 0.0218204007 0)
(0.1058459513 0.0218204007 0)
(0.1081921142 0.0218204007 0)
(0.1107702956 0.0218204007 0)
(0.1136034406 0.0218204007 0)
(0.1167167633 0.0218204007 0)
(0.1201379712 0.0218204007 0)
(0.1238975119 0.0218204007 0)
(0.1280288441 0.0218204007 0)
(0.1325687354 0.0218204007 0)
(0.1375575892 0.0218204007 0)
(0.1430398047 0.0218204007 0)
(0.149064172 0.0218204007 0)
(0.1556843058 0.0218204007 0)
(0.1629591231 0.0218204007 0)
(0.1709533676 0.0218204007 0)
(0.1797381853 0.0218204007 0)
(0.1893917582 0.0218204007 0)
(0.2 0.0218204007 0)
(0.1017680403 0.02573935136 0)
(0.1037109271 0.02573935136 0)
(0.1058459513 0.02573935136 0)
(0.1081921142 0.02573935136 0)
(0.1107702956 0.02573935136 0)
(0.1136034406 0.02573935136 0)
(0.1167167633 0.02573935136 0)
(0.1201379712 0.02573935136 0)
(0.1238975119 0.02573935136 0)
(0.1280288441 0.02573935136 0)
(0.1325687354 0.02573935136 0)
(0.1375575892 0.02573935136 0)
(0.1430398047 0.02573935136 0)
(0.149064172 0.02573935136 0)
(0.1556843058 0.02573935136 0)
(0.1629591231 0.02573935136 0)
(0.1709533676 0.02573935136 0)
(0.1797381853 0.02573935136 0)
(0.1893917582 0.02573935136 0)
(0.2 0.02573935136 0)
(0.1017680403 0.03000473099 0)
(0.1037109271 0.03000473099 0)
(0.1058459513 0.03000473099 0)
(0.1081921142 0.03000473099 0)
(0.1107702956 0.03000473099 0)
(0.1136034406 0.03000473099 0)
(0.1167167633 0.03000473099 0)
(0.1201379712 0.03000473099 0)
(0.1238975119 0.03000473099 0)
(0.1280288441 0.03000473099 0)
(0.1325687354 0.03000473099 0)
(0.1375575892 0.03000473099 0)
(0.1430398047 0.03000473099 0)
(0.149064172 0.03000473099 0)
(0.1556843058 0.03000473099 0)
(0.1629591231 0.03000473099 0)
(0.1709533676 0.03000473099 0)
(0.1797381853 0.03000473099 0)
(0.1893917582 0.03000473099 0)
(0.2 0.03000473099 0)
(0.1017680403 0.03464716335 0)
(0.1037109271 0.03464716335 0)
(0.1058459513 0.03464716335 0)
(0.1081921142 0.03464716335 0)
(0.1107702956 0.03464716335 0)
(0.1136034406 0.03464716335 0)
(0.1167167633 0.03464716335 0)
(0.1201379712 0.03464716335 0)
(0.1238975119 0.03464716335 0)
(0.1280288441 0.03464716335 0)
(0.1325687354 0.03464716335 0)
(0.1375575892 0.03464716335 0)
(0.1430398047 0.03464716335 0)
(0.149064172 0.03464716335 0)
(0.1556843058 0.03464716335 0)
(0.1629591231 0.03464716335 0)
(0.1709533676 0.03464716335 0)
(0.1797381853 0.03464716335 0)
(0.1893917582 0.03464716335 0)
(0.2 0.03464716335 0)
(0.1017680403 0.03969997931 0)
(0.1037109271 0.03969997931 0)
(0.1058459513 0.03969997931 0)
(0.1081921142 0.03969997931 0)
(0.1107702956 0.03969997931 0)
(0.1136034406 0.03969997931 0)
(0.1167167633 0.03969997931 0)
(0.1201379712 0.03969997931 0)
(0.1238975119 0.03969997931 0)
(0.1280288441 0.03969997931 0)
(0.1325687354 0.03969997931 0)
(0.1375575892 0.03969997931 0)
(0.1430398047 0.03969997931 0)
(0.149064172 0.03969997931 0)
(0.1556843058 0.03969997931 0)
(0.1629591231 0.03969997931 0)
(0.1709533676 0.03969997931 0)
(0.1797381853 0.03969997931 0)
(0.1893917582 0.03969997931 0)
(0.2 0.03969997931 0)
(0.1017680403 0.04519945612 0)
(0.1037109271 0.04519945612 0)
(0.1058459513 0.04519945612 0)
(0.1081921142 0.04519945612 0)
(0.1107702956 0.04519945612 0)
(0.1136034406 0.04519945612 0)
(0.1167167633 0.04519945612 0)
(0.1201379712 0.04519945612 0)
(0.1238975119 0.04519945612 0)
(0.1280288441 0.04519945612 0)
(0.1325687354 0.04519945612 0)
(0.1375575892 0.04519945612 0)
(0.1430398047 0.04519945612 0)
(0.149064172 0.04519945612 0)
(0.1556843058 0.04519945612 0)
(0.1629591231 0.04519945612 0)
(0.1709533676 0.04519945612 0)
(0.1797381853 0.04519945612 0)
(0.1893917582 0.04519945612 0)
(0.2 0.04519945612 0)
(0.1017680403 0.05118507789 0)
(0.1037109271 0.05118507789 0)
(0.1058459513 0.05118507789 0)
(0.1081921142 0.05118507789 0)
(0.1107702956 0.05118507789 0)
(0.1136034406 0.05118507789 0)
(0.1167167633 0.05118507789 0)
(0.1201379712 0.05118507789 0)
(0.1238975119 0.05118507789 0)
(0.1280288441 0.05118507789 0)
(0.1325687354 0.05118507789 0)
(0.1375575892 0.05118507789 0)
(0.1430398047 0.05118507789 0)
(0.149064172 0.05118507789 0)
(0.1556843058 0.05118507789 0)
(0.1629591231 0.05118507789 0)
(0.1709533676 0.05118507789 0)
(0.1797381853 0.05118507789 0)
(0.1893917582 0.05118507789 0)
(0.2 0.05118507789 0)
(0.1017680403 0.05769981905 0)
(0.1037109271 0.05769981905 0)
(0.1058459513 0.05769981905 0)
(0.1081921142 0.05769981905 0)
(0.1107702956 0.05769981905 0)
(0.1136034406 0.05769981905 0)
(0.1167167633 0.05769981905 0)
(0.1201379712 0.05769981905 0)
(0.1238975119 0.05769981905 0)
(0.1280288441 0.05769981905 0)
(0.1325687354 0.05769981905 0)
(0.1375575892 0.05769981905 0)
(0.1430398047 0.05769981905 0)
(0.149064172 0.05769981905 0)
(0.1556843058 0.05769981905 0)
(0.1629591231 0.05769981905 0)
(0.1709533676 0.05769981905 0)
(0.1797381853 0.05769981905 0)
(0.1893917582 0.05769981905 0)
(0.2 0.05769981905 0)
(0.1017680403 0.0647904529 0)
(0.1037109271 0.0647904529 0)
(0.1058459513 0.0647904529 0)
(0.1081921142 0.0647904529 0)
(0.1107702956 0.0647904529 0)
(0.1136034406 0.0647904529 0)
(0.1167167633 0.0647904529 0)
(0.1201379712 0.0647904529 0)
(0.1238975119 0.0647904529 0)
(0.1280288441 0.0647904529 0)
(0.1325687354 0.0647904529 0)
(0.1375575892 0.0647904529 0)
(0.1430398047 0.0647904529 0)
(0.149064172 0.0647904529 0)
(0.1556843058 0.0647904529 0)
(0.1629591231 0.0647904529 0)
(0.1709533676 0.0647904529 0)
(0.1797381853 0.0647904529 0)
(0.1893917582 0.0647904529 0)
(0.2 0.0647904529 0)
(0.1017680403 0.07250788745 0)
(0.1037109271 0.07250788745 0)
(0.1058459513 0.07250788745 0)
(0.1081921142 0.07250788745 0)
(0.1107702956 0.07250788745 0)
(0.1136034406 0.07250788745 0)
(0.1167167633 0.07250788745 0)
(0.1201379712 0.07250788745 0)
(0.1238975119 0.07250788745 0)
(0.1280288441 0.07250788745 0)
(0.1325687354 0.07250788745 0)
(0.1375575892 0.07250788745 0)
(0.1430398047 0.07250788745 0)
(0.149064172 0.07250788745 0)
(0.1556843058 0.07250788745 0)
(0.1629591231 0.07250788745 0)
(0.1709533676 0.07250788745 0)
(0.1797381853 0.07250788745 0)
(0.1893917582 0.07250788745 0)
(0.2 0.07250788745 0)
(0.1017680403 0.08090753088 0)
(0.1037109271 0.08090753088 0)
(0.1058459513 0.08090753088 0)
(0.1081921142 0.08090753088 0)
(0.1107702956 0.08090753088 0)
(0.1136034406 0.08090753088 0)
(0.1167167633 0.08090753088 0)
(0.1201379712 0.08090753088 0)
(0.1238975119 0.08090753088 0)
(0.1280288441 0.08090753088 0)
(0.1325687354 0.08090753088 0)
(0.1375575892 0.08090753088 0)
(0.1430398047 0.08090753088 0)
(0.149064172 0.08090753088 0)
(0.1556843058 0.08090753088 0)
(0.1629591231 0.08090753088 0)
(0.1709533676 0.08090753088 0)
(0.1797381853 0.08090753088 0)
(0.1893917582 0.08090753088 0)
(0.2 0.08090753088 0)
(0.1017680403 0.09004968934 0)
(0.1037109271 0.09004968934 0)
(0.1058459513 0.09004968934 0)
(0.1081921142 0.09004968934 0)
(0.1107702956 0.09004968934 0)
(0.1136034406 0.09004968934 0)
(0.1167167633 0.09004968934 0)
(0.1201379712 0.09004968934 0)
(0.1238975119 0.09004968934 0)
(0.1280288441 0.09004968934 0)
(0.1325687354 0.09004968934 0)
(0.1375575892 0.09004968934 0)
(0.1430398047 0.09004968934 0)
(0.149064172 0.09004968934 0)
(0.1556843058 0.09004968934 0)
(0.1629591231 0.09004968934 0)
(0.1709533676 0.09004968934 0)
(0.1797381853 0.09004968934 0)
(0.1893917582 0.09004968934 0)
(0.2 0.09004968934 0)
(0.1017680403 0.1 0)
(0.1037109271 0.1 0)
(0.1058459513 0.1 0)
(0.1081921142 0.1 0)
(0.1107702956 0.1 0)
(0.1136034406 0.1 0)
(0.1167167633 0.1 0)
(0.1201379712 0.1 0)
(0.1238975119 0.1 0)
(0.1280288441 0.1 0)
(0.1325687354 0.1 0)
(0.1375575892 0.1 0)
(0.1430398047 0.1 0)
(0.149064172 0.1 0)
(0.1556843058 0.1 0)
(0.1629591231 0.1 0)
(0.1709533676 0.1 0)
(0.1797381853 0.1 0)
(0.1893917582 0.1 0)
(0.2 0.1 0)
(0.1017680403 0 0.01)
(0.1037109271 0 0.01)
(0.1058459513 0 0.01)
(0.1081921142 0 0.01)
(0.1107702956 0 0.01)
(0.1136034406 0 0.01)
(0.1167167633 0 0.01)
(0.1201379712 0 0.01)
(0.1238975119 0 0.01)
(0.1280288441 0 0.01)
(0.1325687354 0 0.01)
(0.1375575892 0 0.01)
(0.1430398047 0 0.01)
(0.149064172 0 0.01)
(0.1556843058 0 0.01)
(0.1629591231 0 0.01)
(0.1709533676 0 0.01)
(0.1797381853 0 0.01)
(0.1893917582 0 0.01)
(0.2 0 0.01)
(0.1017680403 0.001990062131 0.01)
(0.1037109271 0.001990062131 0.01)
(0.1058459513 0.001990062131 0.01)
(0.1081921142 0.001990062131 0.01)
(0.1107702956 0.001990062131 0.01)
(0.1136034406 0.001990062131 0.01)
(0.1167167633 0.001990062131 0.01)
(0.1201379712 0.001990062131 0.01)
(0.1238975119 0.001990062131 0.01)
(0.1280288441 0.001990062131 0.01)
(0.1325687354 0.001990062131 0.01)
(0.1375575892 0.001990062131 0.01)
(0.1430398047 0.001990062131 0.01)
(0.149064172 0.001990062131 0.01)
(0.1556843058 0.001990062131 0.01)
(0.1629591231 0.001990062131 0.01)
(0.1709533676 0.001990062131 0.01)
(0.1797381853 0.001990062131 0.01)
(0.1893917582 0.001990062131 0.01)
(0.2 0.001990062131 0.01)
(0.1017680403 0.004156042572 0.01)
(0.1037109271 0.004156042572 0.01)
(0.1058459513 0.004156042572 0.01)
(0.1081921142 0.004156042572 0.01)
(0.1107702956 0.004156042572 0.01)
(0.1136034406 0.004156042572 0.01)
(0.1167167633 0.004156042572 0.01)
(0.1201379712 0.004156042572 0.01)
(0.1238975119 0.004156042572 0.01)
(0.1280288441 0.004156042572 0.01)
(0.1325687354 0.004156042572 0.01)
(0.1375575892 0.004156042572 0.01)
(0.1430398047 0.004156042572 0.01)
(0.149064172 0.004156042572 0.01)
(0.1556843058 0.004156042572 0.01)
(0.1629591231 0.004156042572 0.01)
(0.1709533676 0.004156042572 0.01)
(0.1797381853 0.004156042572 0.01)
(0.1893917582 0.004156042572 0.01)
(0.2 0.004156042572 0.01)
(0.1017680403 0.00651349222 0.01)
(0.1037109271 0.00651349222 0.01)
(0.1058459513 0.00651349222 0.01)
(0.1081921142 0.00651349222 0.01)
(0.1107702956 0.00651349222 0.01)
(0.1136034406 0.00651349222 0.01)
(0.1167167633 0.00651349222 0.01)
(0.1201379712 0.00651349222 0.01)
(0.1238975119 0.00651349222 0.01)
(0.1280288441 0.00651349222 0.01)
(0.1325687354 0.00651349222 0.01)
(0.1375575892 0.00651349222 0.01)
(0.1430398047 0.00651349222 0.01)
(0.149064172 0.00651349222 0.01)
(0.1556843058 0.00651349222 0.01)
(0.1629591231 0.00651349222 0.01)
(0.1709533676 0.00651349222 0.01)
(0.1797381853 0.00651349222 0.01)
(0.1893917582 0.00651349222 0.01)
(0.2 0.00651349222 0.01)
(0.1017680403 0.009079336646 0.01)
(0.1037109271 0.009079336646 0.01)
(0.1058459513 0.009079336646 0.01)
(0.1081921142 0.009079336646 0.01)
(0.1107702956 0.009079336646 0.01)
(0.1136034406 0.009079336646 0.01)
(0.1167167633 0.009079336646 0.01)
(0.1201379712 0.009079336646 0.01)
(0.1238975119 0.009079336646 0.01)
(0.1280288441 0.009079336646 0.01)
(0.1325687354 0.009079336646 0.01)
(0.1375575892 0.009079336646 0.01)
(0.1430398047 0.009079336646 0.01)
(0.149064172 0.009079336646 0.01)
(0.1556843058 0.009079336646 0.01)
(0.1629591231 0.009079336646 0.01)
(0.1709533676 0.009079336646 0.01)
(0.1797381853 0.009079336646 0.01)
(0.1893917582 0.009079336646 0.01)
(0.2 0.009079336646 0.01)
(0.1017680403 0.01187199762 0.01)
(0.1037109271 0.01187199762 0.01)
(0.1058459513 0.01187199762 0.01)
(0.1081921142 0.01187199762 0.01)
(0.1107702956 0.01187199762 0.01)
(0.1136034406 0.01187199762 0.01)
(0.1167167633 0.01187199762 0.01)
(0.1201379712 0.01187199762 0.01)
(0.1238975119 0.01187199762 0.01)
(0.1280288441 0.01187199762 0.01)
(0.1325687354 0.01187199762 0.01)
(0.1375575892 0.01187199762 0.01)
(0.1430398047 0.01187199762 0.01)
(0.149064172 0.01187199762 0.01)
(0.1556843058 0.01187199762 0.01)
(0.1629591231 0.01187199762 0.01)
(0.1709533676 0.01187199762 0.01)
(0.1797381853 0.01187199762 0.01)
(0.1893917582 0.01187199762 0.01)
(0.2 0.01187199762 0.01)
(0.1017680403 0.01491152535 0.01)
(0.1037109271 0.01491152535 0.01)
(0.1058459513 0.01491152535 0.01)
(0.1081921142 0.01491152535 0.01)
(0.1107702956 0.01491152535 0.01)
(0.1136034406 0.01491152535 0.01)
(0.1167167633 0.01491152535 0.01)
(0.1201379712 0.01491152535 0.01)
(0.1238975119 0.01491152535 0.01)
(0.1280288441 0.01491152535 0.01)
(0.1325687354 0.01491152535 0.01)
(0.1375575892 0.01491152535 0.01)
(0.1430398047 0.01491152535 0.01)
(0.149064172 0.01491152535 0.01)
(0.1556843058 0.01491152535 0.01)
(0.1629591231 0.01491152535 0.01)
(0.1709533676 0.01491152535 0.01)
(0.1797381853 0.01491152535 0.01)
(0.1893917582 0.01491152535 0.01)
(0.2 0.01491152535 0.01)
(0.1017680403 0.01821974247 0.01)
(0.1037109271 0.01821974247 0.01)
(0.1058459513 0.01821974247 0.01)
(0.1081921142 0.01821974247 0.01)
(0.1107702956 0.01821974247 0.01)
(0.1136034406 0.01821974247 0.01)
(0.1167167633 0.01821974247 0.01)
(0.1201379712 0.01821974247 0.01)
(0.1238975119 0.01821974247 0.01)
(0.1280288441 0.01821974247 0.01)
(0.1325687354 0.01821974247 0.01)
(0.1375575892 0.01821974247 0.01)
(0.1430398047 0.01821974247 0.01)
(0.149064172 0.01821974247 0.01)
(0.1556843058 0.01821974247 0.01)
(0.1629591231 0.01821974247 0.01)
(0.1709533676 0.01821974247 0.01)
(0.1797381853 0.01821974247 0.01)
(0.1893917582 0.01821974247 0.01)
(0.2 0.01821974247 0.01)
(0.1017680403 0.0218204007 0.01)
(0.1037109271 0.0218204007 0.01)
(0.1058459513 0.0218204007 0.01)
(0.1081921142 0.0218204007 0.01)
(0.1107702956 0.0218204007 0.01)
(0.1136034406 0.0218204007 0.01)
(0.1167167633 0.0218204007 0.01)
(0.1201379712 0.0218204007 0.01)
(0.1238975119 0.0218204007 0.01)
(0.1280288441 0.0218204007 0.01)
(0.1325687354 0.0218204007 0.01)
(0.1375575892 0.0218204007 0.01)
(0.1430398047 0.0218204007 0.01)
(0.149064172 0.0218204007 0.01)
(0.1556843058 0.0218204007 0.01)
(0.1629591231 0.0218204007 0.01)
(0.1709533676 0.0218204007 0.01)
(0.1797381853 0.0218204007 0.01)
(0.1893917582 0.0218204007 0.01)
(0.2 0.0218204007 0.01)
(0.1017680403 0.02573935136 0.01)
(0.1037109271 0.02573935136 0.01)
(0.1058459513 0.02573935136 0.01)
(0.1081921142 0.02573935136 0.01)
(0.1107702956 0.02573935136 0.01)
(0.1136034406 0.02573935136 0.01)
(0.1167167633 0.02573935136 0.01)
(0.1201379712 0.02573935136 0.01)
(0.1238975119 0.02573935136 0.01)
(0.1280288441 0.02573935136 0.01)
(0.1325687354 0.02573935136 0.01)
(0.1375575892 0.02573935136 0.01)
(0.1430398047 0.02573935136 0.01)
(0.149064172 0.02573935136 0.01)
(0.1556843058 0.02573935136 0.01)
(0.1629591231 0.02573935136 0.01)
(0.1709533676 0.02573935136 0.01)
(0.1797381853 0.02573935136 0.01)
(0.1893917582 0.02573935136 0.01)
(0.2 0.02573935136 0.01)
(0.1017680403 0.03000473099 0.01)
(0.1037109271 0.03000473099 0.01)
(0.1058459513 0.03000473099 0.01)
(0.1081921142 0.03000473099 0.01)
(0.1107702956 0.03000473099 0.01)
(0.1136034406 0.03000473099 0.01)
(0.1167167633 0.03000473099 0.01)
(0.1201379712 0.03000473099 0.01)
(0.1238975119 0.03000473099 0.01)
(0.1280288441 0.03000473099 0.01)
(0.1325687354 0.03000473099 0.01)
(0.1375575892 0.03000473099 0.01)
(0.1430398047 0.03000473099 0.01)
(0.149064172 0.03000473099 0.01)
(0.1556843058 0.03000473099 0.01)
(0.1629591231 0.03000473099 0.01)
(0.1709533676 0.03000473099 0.01)
(0.1797381853 0.03000473099 0.01)
(0.1893917582 0.03000473099 0.01)
(0.2 0.03000473099 0.01)
(0.1017680403 0.03464716335 0.01)
(0.1037109271 0.03464716335 0.01)
(0.1058459513 0.03464716335 0.01)
(0.1081921142 0.03464716335 0.01)
(0.1107702956 0.03464716335 0.01)
(0.1136034406 0.03464716335 0.01)
(0.1167167633 0.03464716335 0.01)
(0.1201379712 0.03464716335 0.01)
(0.1238975119 0.03464716335 0.01)
(0.1280288441 0.03464716335 0.01)
(0.1325687354 0.03464716335 0.01)
(0.1375575892 0.03464716335 0.01)
(0.1430398047 0.03464716335 0.01)
(0.149064172 0.03464716335 0.01)
(0.1556843058 0.03464716335 0.01)
(0.1629591231 0.03464716335 0.01)
(0.1709533676 0.03464716335 0.01)
(0.1797381853 0.03464716335 0.01)
(0.1893917582 0.03464716335 0.01)
(0.2 0.03464716335 0.01)
(0.1017680403 0.03969997931 0.01)
(0.1037109271 0.03969997931 0.01)
(0.1058459513 0.03969997931 0.01)
(0.1081921142 0.03969997931 0.01)
(0.1107702956 0.03969997931 0.01)
(0.1136034406 0.03969997931 0.01)
(0.1167167633 0.03969997931 0.01)
(0.1201379712 0.03969997931 0.01)
(0.1238975119 0.03969997931 0.01)
(0.1280288441 0.03969997931 0.01)
(0.1325687354 0.03969997931 0.01)
(0.1375575892 0.03969997931 0.01)
(0.1430398047 0.03969997931 0.01)
(0.149064172 0.03969997931 0.01)
(0.1556843058 0.03969997931 0.01)
(0.1629591231 0.03969997931 0.01)
(0.1709533676 0.03969997931 0.01)
(0.1797381853 0.03969997931 0.01)
(0.1893917582 0.03969997931 0.01)
(0.2 0.03969997931 0.01)
(0.1017680403 0.04519945612 0.01)
(0.1037109271 0.04519945612 0.01)
(0.1058459513 0.04519945612 0.01)
(0.1081921142 0.04519945612 0.01)
(0.1107702956 0.04519945612 0.01)
(0.1136034406 0.04519945612 0.01)
(0.1167167633 0.04519945612 0.01)
(0.1201379712 0.04519945612 0.01)
(0.1238975119 0.04519945612 0.01)
(0.1280288441 0.04519945612 0.01)
(0.1325687354 0.04519945612 0.01)
(0.1375575892 0.04519945612 0.01)
(0.1430398047 0.04519945612 0.01)
(0.149064172 0.04519945612 0.01)
(0.1556843058 0.04519945612 0.01)
(0.1629591231 0.04519945612 0.01)
(0.1709533676 0.04519945612 0.01)
(0.1797381853 0.04519945612 0.01)
(0.1893917582 0.04519945612 0.01)
(0.2 0.04519945612 0.01)
(0.1017680403 0.05118507789 0.01)
(0.1037109271 0.05118507789 0.01)
(0.1058459513 0.05118507789 0.01)
(0.1081921142 0.05118507789 0.01)
(0.1107702956 0.05118507789 0.01)
(0.1136034406 0.05118507789 0.01)
(0.1167167633 0.05118507789 0.01)
(0.1201379712 0.05118507789 0.01)
(0.1238975119 0.05118507789 0.01)
(0.1280288441 0.05118507789 0.01)
(0.1325687354 0.05118507789 0.01)
(0.1375575892 0.05118507789 0.01)
(0.1430398047 0.05118507789 0.01)
(0.149064172 0.05118507789 0.01)
(0.1556843058 0.05118507789 0.01)
(0.1629591231 0.05118507789 0.01)
(0.1709533676 0.05118507789 0.01)
(0.1797381853 0.05118507789 0.01)
(0.1893917582 0.05118507789 0.01)
(0.2 0.05118507789 0.01)
(0.1017680403 0.05769981905 0.01)
(0.1037109271 0.05769981905 0.01)
(0.1058459513 0.05769981905 0.01)
(0.1081921142 0.05769981905 0.01)
(0.1107702956 0.05769981905 0.01)
(0.1136034406 0.05769981905 0.01)
(0.1167167633 0.05769981905 0.01)
(0.1201379712 0.05769981905 0.01)
(0.1238975119 0.05769981905 0.01)
(0.1280288441 0.05769981905 0.01)
(0.1325687354 0.05769981905 0.01)
(0.1375575892 0.05769981905 0.01)
(0.1430398047 0.05769981905 0.01)
(0.149064172 0.05769981905 0.01)
(0.1556843058 0.05769981905 0.01)
(0.1629591231 0.05769981905 0.01)
(0.1709533676 0.05769981905 0.01)
(0.1797381853 0.05769981905 0.01)
(0.1893917582 0.05769981905 0.01)
(0.2 0.05769981905 0.01)
(0.1017680403 0.0647904529 0.01)
(0.1037109271 0.0647904529 0.01)
(0.1058459513 0.0647904529 0.01)
(0.1081921142 0.0647904529 0.01)
(0.1107702956 0.0647904529 0.01)
(0.1136034406 0.0647904529 0.01)
(0.1167167633 0.0647904529 0.01)
(0.1201379712 0.0647904529 0.01)
(0.1238975119 0.0647904529 0.01)
(0.1280288441 0.0647904529 0.01)
(0.1325687354 0.0647904529 0.01)
(0.1375575892 0.0647904529 0.01)
(0.1430398047 0.0647904529 0.01)
(0.149064172 0.0647904529 0.01)
(0.1556843058 0.0647904529 0.01)
(0.1629591231 0.0647904529 0.01)
(0.1709533676 0.0647904529 0.01)
(0.1797381853 0.0647904529 0.01)
(0.1893917582 0.0647904529 0.01)
(0.2 0.0647904529 0.01)
(0.1017680403 0.07250788745 0.01)
(0.1037109271 0.07250788745 0.01)
(0.1058459513 0.07250788745 0.01)
(0.1081921142 0.07250788745 0.01)
(0.1107702956 0.07250788745 0.01)
(0.1136034406 0.07250788745 0.01)
(0.1167167633 0.07250788745 0.01)
(0.1201379712 0.07250788745 0.01)
(0.1238975119 0.07250788745 0.01)
(0.1280288441 0.07250788745 0.01)
(0.1325687354 0.07250788745 0.01)
(0.1375575892 0.07250788745 0.01)
(0.1430398047 0.07250788745 0.01)
(0.149064172 0.07250788745 0.01)
(0.1556843058 0.07250788745 0.01)
(0.1629591231 0.07250788745 0.01)
(0.1709533676 0.07250788745 0.01)
(0.1797381853 0.07250788745 0.01)
(0.1893917582 0.07250788745 0.01)
(0.2 0.07250788745 0.01)
(0.1017680403 0.08090753088 0.01)
(0.1037109271 0.08090753088 0.01)
(0.1058459513 0.08090753088 0.01)
(0.1081921142 0.08090753088 0.01)
(0.1107702956 0.08090753088 0.01)
(0.1136034406 0.08090753088 0.01)
(0.1167167633 0.08090753088 0.01)
(0.1201379712 0.08090753088 0.01)
(0.1238975119 0.08090753088 0.01)
(0.1280288441 0.08090753088 0.01)
(0.1325687354 0.08090753088 0.01)
(0.1375575892 0.08090753088 0.01)
(0.1430398047 0.08090753088 0.01)
(0.149064172 0.08090753088 0.01)
(0.1556843058 0.08090753088 0.01)
(0.1629591231 0.08090753088 0.01)
(0.1709533676 0.08090753088 0.01)
(0.1797381853 0.08090753088 0.01)
(0.1893917582 0.08090753088 0.01)
(0.2 0.08090753088 0.01)
(0.1017680403 0.09004968934 0.01)
(0.1037109271 0.09004968934 0.01)
(0.1058459513 0.09004968934 0.01)
(0.1081921142 0.09004968934 0.01)
(0.1107702956 0.09004968934 0.01)
(0.1136034406 0.09004968934 0.01)
(0.1167167633 0.09004968934 0.01)
(0.1201379712 0.09004968934 0.01)
(0.1238975119 0.09004968934 0.01)
(0.1280288441 0.09004968934 0.01)
(0.1325687354 0.09004968934 0.01)
(0.1375575892 0.09004968934 0.01)
(0.1430398047 0.09004968934 0.01)
(0.149064172 0.09004968934 0.01)
(0.1556843058 0.09004968934 0.01)
(0.1629591231 0.09004968934 0.01)
(0.1709533676 0.09004968934 0.01)
(0.1797381853 0.09004968934 0.01)
(0.1893917582 0.09004968934 0.01)
(0.2 0.09004968934 0.01)
(0.1017680403 0.1 0.01)
(0.1037109271 0.1 0.01)
(0.1058459513 0.1 0.01)
(0.1081921142 0.1 0.01)
(0.1107702956 0.1 0.01)
(0.1136034406 0.1 0.01)
(0.1167167633 0.1 0.01)
(0.1201379712 0.1 0.01)
(0.1238975119 0.1 0.01)
(0.1280288441 0.1 0.01)
(0.1325687354 0.1 0.01)
(0.1375575892 0.1 0.01)
(0.1430398047 0.1 0.01)
(0.149064172 0.1 0.01)
(0.1556843058 0.1 0.01)
(0.1629591231 0.1 0.01)
(0.1709533676 0.1 0.01)
(0.1797381853 0.1 0.01)
(0.1893917582 0.1 0.01)
(0.2 0.1 0.01)
)


// ************************************************************************* //
