/*--------------------------------*- C++ -*----------------------------------*\
| =========                 |                                                 |
| \\      /  F ield         | OpenFOAM: The Open Source CFD Toolbox           |
|  \\    /   O peration     | Version:  v1906                                 |
|   \\  /    A nd           | Web:      www.OpenFOAM.com                      |
|    \\/     M anipulation  |                                                 |
\*---------------------------------------------------------------------------*/
FoamFile
{
    version     2.0;
    format      ascii;
    class       faceList;
    location    "constant/baffle3DRegion/polyMesh";
    object      faces;
}
// * * * * * * * * * * * * * * * * * * * * * * * * * * * * * * * * * * * * * //


3266
(
4(34 84 134 184)
4(2 3 184 134)
4(35 85 135 185)
4(134 184 185 135)
4(36 86 136 186)
4(135 185 186 136)
4(37 87 137 187)
4(136 186 187 137)
4(38 88 138 188)
4(137 187 188 138)
4(39 89 139 189)
4(138 188 189 139)
4(40 90 140 190)
4(139 189 190 140)
4(41 91 141 191)
4(140 190 191 141)
4(42 92 142 192)
4(141 191 192 142)
4(43 93 143 193)
4(142 192 193 143)
4(44 94 144 194)
4(143 193 194 144)
4(45 95 145 195)
4(144 194 195 145)
4(46 96 146 196)
4(145 195 196 146)
4(47 97 147 197)
4(146 196 197 147)
4(48 98 148 198)
4(147 197 198 148)
4(49 99 149 199)
4(148 198 199 149)
4(50 100 150 200)
4(149 199 200 150)
4(51 101 151 201)
4(150 200 201 151)
4(52 102 152 202)
4(151 201 202 152)
4(53 103 153 203)
4(152 202 203 153)
4(54 104 154 204)
4(153 203 204 154)
4(55 105 155 205)
4(154 204 205 155)
4(56 106 156 206)
4(155 205 206 156)
4(57 107 157 207)
4(156 206 207 157)
4(58 108 158 208)
4(157 207 208 158)
4(59 109 159 209)
4(158 208 209 159)
4(60 110 160 210)
4(159 209 210 160)
4(61 111 161 211)
4(160 210 211 161)
4(62 112 162 212)
4(161 211 212 162)
4(63 113 163 213)
4(162 212 213 163)
4(64 114 164 214)
4(163 213 214 164)
4(65 115 165 215)
4(164 214 215 165)
4(66 116 166 216)
4(165 215 216 166)
4(67 117 167 217)
4(166 216 217 167)
4(68 118 168 218)
4(167 217 218 168)
4(69 119 169 219)
4(168 218 219 169)
4(70 120 170 220)
4(169 219 220 170)
4(71 121 171 221)
4(170 220 221 171)
4(72 122 172 222)
4(171 221 222 172)
4(73 123 173 223)
4(172 222 223 173)
4(74 124 174 224)
4(173 223 224 174)
4(75 125 175 225)
4(174 224 225 175)
4(76 126 176 226)
4(175 225 226 176)
4(77 127 177 227)
4(176 226 227 177)
4(78 128 178 228)
4(177 227 228 178)
4(79 129 179 229)
4(178 228 229 179)
4(80 130 180 230)
4(179 229 230 180)
4(81 131 181 231)
4(180 230 231 181)
4(82 132 182 232)
4(181 231 232 182)
4(182 232 233 183)
4(184 134 234 284)
4(4 5 284 234)
4(185 135 235 285)
4(234 284 285 235)
4(186 136 236 286)
4(235 285 286 236)
4(187 137 237 287)
4(236 286 287 237)
4(188 138 238 288)
4(237 287 288 238)
4(189 139 239 289)
4(238 288 289 239)
4(190 140 240 290)
4(239 289 290 240)
4(191 141 241 291)
4(240 290 291 241)
4(192 142 242 292)
4(241 291 292 242)
4(193 143 243 293)
4(242 292 293 243)
4(194 144 244 294)
4(243 293 294 244)
4(195 145 245 295)
4(244 294 295 245)
4(196 146 246 296)
4(245 295 296 246)
4(197 147 247 297)
4(246 296 297 247)
4(198 148 248 298)
4(247 297 298 248)
4(199 149 249 299)
4(248 298 299 249)
4(200 150 250 300)
4(249 299 300 250)
4(201 151 251 301)
4(250 300 301 251)
4(202 152 252 302)
4(251 301 302 252)
4(203 153 253 303)
4(252 302 303 253)
4(204 154 254 304)
4(253 303 304 254)
4(205 155 255 305)
4(254 304 305 255)
4(206 156 256 306)
4(255 305 306 256)
4(207 157 257 307)
4(256 306 307 257)
4(208 158 258 308)
4(257 307 308 258)
4(209 159 259 309)
4(258 308 309 259)
4(210 160 260 310)
4(259 309 310 260)
4(211 161 261 311)
4(260 310 311 261)
4(212 162 262 312)
4(261 311 312 262)
4(213 163 263 313)
4(262 312 313 263)
4(214 164 264 314)
4(263 313 314 264)
4(215 165 265 315)
4(264 314 315 265)
4(216 166 266 316)
4(265 315 316 266)
4(217 167 267 317)
4(266 316 317 267)
4(218 168 268 318)
4(267 317 318 268)
4(219 169 269 319)
4(268 318 319 269)
4(220 170 270 320)
4(269 319 320 270)
4(221 171 271 321)
4(270 320 321 271)
4(222 172 272 322)
4(271 321 322 272)
4(223 173 273 323)
4(272 322 323 273)
4(224 174 274 324)
4(273 323 324 274)
4(225 175 275 325)
4(274 324 325 275)
4(226 176 276 326)
4(275 325 326 276)
4(227 177 277 327)
4(276 326 327 277)
4(228 178 278 328)
4(277 327 328 278)
4(229 179 279 329)
4(278 328 329 279)
4(230 180 280 330)
4(279 329 330 280)
4(231 181 281 331)
4(280 330 331 281)
4(232 182 282 332)
4(281 331 332 282)
4(282 332 333 283)
4(284 234 334 384)
4(6 7 384 334)
4(285 235 335 385)
4(334 384 385 335)
4(286 236 336 386)
4(335 385 386 336)
4(287 237 337 387)
4(336 386 387 337)
4(288 238 338 388)
4(337 387 388 338)
4(289 239 339 389)
4(338 388 389 339)
4(290 240 340 390)
4(339 389 390 340)
4(291 241 341 391)
4(340 390 391 341)
4(292 242 342 392)
4(341 391 392 342)
4(293 243 343 393)
4(342 392 393 343)
4(294 244 344 394)
4(343 393 394 344)
4(295 245 345 395)
4(344 394 395 345)
4(296 246 346 396)
4(345 395 396 346)
4(297 247 347 397)
4(346 396 397 347)
4(298 248 348 398)
4(347 397 398 348)
4(299 249 349 399)
4(348 398 399 349)
4(300 250 350 400)
4(349 399 400 350)
4(301 251 351 401)
4(350 400 401 351)
4(302 252 352 402)
4(351 401 402 352)
4(303 253 353 403)
4(352 402 403 353)
4(304 254 354 404)
4(353 403 404 354)
4(305 255 355 405)
4(354 404 405 355)
4(306 256 356 406)
4(355 405 406 356)
4(307 257 357 407)
4(356 406 407 357)
4(308 258 358 408)
4(357 407 408 358)
4(309 259 359 409)
4(358 408 409 359)
4(310 260 360 410)
4(359 409 410 360)
4(311 261 361 411)
4(360 410 411 361)
4(312 262 362 412)
4(361 411 412 362)
4(313 263 363 413)
4(362 412 413 363)
4(314 264 364 414)
4(363 413 414 364)
4(315 265 365 415)
4(364 414 415 365)
4(316 266 366 416)
4(365 415 416 366)
4(317 267 367 417)
4(366 416 417 367)
4(318 268 368 418)
4(367 417 418 368)
4(319 269 369 419)
4(368 418 419 369)
4(320 270 370 420)
4(369 419 420 370)
4(321 271 371 421)
4(370 420 421 371)
4(322 272 372 422)
4(371 421 422 372)
4(323 273 373 423)
4(372 422 423 373)
4(324 274 374 424)
4(373 423 424 374)
4(325 275 375 425)
4(374 424 425 375)
4(326 276 376 426)
4(375 425 426 376)
4(327 277 377 427)
4(376 426 427 377)
4(328 278 378 428)
4(377 427 428 378)
4(329 279 379 429)
4(378 428 429 379)
4(330 280 380 430)
4(379 429 430 380)
4(331 281 381 431)
4(380 430 431 381)
4(332 282 382 432)
4(381 431 432 382)
4(382 432 433 383)
4(384 334 434 484)
4(8 9 484 434)
4(385 335 435 485)
4(434 484 485 435)
4(386 336 436 486)
4(435 485 486 436)
4(387 337 437 487)
4(436 486 487 437)
4(388 338 438 488)
4(437 487 488 438)
4(389 339 439 489)
4(438 488 489 439)
4(390 340 440 490)
4(439 489 490 440)
4(391 341 441 491)
4(440 490 491 441)
4(392 342 442 492)
4(441 491 492 442)
4(393 343 443 493)
4(442 492 493 443)
4(394 344 444 494)
4(443 493 494 444)
4(395 345 445 495)
4(444 494 495 445)
4(396 346 446 496)
4(445 495 496 446)
4(397 347 447 497)
4(446 496 497 447)
4(398 348 448 498)
4(447 497 498 448)
4(399 349 449 499)
4(448 498 499 449)
4(400 350 450 500)
4(449 499 500 450)
4(401 351 451 501)
4(450 500 501 451)
4(402 352 452 502)
4(451 501 502 452)
4(403 353 453 503)
4(452 502 503 453)
4(404 354 454 504)
4(453 503 504 454)
4(405 355 455 505)
4(454 504 505 455)
4(406 356 456 506)
4(455 505 506 456)
4(407 357 457 507)
4(456 506 507 457)
4(408 358 458 508)
4(457 507 508 458)
4(409 359 459 509)
4(458 508 509 459)
4(410 360 460 510)
4(459 509 510 460)
4(411 361 461 511)
4(460 510 511 461)
4(412 362 462 512)
4(461 511 512 462)
4(413 363 463 513)
4(462 512 513 463)
4(414 364 464 514)
4(463 513 514 464)
4(415 365 465 515)
4(464 514 515 465)
4(416 366 466 516)
4(465 515 516 466)
4(417 367 467 517)
4(466 516 517 467)
4(418 368 468 518)
4(467 517 518 468)
4(419 369 469 519)
4(468 518 519 469)
4(420 370 470 520)
4(469 519 520 470)
4(421 371 471 521)
4(470 520 521 471)
4(422 372 472 522)
4(471 521 522 472)
4(423 373 473 523)
4(472 522 523 473)
4(424 374 474 524)
4(473 523 524 474)
4(425 375 475 525)
4(474 524 525 475)
4(426 376 476 526)
4(475 525 526 476)
4(427 377 477 527)
4(476 526 527 477)
4(428 378 478 528)
4(477 527 528 478)
4(429 379 479 529)
4(478 528 529 479)
4(430 380 480 530)
4(479 529 530 480)
4(431 381 481 531)
4(480 530 531 481)
4(432 382 482 532)
4(481 531 532 482)
4(482 532 533 483)
4(484 434 534 584)
4(10 11 584 534)
4(485 435 535 585)
4(534 584 585 535)
4(486 436 536 586)
4(535 585 586 536)
4(487 437 537 587)
4(536 586 587 537)
4(488 438 538 588)
4(537 587 588 538)
4(489 439 539 589)
4(538 588 589 539)
4(490 440 540 590)
4(539 589 590 540)
4(491 441 541 591)
4(540 590 591 541)
4(492 442 542 592)
4(541 591 592 542)
4(493 443 543 593)
4(542 592 593 543)
4(494 444 544 594)
4(543 593 594 544)
4(495 445 545 595)
4(544 594 595 545)
4(496 446 546 596)
4(545 595 596 546)
4(497 447 547 597)
4(546 596 597 547)
4(498 448 548 598)
4(547 597 598 548)
4(499 449 549 599)
4(548 598 599 549)
4(500 450 550 600)
4(549 599 600 550)
4(501 451 551 601)
4(550 600 601 551)
4(502 452 552 602)
4(551 601 602 552)
4(503 453 553 603)
4(552 602 603 553)
4(504 454 554 604)
4(553 603 604 554)
4(505 455 555 605)
4(554 604 605 555)
4(506 456 556 606)
4(555 605 606 556)
4(507 457 557 607)
4(556 606 607 557)
4(508 458 558 608)
4(557 607 608 558)
4(509 459 559 609)
4(558 608 609 559)
4(510 460 560 610)
4(559 609 610 560)
4(511 461 561 611)
4(560 610 611 561)
4(512 462 562 612)
4(561 611 612 562)
4(513 463 563 613)
4(562 612 613 563)
4(514 464 564 614)
4(563 613 614 564)
4(515 465 565 615)
4(564 614 615 565)
4(516 466 566 616)
4(565 615 616 566)
4(517 467 567 617)
4(566 616 617 567)
4(518 468 568 618)
4(567 617 618 568)
4(519 469 569 619)
4(568 618 619 569)
4(520 470 570 620)
4(569 619 620 570)
4(521 471 571 621)
4(570 620 621 571)
4(522 472 572 622)
4(571 621 622 572)
4(523 473 573 623)
4(572 622 623 573)
4(524 474 574 624)
4(573 623 624 574)
4(525 475 575 625)
4(574 624 625 575)
4(526 476 576 626)
4(575 625 626 576)
4(527 477 577 627)
4(576 626 627 577)
4(528 478 578 628)
4(577 627 628 578)
4(529 479 579 629)
4(578 628 629 579)
4(530 480 580 630)
4(579 629 630 580)
4(531 481 581 631)
4(580 630 631 581)
4(532 482 582 632)
4(581 631 632 582)
4(582 632 633 583)
4(584 534 634 684)
4(12 13 684 634)
4(585 535 635 685)
4(634 684 685 635)
4(586 536 636 686)
4(635 685 686 636)
4(587 537 637 687)
4(636 686 687 637)
4(588 538 638 688)
4(637 687 688 638)
4(589 539 639 689)
4(638 688 689 639)
4(590 540 640 690)
4(639 689 690 640)
4(591 541 641 691)
4(640 690 691 641)
4(592 542 642 692)
4(641 691 692 642)
4(593 543 643 693)
4(642 692 693 643)
4(594 544 644 694)
4(643 693 694 644)
4(595 545 645 695)
4(644 694 695 645)
4(596 546 646 696)
4(645 695 696 646)
4(597 547 647 697)
4(646 696 697 647)
4(598 548 648 698)
4(647 697 698 648)
4(599 549 649 699)
4(648 698 699 649)
4(600 550 650 700)
4(649 699 700 650)
4(601 551 651 701)
4(650 700 701 651)
4(602 552 652 702)
4(651 701 702 652)
4(603 553 653 703)
4(652 702 703 653)
4(604 554 654 704)
4(653 703 704 654)
4(605 555 655 705)
4(654 704 705 655)
4(606 556 656 706)
4(655 705 706 656)
4(607 557 657 707)
4(656 706 707 657)
4(608 558 658 708)
4(657 707 708 658)
4(609 559 659 709)
4(658 708 709 659)
4(610 560 660 710)
4(659 709 710 660)
4(611 561 661 711)
4(660 710 711 661)
4(612 562 662 712)
4(661 711 712 662)
4(613 563 663 713)
4(662 712 713 663)
4(614 564 664 714)
4(663 713 714 664)
4(615 565 665 715)
4(664 714 715 665)
4(616 566 666 716)
4(665 715 716 666)
4(617 567 667 717)
4(666 716 717 667)
4(618 568 668 718)
4(667 717 718 668)
4(619 569 669 719)
4(668 718 719 669)
4(620 570 670 720)
4(669 719 720 670)
4(621 571 671 721)
4(670 720 721 671)
4(622 572 672 722)
4(671 721 722 672)
4(623 573 673 723)
4(672 722 723 673)
4(624 574 674 724)
4(673 723 724 674)
4(625 575 675 725)
4(674 724 725 675)
4(626 576 676 726)
4(675 725 726 676)
4(627 577 677 727)
4(676 726 727 677)
4(628 578 678 728)
4(677 727 728 678)
4(629 579 679 729)
4(678 728 729 679)
4(630 580 680 730)
4(679 729 730 680)
4(631 581 681 731)
4(680 730 731 681)
4(632 582 682 732)
4(681 731 732 682)
4(682 732 733 683)
4(684 634 734 784)
4(14 15 784 734)
4(685 635 735 785)
4(734 784 785 735)
4(686 636 736 786)
4(735 785 786 736)
4(687 637 737 787)
4(736 786 787 737)
4(688 638 738 788)
4(737 787 788 738)
4(689 639 739 789)
4(738 788 789 739)
4(690 640 740 790)
4(739 789 790 740)
4(691 641 741 791)
4(740 790 791 741)
4(692 642 742 792)
4(741 791 792 742)
4(693 643 743 793)
4(742 792 793 743)
4(694 644 744 794)
4(743 793 794 744)
4(695 645 745 795)
4(744 794 795 745)
4(696 646 746 796)
4(745 795 796 746)
4(697 647 747 797)
4(746 796 797 747)
4(698 648 748 798)
4(747 797 798 748)
4(699 649 749 799)
4(748 798 799 749)
4(700 650 750 800)
4(749 799 800 750)
4(701 651 751 801)
4(750 800 801 751)
4(702 652 752 802)
4(751 801 802 752)
4(703 653 753 803)
4(752 802 803 753)
4(704 654 754 804)
4(753 803 804 754)
4(705 655 755 805)
4(754 804 805 755)
4(706 656 756 806)
4(755 805 806 756)
4(707 657 757 807)
4(756 806 807 757)
4(708 658 758 808)
4(757 807 808 758)
4(709 659 759 809)
4(758 808 809 759)
4(710 660 760 810)
4(759 809 810 760)
4(711 661 761 811)
4(760 810 811 761)
4(712 662 762 812)
4(761 811 812 762)
4(713 663 763 813)
4(762 812 813 763)
4(714 664 764 814)
4(763 813 814 764)
4(715 665 765 815)
4(764 814 815 765)
4(716 666 766 816)
4(765 815 816 766)
4(717 667 767 817)
4(766 816 817 767)
4(718 668 768 818)
4(767 817 818 768)
4(719 669 769 819)
4(768 818 819 769)
4(720 670 770 820)
4(769 819 820 770)
4(721 671 771 821)
4(770 820 821 771)
4(722 672 772 822)
4(771 821 822 772)
4(723 673 773 823)
4(772 822 823 773)
4(724 674 774 824)
4(773 823 824 774)
4(725 675 775 825)
4(774 824 825 775)
4(726 676 776 826)
4(775 825 826 776)
4(727 677 777 827)
4(776 826 827 777)
4(728 678 778 828)
4(777 827 828 778)
4(729 679 779 829)
4(778 828 829 779)
4(730 680 780 830)
4(779 829 830 780)
4(731 681 781 831)
4(780 830 831 781)
4(732 682 782 832)
4(781 831 832 782)
4(782 832 833 783)
4(784 734 834 884)
4(16 17 884 834)
4(785 735 835 885)
4(834 884 885 835)
4(786 736 836 886)
4(835 885 886 836)
4(787 737 837 887)
4(836 886 887 837)
4(788 738 838 888)
4(837 887 888 838)
4(789 739 839 889)
4(838 888 889 839)
4(790 740 840 890)
4(839 889 890 840)
4(791 741 841 891)
4(840 890 891 841)
4(792 742 842 892)
4(841 891 892 842)
4(793 743 843 893)
4(842 892 893 843)
4(794 744 844 894)
4(843 893 894 844)
4(795 745 845 895)
4(844 894 895 845)
4(796 746 846 896)
4(845 895 896 846)
4(797 747 847 897)
4(846 896 897 847)
4(798 748 848 898)
4(847 897 898 848)
4(799 749 849 899)
4(848 898 899 849)
4(800 750 850 900)
4(849 899 900 850)
4(801 751 851 901)
4(850 900 901 851)
4(802 752 852 902)
4(851 901 902 852)
4(803 753 853 903)
4(852 902 903 853)
4(804 754 854 904)
4(853 903 904 854)
4(805 755 855 905)
4(854 904 905 855)
4(806 756 856 906)
4(855 905 906 856)
4(807 757 857 907)
4(856 906 907 857)
4(808 758 858 908)
4(857 907 908 858)
4(809 759 859 909)
4(858 908 909 859)
4(810 760 860 910)
4(859 909 910 860)
4(811 761 861 911)
4(860 910 911 861)
4(812 762 862 912)
4(861 911 912 862)
4(813 763 863 913)
4(862 912 913 863)
4(814 764 864 914)
4(863 913 914 864)
4(815 765 865 915)
4(864 914 915 865)
4(816 766 866 916)
4(865 915 916 866)
4(817 767 867 917)
4(866 916 917 867)
4(818 768 868 918)
4(867 917 918 868)
4(819 769 869 919)
4(868 918 919 869)
4(820 770 870 920)
4(869 919 920 870)
4(821 771 871 921)
4(870 920 921 871)
4(822 772 872 922)
4(871 921 922 872)
4(823 773 873 923)
4(872 922 923 873)
4(824 774 874 924)
4(873 923 924 874)
4(825 775 875 925)
4(874 924 925 875)
4(826 776 876 926)
4(875 925 926 876)
4(827 777 877 927)
4(876 926 927 877)
4(828 778 878 928)
4(877 927 928 878)
4(829 779 879 929)
4(878 928 929 879)
4(830 780 880 930)
4(879 929 930 880)
4(831 781 881 931)
4(880 930 931 881)
4(832 782 882 932)
4(881 931 932 882)
4(882 932 933 883)
4(884 834 934 984)
4(18 19 984 934)
4(885 835 935 985)
4(934 984 985 935)
4(886 836 936 986)
4(935 985 986 936)
4(887 837 937 987)
4(936 986 987 937)
4(888 838 938 988)
4(937 987 988 938)
4(889 839 939 989)
4(938 988 989 939)
4(890 840 940 990)
4(939 989 990 940)
4(891 841 941 991)
4(940 990 991 941)
4(892 842 942 992)
4(941 991 992 942)
4(893 843 943 993)
4(942 992 993 943)
4(894 844 944 994)
4(943 993 994 944)
4(895 845 945 995)
4(944 994 995 945)
4(896 846 946 996)
4(945 995 996 946)
4(897 847 947 997)
4(946 996 997 947)
4(898 848 948 998)
4(947 997 998 948)
4(899 849 949 999)
4(948 998 999 949)
4(900 850 950 1000)
4(949 999 1000 950)
4(901 851 951 1001)
4(950 1000 1001 951)
4(902 852 952 1002)
4(951 1001 1002 952)
4(903 853 953 1003)
4(952 1002 1003 953)
4(904 854 954 1004)
4(953 1003 1004 954)
4(905 855 955 1005)
4(954 1004 1005 955)
4(906 856 956 1006)
4(955 1005 1006 956)
4(907 857 957 1007)
4(956 1006 1007 957)
4(908 858 958 1008)
4(957 1007 1008 958)
4(909 859 959 1009)
4(958 1008 1009 959)
4(910 860 960 1010)
4(959 1009 1010 960)
4(911 861 961 1011)
4(960 1010 1011 961)
4(912 862 962 1012)
4(961 1011 1012 962)
4(913 863 963 1013)
4(962 1012 1013 963)
4(914 864 964 1014)
4(963 1013 1014 964)
4(915 865 965 1015)
4(964 1014 1015 965)
4(916 866 966 1016)
4(965 1015 1016 966)
4(917 867 967 1017)
4(966 1016 1017 967)
4(918 868 968 1018)
4(967 1017 1018 968)
4(919 869 969 1019)
4(968 1018 1019 969)
4(920 870 970 1020)
4(969 1019 1020 970)
4(921 871 971 1021)
4(970 1020 1021 971)
4(922 872 972 1022)
4(971 1021 1022 972)
4(923 873 973 1023)
4(972 1022 1023 973)
4(924 874 974 1024)
4(973 1023 1024 974)
4(925 875 975 1025)
4(974 1024 1025 975)
4(926 876 976 1026)
4(975 1025 1026 976)
4(927 877 977 1027)
4(976 1026 1027 977)
4(928 878 978 1028)
4(977 1027 1028 978)
4(929 879 979 1029)
4(978 1028 1029 979)
4(930 880 980 1030)
4(979 1029 1030 980)
4(931 881 981 1031)
4(980 1030 1031 981)
4(932 882 982 1032)
4(981 1031 1032 982)
4(982 1032 1033 983)
4(984 934 1034 1084)
4(20 21 1084 1034)
4(985 935 1035 1085)
4(1034 1084 1085 1035)
4(986 936 1036 1086)
4(1035 1085 1086 1036)
4(987 937 1037 1087)
4(1036 1086 1087 1037)
4(988 938 1038 1088)
4(1037 1087 1088 1038)
4(989 939 1039 1089)
4(1038 1088 1089 1039)
4(990 940 1040 1090)
4(1039 1089 1090 1040)
4(991 941 1041 1091)
4(1040 1090 1091 1041)
4(992 942 1042 1092)
4(1041 1091 1092 1042)
4(993 943 1043 1093)
4(1042 1092 1093 1043)
4(994 944 1044 1094)
4(1043 1093 1094 1044)
4(995 945 1045 1095)
4(1044 1094 1095 1045)
4(996 946 1046 1096)
4(1045 1095 1096 1046)
4(997 947 1047 1097)
4(1046 1096 1097 1047)
4(998 948 1048 1098)
4(1047 1097 1098 1048)
4(999 949 1049 1099)
4(1048 1098 1099 1049)
4(1000 950 1050 1100)
4(1049 1099 1100 1050)
4(1001 951 1051 1101)
4(1050 1100 1101 1051)
4(1002 952 1052 1102)
4(1051 1101 1102 1052)
4(1003 953 1053 1103)
4(1052 1102 1103 1053)
4(1004 954 1054 1104)
4(1053 1103 1104 1054)
4(1005 955 1055 1105)
4(1054 1104 1105 1055)
4(1006 956 1056 1106)
4(1055 1105 1106 1056)
4(1007 957 1057 1107)
4(1056 1106 1107 1057)
4(1008 958 1058 1108)
4(1057 1107 1108 1058)
4(1009 959 1059 1109)
4(1058 1108 1109 1059)
4(1010 960 1060 1110)
4(1059 1109 1110 1060)
4(1011 961 1061 1111)
4(1060 1110 1111 1061)
4(1012 962 1062 1112)
4(1061 1111 1112 1062)
4(1013 963 1063 1113)
4(1062 1112 1113 1063)
4(1014 964 1064 1114)
4(1063 1113 1114 1064)
4(1015 965 1065 1115)
4(1064 1114 1115 1065)
4(1016 966 1066 1116)
4(1065 1115 1116 1066)
4(1017 967 1067 1117)
4(1066 1116 1117 1067)
4(1018 968 1068 1118)
4(1067 1117 1118 1068)
4(1019 969 1069 1119)
4(1068 1118 1119 1069)
4(1020 970 1070 1120)
4(1069 1119 1120 1070)
4(1021 971 1071 1121)
4(1070 1120 1121 1071)
4(1022 972 1072 1122)
4(1071 1121 1122 1072)
4(1023 973 1073 1123)
4(1072 1122 1123 1073)
4(1024 974 1074 1124)
4(1073 1123 1124 1074)
4(1025 975 1075 1125)
4(1074 1124 1125 1075)
4(1026 976 1076 1126)
4(1075 1125 1126 1076)
4(1027 977 1077 1127)
4(1076 1126 1127 1077)
4(1028 978 1078 1128)
4(1077 1127 1128 1078)
4(1029 979 1079 1129)
4(1078 1128 1129 1079)
4(1030 980 1080 1130)
4(1079 1129 1130 1080)
4(1031 981 1081 1131)
4(1080 1130 1131 1081)
4(1032 982 1082 1132)
4(1081 1131 1132 1082)
4(1082 1132 1133 1083)
4(1084 1034 1134 1184)
4(22 23 1184 1134)
4(1085 1035 1135 1185)
4(1134 1184 1185 1135)
4(1086 1036 1136 1186)
4(1135 1185 1186 1136)
4(1087 1037 1137 1187)
4(1136 1186 1187 1137)
4(1088 1038 1138 1188)
4(1137 1187 1188 1138)
4(1089 1039 1139 1189)
4(1138 1188 1189 1139)
4(1090 1040 1140 1190)
4(1139 1189 1190 1140)
4(1091 1041 1141 1191)
4(1140 1190 1191 1141)
4(1092 1042 1142 1192)
4(1141 1191 1192 1142)
4(1093 1043 1143 1193)
4(1142 1192 1193 1143)
4(1094 1044 1144 1194)
4(1143 1193 1194 1144)
4(1095 1045 1145 1195)
4(1144 1194 1195 1145)
4(1096 1046 1146 1196)
4(1145 1195 1196 1146)
4(1097 1047 1147 1197)
4(1146 1196 1197 1147)
4(1098 1048 1148 1198)
4(1147 1197 1198 1148)
4(1099 1049 1149 1199)
4(1148 1198 1199 1149)
4(1100 1050 1150 1200)
4(1149 1199 1200 1150)
4(1101 1051 1151 1201)
4(1150 1200 1201 1151)
4(1102 1052 1152 1202)
4(1151 1201 1202 1152)
4(1103 1053 1153 1203)
4(1152 1202 1203 1153)
4(1104 1054 1154 1204)
4(1153 1203 1204 1154)
4(1105 1055 1155 1205)
4(1154 1204 1205 1155)
4(1106 1056 1156 1206)
4(1155 1205 1206 1156)
4(1107 1057 1157 1207)
4(1156 1206 1207 1157)
4(1108 1058 1158 1208)
4(1157 1207 1208 1158)
4(1109 1059 1159 1209)
4(1158 1208 1209 1159)
4(1110 1060 1160 1210)
4(1159 1209 1210 1160)
4(1111 1061 1161 1211)
4(1160 1210 1211 1161)
4(1112 1062 1162 1212)
4(1161 1211 1212 1162)
4(1113 1063 1163 1213)
4(1162 1212 1213 1163)
4(1114 1064 1164 1214)
4(1163 1213 1214 1164)
4(1115 1065 1165 1215)
4(1164 1214 1215 1165)
4(1116 1066 1166 1216)
4(1165 1215 1216 1166)
4(1117 1067 1167 1217)
4(1166 1216 1217 1167)
4(1118 1068 1168 1218)
4(1167 1217 1218 1168)
4(1119 1069 1169 1219)
4(1168 1218 1219 1169)
4(1120 1070 1170 1220)
4(1169 1219 1220 1170)
4(1121 1071 1171 1221)
4(1170 1220 1221 1171)
4(1122 1072 1172 1222)
4(1171 1221 1222 1172)
4(1123 1073 1173 1223)
4(1172 1222 1223 1173)
4(1124 1074 1174 1224)
4(1173 1223 1224 1174)
4(1125 1075 1175 1225)
4(1174 1224 1225 1175)
4(1126 1076 1176 1226)
4(1175 1225 1226 1176)
4(1127 1077 1177 1227)
4(1176 1226 1227 1177)
4(1128 1078 1178 1228)
4(1177 1227 1228 1178)
4(1129 1079 1179 1229)
4(1178 1228 1229 1179)
4(1130 1080 1180 1230)
4(1179 1229 1230 1180)
4(1131 1081 1181 1231)
4(1180 1230 1231 1181)
4(1132 1082 1182 1232)
4(1181 1231 1232 1182)
4(1182 1232 1233 1183)
4(1184 1134 1234 1284)
4(24 25 1284 1234)
4(1185 1135 1235 1285)
4(1234 1284 1285 1235)
4(1186 1136 1236 1286)
4(1235 1285 1286 1236)
4(1187 1137 1237 1287)
4(1236 1286 1287 1237)
4(1188 1138 1238 1288)
4(1237 1287 1288 1238)
4(1189 1139 1239 1289)
4(1238 1288 1289 1239)
4(1190 1140 1240 1290)
4(1239 1289 1290 1240)
4(1191 1141 1241 1291)
4(1240 1290 1291 1241)
4(1192 1142 1242 1292)
4(1241 1291 1292 1242)
4(1193 1143 1243 1293)
4(1242 1292 1293 1243)
4(1194 1144 1244 1294)
4(1243 1293 1294 1244)
4(1195 1145 1245 1295)
4(1244 1294 1295 1245)
4(1196 1146 1246 1296)
4(1245 1295 1296 1246)
4(1197 1147 1247 1297)
4(1246 1296 1297 1247)
4(1198 1148 1248 1298)
4(1247 1297 1298 1248)
4(1199 1149 1249 1299)
4(1248 1298 1299 1249)
4(1200 1150 1250 1300)
4(1249 1299 1300 1250)
4(1201 1151 1251 1301)
4(1250 1300 1301 1251)
4(1202 1152 1252 1302)
4(1251 1301 1302 1252)
4(1203 1153 1253 1303)
4(1252 1302 1303 1253)
4(1204 1154 1254 1304)
4(1253 1303 1304 1254)
4(1205 1155 1255 1305)
4(1254 1304 1305 1255)
4(1206 1156 1256 1306)
4(1255 1305 1306 1256)
4(1207 1157 1257 1307)
4(1256 1306 1307 1257)
4(1208 1158 1258 1308)
4(1257 1307 1308 1258)
4(1209 1159 1259 1309)
4(1258 1308 1309 1259)
4(1210 1160 1260 1310)
4(1259 1309 1310 1260)
4(1211 1161 1261 1311)
4(1260 1310 1311 1261)
4(1212 1162 1262 1312)
4(1261 1311 1312 1262)
4(1213 1163 1263 1313)
4(1262 1312 1313 1263)
4(1214 1164 1264 1314)
4(1263 1313 1314 1264)
4(1215 1165 1265 1315)
4(1264 1314 1315 1265)
4(1216 1166 1266 1316)
4(1265 1315 1316 1266)
4(1217 1167 1267 1317)
4(1266 1316 1317 1267)
4(1218 1168 1268 1318)
4(1267 1317 1318 1268)
4(1219 1169 1269 1319)
4(1268 1318 1319 1269)
4(1220 1170 1270 1320)
4(1269 1319 1320 1270)
4(1221 1171 1271 1321)
4(1270 1320 1321 1271)
4(1222 1172 1272 1322)
4(1271 1321 1322 1272)
4(1223 1173 1273 1323)
4(1272 1322 1323 1273)
4(1224 1174 1274 1324)
4(1273 1323 1324 1274)
4(1225 1175 1275 1325)
4(1274 1324 1325 1275)
4(1226 1176 1276 1326)
4(1275 1325 1326 1276)
4(1227 1177 1277 1327)
4(1276 1326 1327 1277)
4(1228 1178 1278 1328)
4(1277 1327 1328 1278)
4(1229 1179 1279 1329)
4(1278 1328 1329 1279)
4(1230 1180 1280 1330)
4(1279 1329 1330 1280)
4(1231 1181 1281 1331)
4(1280 1330 1331 1281)
4(1232 1182 1282 1332)
4(1281 1331 1332 1282)
4(1282 1332 1333 1283)
4(1284 1234 1334 1384)
4(26 27 1384 1334)
4(1285 1235 1335 1385)
4(1334 1384 1385 1335)
4(1286 1236 1336 1386)
4(1335 1385 1386 1336)
4(1287 1237 1337 1387)
4(1336 1386 1387 1337)
4(1288 1238 1338 1388)
4(1337 1387 1388 1338)
4(1289 1239 1339 1389)
4(1338 1388 1389 1339)
4(1290 1240 1340 1390)
4(1339 1389 1390 1340)
4(1291 1241 1341 1391)
4(1340 1390 1391 1341)
4(1292 1242 1342 1392)
4(1341 1391 1392 1342)
4(1293 1243 1343 1393)
4(1342 1392 1393 1343)
4(1294 1244 1344 1394)
4(1343 1393 1394 1344)
4(1295 1245 1345 1395)
4(1344 1394 1395 1345)
4(1296 1246 1346 1396)
4(1345 1395 1396 1346)
4(1297 1247 1347 1397)
4(1346 1396 1397 1347)
4(1298 1248 1348 1398)
4(1347 1397 1398 1348)
4(1299 1249 1349 1399)
4(1348 1398 1399 1349)
4(1300 1250 1350 1400)
4(1349 1399 1400 1350)
4(1301 1251 1351 1401)
4(1350 1400 1401 1351)
4(1302 1252 1352 1402)
4(1351 1401 1402 1352)
4(1303 1253 1353 1403)
4(1352 1402 1403 1353)
4(1304 1254 1354 1404)
4(1353 1403 1404 1354)
4(1305 1255 1355 1405)
4(1354 1404 1405 1355)
4(1306 1256 1356 1406)
4(1355 1405 1406 1356)
4(1307 1257 1357 1407)
4(1356 1406 1407 1357)
4(1308 1258 1358 1408)
4(1357 1407 1408 1358)
4(1309 1259 1359 1409)
4(1358 1408 1409 1359)
4(1310 1260 1360 1410)
4(1359 1409 1410 1360)
4(1311 1261 1361 1411)
4(1360 1410 1411 1361)
4(1312 1262 1362 1412)
4(1361 1411 1412 1362)
4(1313 1263 1363 1413)
4(1362 1412 1413 1363)
4(1314 1264 1364 1414)
4(1363 1413 1414 1364)
4(1315 1265 1365 1415)
4(1364 1414 1415 1365)
4(1316 1266 1366 1416)
4(1365 1415 1416 1366)
4(1317 1267 1367 1417)
4(1366 1416 1417 1367)
4(1318 1268 1368 1418)
4(1367 1417 1418 1368)
4(1319 1269 1369 1419)
4(1368 1418 1419 1369)
4(1320 1270 1370 1420)
4(1369 1419 1420 1370)
4(1321 1271 1371 1421)
4(1370 1420 1421 1371)
4(1322 1272 1372 1422)
4(1371 1421 1422 1372)
4(1323 1273 1373 1423)
4(1372 1422 1423 1373)
4(1324 1274 1374 1424)
4(1373 1423 1424 1374)
4(1325 1275 1375 1425)
4(1374 1424 1425 1375)
4(1326 1276 1376 1426)
4(1375 1425 1426 1376)
4(1327 1277 1377 1427)
4(1376 1426 1427 1377)
4(1328 1278 1378 1428)
4(1377 1427 1428 1378)
4(1329 1279 1379 1429)
4(1378 1428 1429 1379)
4(1330 1280 1380 1430)
4(1379 1429 1430 1380)
4(1331 1281 1381 1431)
4(1380 1430 1431 1381)
4(1332 1282 1382 1432)
4(1381 1431 1432 1382)
4(1382 1432 1433 1383)
4(1384 1334 1434 1484)
4(28 29 1484 1434)
4(1385 1335 1435 1485)
4(1434 1484 1485 1435)
4(1386 1336 1436 1486)
4(1435 1485 1486 1436)
4(1387 1337 1437 1487)
4(1436 1486 1487 1437)
4(1388 1338 1438 1488)
4(1437 1487 1488 1438)
4(1389 1339 1439 1489)
4(1438 1488 1489 1439)
4(1390 1340 1440 1490)
4(1439 1489 1490 1440)
4(1391 1341 1441 1491)
4(1440 1490 1491 1441)
4(1392 1342 1442 1492)
4(1441 1491 1492 1442)
4(1393 1343 1443 1493)
4(1442 1492 1493 1443)
4(1394 1344 1444 1494)
4(1443 1493 1494 1444)
4(1395 1345 1445 1495)
4(1444 1494 1495 1445)
4(1396 1346 1446 1496)
4(1445 1495 1496 1446)
4(1397 1347 1447 1497)
4(1446 1496 1497 1447)
4(1398 1348 1448 1498)
4(1447 1497 1498 1448)
4(1399 1349 1449 1499)
4(1448 1498 1499 1449)
4(1400 1350 1450 1500)
4(1449 1499 1500 1450)
4(1401 1351 1451 1501)
4(1450 1500 1501 1451)
4(1402 1352 1452 1502)
4(1451 1501 1502 1452)
4(1403 1353 1453 1503)
4(1452 1502 1503 1453)
4(1404 1354 1454 1504)
4(1453 1503 1504 1454)
4(1405 1355 1455 1505)
4(1454 1504 1505 1455)
4(1406 1356 1456 1506)
4(1455 1505 1506 1456)
4(1407 1357 1457 1507)
4(1456 1506 1507 1457)
4(1408 1358 1458 1508)
4(1457 1507 1508 1458)
4(1409 1359 1459 1509)
4(1458 1508 1509 1459)
4(1410 1360 1460 1510)
4(1459 1509 1510 1460)
4(1411 1361 1461 1511)
4(1460 1510 1511 1461)
4(1412 1362 1462 1512)
4(1461 1511 1512 1462)
4(1413 1363 1463 1513)
4(1462 1512 1513 1463)
4(1414 1364 1464 1514)
4(1463 1513 1514 1464)
4(1415 1365 1465 1515)
4(1464 1514 1515 1465)
4(1416 1366 1466 1516)
4(1465 1515 1516 1466)
4(1417 1367 1467 1517)
4(1466 1516 1517 1467)
4(1418 1368 1468 1518)
4(1467 1517 1518 1468)
4(1419 1369 1469 1519)
4(1468 1518 1519 1469)
4(1420 1370 1470 1520)
4(1469 1519 1520 1470)
4(1421 1371 1471 1521)
4(1470 1520 1521 1471)
4(1422 1372 1472 1522)
4(1471 1521 1522 1472)
4(1423 1373 1473 1523)
4(1472 1522 1523 1473)
4(1424 1374 1474 1524)
4(1473 1523 1524 1474)
4(1425 1375 1475 1525)
4(1474 1524 1525 1475)
4(1426 1376 1476 1526)
4(1475 1525 1526 1476)
4(1427 1377 1477 1527)
4(1476 1526 1527 1477)
4(1428 1378 1478 1528)
4(1477 1527 1528 1478)
4(1429 1379 1479 1529)
4(1478 1528 1529 1479)
4(1430 1380 1480 1530)
4(1479 1529 1530 1480)
4(1431 1381 1481 1531)
4(1480 1530 1531 1481)
4(1432 1382 1482 1532)
4(1481 1531 1532 1482)
4(1482 1532 1533 1483)
4(1484 1434 1534 1584)
4(30 31 1584 1534)
4(1485 1435 1535 1585)
4(1534 1584 1585 1535)
4(1486 1436 1536 1586)
4(1535 1585 1586 1536)
4(1487 1437 1537 1587)
4(1536 1586 1587 1537)
4(1488 1438 1538 1588)
4(1537 1587 1588 1538)
4(1489 1439 1539 1589)
4(1538 1588 1589 1539)
4(1490 1440 1540 1590)
4(1539 1589 1590 1540)
4(1491 1441 1541 1591)
4(1540 1590 1591 1541)
4(1492 1442 1542 1592)
4(1541 1591 1592 1542)
4(1493 1443 1543 1593)
4(1542 1592 1593 1543)
4(1494 1444 1544 1594)
4(1543 1593 1594 1544)
4(1495 1445 1545 1595)
4(1544 1594 1595 1545)
4(1496 1446 1546 1596)
4(1545 1595 1596 1546)
4(1497 1447 1547 1597)
4(1546 1596 1597 1547)
4(1498 1448 1548 1598)
4(1547 1597 1598 1548)
4(1499 1449 1549 1599)
4(1548 1598 1599 1549)
4(1500 1450 1550 1600)
4(1549 1599 1600 1550)
4(1501 1451 1551 1601)
4(1550 1600 1601 1551)
4(1502 1452 1552 1602)
4(1551 1601 1602 1552)
4(1503 1453 1553 1603)
4(1552 1602 1603 1553)
4(1504 1454 1554 1604)
4(1553 1603 1604 1554)
4(1505 1455 1555 1605)
4(1554 1604 1605 1555)
4(1506 1456 1556 1606)
4(1555 1605 1606 1556)
4(1507 1457 1557 1607)
4(1556 1606 1607 1557)
4(1508 1458 1558 1608)
4(1557 1607 1608 1558)
4(1509 1459 1559 1609)
4(1558 1608 1609 1559)
4(1510 1460 1560 1610)
4(1559 1609 1610 1560)
4(1511 1461 1561 1611)
4(1560 1610 1611 1561)
4(1512 1462 1562 1612)
4(1561 1611 1612 1562)
4(1513 1463 1563 1613)
4(1562 1612 1613 1563)
4(1514 1464 1564 1614)
4(1563 1613 1614 1564)
4(1515 1465 1565 1615)
4(1564 1614 1615 1565)
4(1516 1466 1566 1616)
4(1565 1615 1616 1566)
4(1517 1467 1567 1617)
4(1566 1616 1617 1567)
4(1518 1468 1568 1618)
4(1567 1617 1618 1568)
4(1519 1469 1569 1619)
4(1568 1618 1619 1569)
4(1520 1470 1570 1620)
4(1569 1619 1620 1570)
4(1521 1471 1571 1621)
4(1570 1620 1621 1571)
4(1522 1472 1572 1622)
4(1571 1621 1622 1572)
4(1523 1473 1573 1623)
4(1572 1622 1623 1573)
4(1524 1474 1574 1624)
4(1573 1623 1624 1574)
4(1525 1475 1575 1625)
4(1574 1624 1625 1575)
4(1526 1476 1576 1626)
4(1575 1625 1626 1576)
4(1527 1477 1577 1627)
4(1576 1626 1627 1577)
4(1528 1478 1578 1628)
4(1577 1627 1628 1578)
4(1529 1479 1579 1629)
4(1578 1628 1629 1579)
4(1530 1480 1580 1630)
4(1579 1629 1630 1580)
4(1531 1481 1581 1631)
4(1580 1630 1631 1581)
4(1532 1482 1582 1632)
4(1581 1631 1632 1582)
4(1582 1632 1633 1583)
4(1584 1534 1634 1684)
4(1585 1535 1635 1685)
4(1586 1536 1636 1686)
4(1587 1537 1637 1687)
4(1588 1538 1638 1688)
4(1589 1539 1639 1689)
4(1590 1540 1640 1690)
4(1591 1541 1641 1691)
4(1592 1542 1642 1692)
4(1593 1543 1643 1693)
4(1594 1544 1644 1694)
4(1595 1545 1645 1695)
4(1596 1546 1646 1696)
4(1597 1547 1647 1697)
4(1598 1548 1648 1698)
4(1599 1549 1649 1699)
4(1600 1550 1650 1700)
4(1601 1551 1651 1701)
4(1602 1552 1652 1702)
4(1603 1553 1653 1703)
4(1604 1554 1654 1704)
4(1605 1555 1655 1705)
4(1606 1556 1656 1706)
4(1607 1557 1657 1707)
4(1608 1558 1658 1708)
4(1609 1559 1659 1709)
4(1610 1560 1660 1710)
4(1611 1561 1661 1711)
4(1612 1562 1662 1712)
4(1613 1563 1663 1713)
4(1614 1564 1664 1714)
4(1615 1565 1665 1715)
4(1616 1566 1666 1716)
4(1617 1567 1667 1717)
4(1618 1568 1668 1718)
4(1619 1569 1669 1719)
4(1620 1570 1670 1720)
4(1621 1571 1671 1721)
4(1622 1572 1672 1722)
4(1623 1573 1673 1723)
4(1624 1574 1674 1724)
4(1625 1575 1675 1725)
4(1626 1576 1676 1726)
4(1627 1577 1677 1727)
4(1628 1578 1678 1728)
4(1629 1579 1679 1729)
4(1630 1580 1680 1730)
4(1631 1581 1681 1731)
4(1632 1582 1682 1732)
4(0 3 2 1)
4(3 5 4 2)
4(5 7 6 4)
4(7 9 8 6)
4(9 11 10 8)
4(11 13 12 10)
4(13 15 14 12)
4(15 17 16 14)
4(17 19 18 16)
4(19 21 20 18)
4(21 23 22 20)
4(23 25 24 22)
4(25 27 26 24)
4(27 29 28 26)
4(29 31 30 28)
4(31 33 32 30)
4(83 133 183 233)
4(233 183 283 333)
4(333 283 383 433)
4(433 383 483 533)
4(533 483 583 633)
4(633 583 683 733)
4(733 683 783 833)
4(833 783 883 933)
4(933 883 983 1033)
4(1033 983 1083 1133)
4(1133 1083 1183 1233)
4(1233 1183 1283 1333)
4(1333 1283 1383 1433)
4(1433 1383 1483 1533)
4(1533 1483 1583 1633)
4(1633 1583 1683 1733)
4(0 1 84 34)
4(34 84 85 35)
4(35 85 86 36)
4(36 86 87 37)
4(37 87 88 38)
4(38 88 89 39)
4(39 89 90 40)
4(40 90 91 41)
4(41 91 92 42)
4(42 92 93 43)
4(43 93 94 44)
4(44 94 95 45)
4(45 95 96 46)
4(46 96 97 47)
4(47 97 98 48)
4(48 98 99 49)
4(49 99 100 50)
4(50 100 101 51)
4(51 101 102 52)
4(52 102 103 53)
4(53 103 104 54)
4(54 104 105 55)
4(55 105 106 56)
4(56 106 107 57)
4(57 107 108 58)
4(58 108 109 59)
4(59 109 110 60)
4(60 110 111 61)
4(61 111 112 62)
4(62 112 113 63)
4(63 113 114 64)
4(64 114 115 65)
4(65 115 116 66)
4(66 116 117 67)
4(67 117 118 68)
4(68 118 119 69)
4(69 119 120 70)
4(70 120 121 71)
4(71 121 122 72)
4(72 122 123 73)
4(73 123 124 74)
4(74 124 125 75)
4(75 125 126 76)
4(76 126 127 77)
4(77 127 128 78)
4(78 128 129 79)
4(79 129 130 80)
4(80 130 131 81)
4(81 131 132 82)
4(82 132 133 83)
4(1 2 134 84)
4(84 134 135 85)
4(85 135 136 86)
4(86 136 137 87)
4(87 137 138 88)
4(88 138 139 89)
4(89 139 140 90)
4(90 140 141 91)
4(91 141 142 92)
4(92 142 143 93)
4(93 143 144 94)
4(94 144 145 95)
4(95 145 146 96)
4(96 146 147 97)
4(97 147 148 98)
4(98 148 149 99)
4(99 149 150 100)
4(100 150 151 101)
4(101 151 152 102)
4(102 152 153 103)
4(103 153 154 104)
4(104 154 155 105)
4(105 155 156 106)
4(106 156 157 107)
4(107 157 158 108)
4(108 158 159 109)
4(109 159 160 110)
4(110 160 161 111)
4(111 161 162 112)
4(112 162 163 113)
4(113 163 164 114)
4(114 164 165 115)
4(115 165 166 116)
4(116 166 167 117)
4(117 167 168 118)
4(118 168 169 119)
4(119 169 170 120)
4(120 170 171 121)
4(121 171 172 122)
4(122 172 173 123)
4(123 173 174 124)
4(124 174 175 125)
4(125 175 176 126)
4(126 176 177 127)
4(127 177 178 128)
4(128 178 179 129)
4(129 179 180 130)
4(130 180 181 131)
4(131 181 182 132)
4(132 182 183 133)
4(3 0 34 184)
4(184 34 35 185)
4(185 35 36 186)
4(186 36 37 187)
4(187 37 38 188)
4(188 38 39 189)
4(189 39 40 190)
4(190 40 41 191)
4(191 41 42 192)
4(192 42 43 193)
4(193 43 44 194)
4(194 44 45 195)
4(195 45 46 196)
4(196 46 47 197)
4(197 47 48 198)
4(198 48 49 199)
4(199 49 50 200)
4(200 50 51 201)
4(201 51 52 202)
4(202 52 53 203)
4(203 53 54 204)
4(204 54 55 205)
4(205 55 56 206)
4(206 56 57 207)
4(207 57 58 208)
4(208 58 59 209)
4(209 59 60 210)
4(210 60 61 211)
4(211 61 62 212)
4(212 62 63 213)
4(213 63 64 214)
4(214 64 65 215)
4(215 65 66 216)
4(216 66 67 217)
4(217 67 68 218)
4(218 68 69 219)
4(219 69 70 220)
4(220 70 71 221)
4(221 71 72 222)
4(222 72 73 223)
4(223 73 74 224)
4(224 74 75 225)
4(225 75 76 226)
4(226 76 77 227)
4(227 77 78 228)
4(228 78 79 229)
4(229 79 80 230)
4(230 80 81 231)
4(231 81 82 232)
4(232 82 83 233)
4(2 4 234 134)
4(134 234 235 135)
4(135 235 236 136)
4(136 236 237 137)
4(137 237 238 138)
4(138 238 239 139)
4(139 239 240 140)
4(140 240 241 141)
4(141 241 242 142)
4(142 242 243 143)
4(143 243 244 144)
4(144 244 245 145)
4(145 245 246 146)
4(146 246 247 147)
4(147 247 248 148)
4(148 248 249 149)
4(149 249 250 150)
4(150 250 251 151)
4(151 251 252 152)
4(152 252 253 153)
4(153 253 254 154)
4(154 254 255 155)
4(155 255 256 156)
4(156 256 257 157)
4(157 257 258 158)
4(158 258 259 159)
4(159 259 260 160)
4(160 260 261 161)
4(161 261 262 162)
4(162 262 263 163)
4(163 263 264 164)
4(164 264 265 165)
4(165 265 266 166)
4(166 266 267 167)
4(167 267 268 168)
4(168 268 269 169)
4(169 269 270 170)
4(170 270 271 171)
4(171 271 272 172)
4(172 272 273 173)
4(173 273 274 174)
4(174 274 275 175)
4(175 275 276 176)
4(176 276 277 177)
4(177 277 278 178)
4(178 278 279 179)
4(179 279 280 180)
4(180 280 281 181)
4(181 281 282 182)
4(182 282 283 183)
4(5 3 184 284)
4(284 184 185 285)
4(285 185 186 286)
4(286 186 187 287)
4(287 187 188 288)
4(288 188 189 289)
4(289 189 190 290)
4(290 190 191 291)
4(291 191 192 292)
4(292 192 193 293)
4(293 193 194 294)
4(294 194 195 295)
4(295 195 196 296)
4(296 196 197 297)
4(297 197 198 298)
4(298 198 199 299)
4(299 199 200 300)
4(300 200 201 301)
4(301 201 202 302)
4(302 202 203 303)
4(303 203 204 304)
4(304 204 205 305)
4(305 205 206 306)
4(306 206 207 307)
4(307 207 208 308)
4(308 208 209 309)
4(309 209 210 310)
4(310 210 211 311)
4(311 211 212 312)
4(312 212 213 313)
4(313 213 214 314)
4(314 214 215 315)
4(315 215 216 316)
4(316 216 217 317)
4(317 217 218 318)
4(318 218 219 319)
4(319 219 220 320)
4(320 220 221 321)
4(321 221 222 322)
4(322 222 223 323)
4(323 223 224 324)
4(324 224 225 325)
4(325 225 226 326)
4(326 226 227 327)
4(327 227 228 328)
4(328 228 229 329)
4(329 229 230 330)
4(330 230 231 331)
4(331 231 232 332)
4(332 232 233 333)
4(4 6 334 234)
4(234 334 335 235)
4(235 335 336 236)
4(236 336 337 237)
4(237 337 338 238)
4(238 338 339 239)
4(239 339 340 240)
4(240 340 341 241)
4(241 341 342 242)
4(242 342 343 243)
4(243 343 344 244)
4(244 344 345 245)
4(245 345 346 246)
4(246 346 347 247)
4(247 347 348 248)
4(248 348 349 249)
4(249 349 350 250)
4(250 350 351 251)
4(251 351 352 252)
4(252 352 353 253)
4(253 353 354 254)
4(254 354 355 255)
4(255 355 356 256)
4(256 356 357 257)
4(257 357 358 258)
4(258 358 359 259)
4(259 359 360 260)
4(260 360 361 261)
4(261 361 362 262)
4(262 362 363 263)
4(263 363 364 264)
4(264 364 365 265)
4(265 365 366 266)
4(266 366 367 267)
4(267 367 368 268)
4(268 368 369 269)
4(269 369 370 270)
4(270 370 371 271)
4(271 371 372 272)
4(272 372 373 273)
4(273 373 374 274)
4(274 374 375 275)
4(275 375 376 276)
4(276 376 377 277)
4(277 377 378 278)
4(278 378 379 279)
4(279 379 380 280)
4(280 380 381 281)
4(281 381 382 282)
4(282 382 383 283)
4(7 5 284 384)
4(384 284 285 385)
4(385 285 286 386)
4(386 286 287 387)
4(387 287 288 388)
4(388 288 289 389)
4(389 289 290 390)
4(390 290 291 391)
4(391 291 292 392)
4(392 292 293 393)
4(393 293 294 394)
4(394 294 295 395)
4(395 295 296 396)
4(396 296 297 397)
4(397 297 298 398)
4(398 298 299 399)
4(399 299 300 400)
4(400 300 301 401)
4(401 301 302 402)
4(402 302 303 403)
4(403 303 304 404)
4(404 304 305 405)
4(405 305 306 406)
4(406 306 307 407)
4(407 307 308 408)
4(408 308 309 409)
4(409 309 310 410)
4(410 310 311 411)
4(411 311 312 412)
4(412 312 313 413)
4(413 313 314 414)
4(414 314 315 415)
4(415 315 316 416)
4(416 316 317 417)
4(417 317 318 418)
4(418 318 319 419)
4(419 319 320 420)
4(420 320 321 421)
4(421 321 322 422)
4(422 322 323 423)
4(423 323 324 424)
4(424 324 325 425)
4(425 325 326 426)
4(426 326 327 427)
4(427 327 328 428)
4(428 328 329 429)
4(429 329 330 430)
4(430 330 331 431)
4(431 331 332 432)
4(432 332 333 433)
4(6 8 434 334)
4(334 434 435 335)
4(335 435 436 336)
4(336 436 437 337)
4(337 437 438 338)
4(338 438 439 339)
4(339 439 440 340)
4(340 440 441 341)
4(341 441 442 342)
4(342 442 443 343)
4(343 443 444 344)
4(344 444 445 345)
4(345 445 446 346)
4(346 446 447 347)
4(347 447 448 348)
4(348 448 449 349)
4(349 449 450 350)
4(350 450 451 351)
4(351 451 452 352)
4(352 452 453 353)
4(353 453 454 354)
4(354 454 455 355)
4(355 455 456 356)
4(356 456 457 357)
4(357 457 458 358)
4(358 458 459 359)
4(359 459 460 360)
4(360 460 461 361)
4(361 461 462 362)
4(362 462 463 363)
4(363 463 464 364)
4(364 464 465 365)
4(365 465 466 366)
4(366 466 467 367)
4(367 467 468 368)
4(368 468 469 369)
4(369 469 470 370)
4(370 470 471 371)
4(371 471 472 372)
4(372 472 473 373)
4(373 473 474 374)
4(374 474 475 375)
4(375 475 476 376)
4(376 476 477 377)
4(377 477 478 378)
4(378 478 479 379)
4(379 479 480 380)
4(380 480 481 381)
4(381 481 482 382)
4(382 482 483 383)
4(9 7 384 484)
4(484 384 385 485)
4(485 385 386 486)
4(486 386 387 487)
4(487 387 388 488)
4(488 388 389 489)
4(489 389 390 490)
4(490 390 391 491)
4(491 391 392 492)
4(492 392 393 493)
4(493 393 394 494)
4(494 394 395 495)
4(495 395 396 496)
4(496 396 397 497)
4(497 397 398 498)
4(498 398 399 499)
4(499 399 400 500)
4(500 400 401 501)
4(501 401 402 502)
4(502 402 403 503)
4(503 403 404 504)
4(504 404 405 505)
4(505 405 406 506)
4(506 406 407 507)
4(507 407 408 508)
4(508 408 409 509)
4(509 409 410 510)
4(510 410 411 511)
4(511 411 412 512)
4(512 412 413 513)
4(513 413 414 514)
4(514 414 415 515)
4(515 415 416 516)
4(516 416 417 517)
4(517 417 418 518)
4(518 418 419 519)
4(519 419 420 520)
4(520 420 421 521)
4(521 421 422 522)
4(522 422 423 523)
4(523 423 424 524)
4(524 424 425 525)
4(525 425 426 526)
4(526 426 427 527)
4(527 427 428 528)
4(528 428 429 529)
4(529 429 430 530)
4(530 430 431 531)
4(531 431 432 532)
4(532 432 433 533)
4(8 10 534 434)
4(434 534 535 435)
4(435 535 536 436)
4(436 536 537 437)
4(437 537 538 438)
4(438 538 539 439)
4(439 539 540 440)
4(440 540 541 441)
4(441 541 542 442)
4(442 542 543 443)
4(443 543 544 444)
4(444 544 545 445)
4(445 545 546 446)
4(446 546 547 447)
4(447 547 548 448)
4(448 548 549 449)
4(449 549 550 450)
4(450 550 551 451)
4(451 551 552 452)
4(452 552 553 453)
4(453 553 554 454)
4(454 554 555 455)
4(455 555 556 456)
4(456 556 557 457)
4(457 557 558 458)
4(458 558 559 459)
4(459 559 560 460)
4(460 560 561 461)
4(461 561 562 462)
4(462 562 563 463)
4(463 563 564 464)
4(464 564 565 465)
4(465 565 566 466)
4(466 566 567 467)
4(467 567 568 468)
4(468 568 569 469)
4(469 569 570 470)
4(470 570 571 471)
4(471 571 572 472)
4(472 572 573 473)
4(473 573 574 474)
4(474 574 575 475)
4(475 575 576 476)
4(476 576 577 477)
4(477 577 578 478)
4(478 578 579 479)
4(479 579 580 480)
4(480 580 581 481)
4(481 581 582 482)
4(482 582 583 483)
4(11 9 484 584)
4(584 484 485 585)
4(585 485 486 586)
4(586 486 487 587)
4(587 487 488 588)
4(588 488 489 589)
4(589 489 490 590)
4(590 490 491 591)
4(591 491 492 592)
4(592 492 493 593)
4(593 493 494 594)
4(594 494 495 595)
4(595 495 496 596)
4(596 496 497 597)
4(597 497 498 598)
4(598 498 499 599)
4(599 499 500 600)
4(600 500 501 601)
4(601 501 502 602)
4(602 502 503 603)
4(603 503 504 604)
4(604 504 505 605)
4(605 505 506 606)
4(606 506 507 607)
4(607 507 508 608)
4(608 508 509 609)
4(609 509 510 610)
4(610 510 511 611)
4(611 511 512 612)
4(612 512 513 613)
4(613 513 514 614)
4(614 514 515 615)
4(615 515 516 616)
4(616 516 517 617)
4(617 517 518 618)
4(618 518 519 619)
4(619 519 520 620)
4(620 520 521 621)
4(621 521 522 622)
4(622 522 523 623)
4(623 523 524 624)
4(624 524 525 625)
4(625 525 526 626)
4(626 526 527 627)
4(627 527 528 628)
4(628 528 529 629)
4(629 529 530 630)
4(630 530 531 631)
4(631 531 532 632)
4(632 532 533 633)
4(10 12 634 534)
4(534 634 635 535)
4(535 635 636 536)
4(536 636 637 537)
4(537 637 638 538)
4(538 638 639 539)
4(539 639 640 540)
4(540 640 641 541)
4(541 641 642 542)
4(542 642 643 543)
4(543 643 644 544)
4(544 644 645 545)
4(545 645 646 546)
4(546 646 647 547)
4(547 647 648 548)
4(548 648 649 549)
4(549 649 650 550)
4(550 650 651 551)
4(551 651 652 552)
4(552 652 653 553)
4(553 653 654 554)
4(554 654 655 555)
4(555 655 656 556)
4(556 656 657 557)
4(557 657 658 558)
4(558 658 659 559)
4(559 659 660 560)
4(560 660 661 561)
4(561 661 662 562)
4(562 662 663 563)
4(563 663 664 564)
4(564 664 665 565)
4(565 665 666 566)
4(566 666 667 567)
4(567 667 668 568)
4(568 668 669 569)
4(569 669 670 570)
4(570 670 671 571)
4(571 671 672 572)
4(572 672 673 573)
4(573 673 674 574)
4(574 674 675 575)
4(575 675 676 576)
4(576 676 677 577)
4(577 677 678 578)
4(578 678 679 579)
4(579 679 680 580)
4(580 680 681 581)
4(581 681 682 582)
4(582 682 683 583)
4(13 11 584 684)
4(684 584 585 685)
4(685 585 586 686)
4(686 586 587 687)
4(687 587 588 688)
4(688 588 589 689)
4(689 589 590 690)
4(690 590 591 691)
4(691 591 592 692)
4(692 592 593 693)
4(693 593 594 694)
4(694 594 595 695)
4(695 595 596 696)
4(696 596 597 697)
4(697 597 598 698)
4(698 598 599 699)
4(699 599 600 700)
4(700 600 601 701)
4(701 601 602 702)
4(702 602 603 703)
4(703 603 604 704)
4(704 604 605 705)
4(705 605 606 706)
4(706 606 607 707)
4(707 607 608 708)
4(708 608 609 709)
4(709 609 610 710)
4(710 610 611 711)
4(711 611 612 712)
4(712 612 613 713)
4(713 613 614 714)
4(714 614 615 715)
4(715 615 616 716)
4(716 616 617 717)
4(717 617 618 718)
4(718 618 619 719)
4(719 619 620 720)
4(720 620 621 721)
4(721 621 622 722)
4(722 622 623 723)
4(723 623 624 724)
4(724 624 625 725)
4(725 625 626 726)
4(726 626 627 727)
4(727 627 628 728)
4(728 628 629 729)
4(729 629 630 730)
4(730 630 631 731)
4(731 631 632 732)
4(732 632 633 733)
4(12 14 734 634)
4(634 734 735 635)
4(635 735 736 636)
4(636 736 737 637)
4(637 737 738 638)
4(638 738 739 639)
4(639 739 740 640)
4(640 740 741 641)
4(641 741 742 642)
4(642 742 743 643)
4(643 743 744 644)
4(644 744 745 645)
4(645 745 746 646)
4(646 746 747 647)
4(647 747 748 648)
4(648 748 749 649)
4(649 749 750 650)
4(650 750 751 651)
4(651 751 752 652)
4(652 752 753 653)
4(653 753 754 654)
4(654 754 755 655)
4(655 755 756 656)
4(656 756 757 657)
4(657 757 758 658)
4(658 758 759 659)
4(659 759 760 660)
4(660 760 761 661)
4(661 761 762 662)
4(662 762 763 663)
4(663 763 764 664)
4(664 764 765 665)
4(665 765 766 666)
4(666 766 767 667)
4(667 767 768 668)
4(668 768 769 669)
4(669 769 770 670)
4(670 770 771 671)
4(671 771 772 672)
4(672 772 773 673)
4(673 773 774 674)
4(674 774 775 675)
4(675 775 776 676)
4(676 776 777 677)
4(677 777 778 678)
4(678 778 779 679)
4(679 779 780 680)
4(680 780 781 681)
4(681 781 782 682)
4(682 782 783 683)
4(15 13 684 784)
4(784 684 685 785)
4(785 685 686 786)
4(786 686 687 787)
4(787 687 688 788)
4(788 688 689 789)
4(789 689 690 790)
4(790 690 691 791)
4(791 691 692 792)
4(792 692 693 793)
4(793 693 694 794)
4(794 694 695 795)
4(795 695 696 796)
4(796 696 697 797)
4(797 697 698 798)
4(798 698 699 799)
4(799 699 700 800)
4(800 700 701 801)
4(801 701 702 802)
4(802 702 703 803)
4(803 703 704 804)
4(804 704 705 805)
4(805 705 706 806)
4(806 706 707 807)
4(807 707 708 808)
4(808 708 709 809)
4(809 709 710 810)
4(810 710 711 811)
4(811 711 712 812)
4(812 712 713 813)
4(813 713 714 814)
4(814 714 715 815)
4(815 715 716 816)
4(816 716 717 817)
4(817 717 718 818)
4(818 718 719 819)
4(819 719 720 820)
4(820 720 721 821)
4(821 721 722 822)
4(822 722 723 823)
4(823 723 724 824)
4(824 724 725 825)
4(825 725 726 826)
4(826 726 727 827)
4(827 727 728 828)
4(828 728 729 829)
4(829 729 730 830)
4(830 730 731 831)
4(831 731 732 832)
4(832 732 733 833)
4(14 16 834 734)
4(734 834 835 735)
4(735 835 836 736)
4(736 836 837 737)
4(737 837 838 738)
4(738 838 839 739)
4(739 839 840 740)
4(740 840 841 741)
4(741 841 842 742)
4(742 842 843 743)
4(743 843 844 744)
4(744 844 845 745)
4(745 845 846 746)
4(746 846 847 747)
4(747 847 848 748)
4(748 848 849 749)
4(749 849 850 750)
4(750 850 851 751)
4(751 851 852 752)
4(752 852 853 753)
4(753 853 854 754)
4(754 854 855 755)
4(755 855 856 756)
4(756 856 857 757)
4(757 857 858 758)
4(758 858 859 759)
4(759 859 860 760)
4(760 860 861 761)
4(761 861 862 762)
4(762 862 863 763)
4(763 863 864 764)
4(764 864 865 765)
4(765 865 866 766)
4(766 866 867 767)
4(767 867 868 768)
4(768 868 869 769)
4(769 869 870 770)
4(770 870 871 771)
4(771 871 872 772)
4(772 872 873 773)
4(773 873 874 774)
4(774 874 875 775)
4(775 875 876 776)
4(776 876 877 777)
4(777 877 878 778)
4(778 878 879 779)
4(779 879 880 780)
4(780 880 881 781)
4(781 881 882 782)
4(782 882 883 783)
4(17 15 784 884)
4(884 784 785 885)
4(885 785 786 886)
4(886 786 787 887)
4(887 787 788 888)
4(888 788 789 889)
4(889 789 790 890)
4(890 790 791 891)
4(891 791 792 892)
4(892 792 793 893)
4(893 793 794 894)
4(894 794 795 895)
4(895 795 796 896)
4(896 796 797 897)
4(897 797 798 898)
4(898 798 799 899)
4(899 799 800 900)
4(900 800 801 901)
4(901 801 802 902)
4(902 802 803 903)
4(903 803 804 904)
4(904 804 805 905)
4(905 805 806 906)
4(906 806 807 907)
4(907 807 808 908)
4(908 808 809 909)
4(909 809 810 910)
4(910 810 811 911)
4(911 811 812 912)
4(912 812 813 913)
4(913 813 814 914)
4(914 814 815 915)
4(915 815 816 916)
4(916 816 817 917)
4(917 817 818 918)
4(918 818 819 919)
4(919 819 820 920)
4(920 820 821 921)
4(921 821 822 922)
4(922 822 823 923)
4(923 823 824 924)
4(924 824 825 925)
4(925 825 826 926)
4(926 826 827 927)
4(927 827 828 928)
4(928 828 829 929)
4(929 829 830 930)
4(930 830 831 931)
4(931 831 832 932)
4(932 832 833 933)
4(16 18 934 834)
4(834 934 935 835)
4(835 935 936 836)
4(836 936 937 837)
4(837 937 938 838)
4(838 938 939 839)
4(839 939 940 840)
4(840 940 941 841)
4(841 941 942 842)
4(842 942 943 843)
4(843 943 944 844)
4(844 944 945 845)
4(845 945 946 846)
4(846 946 947 847)
4(847 947 948 848)
4(848 948 949 849)
4(849 949 950 850)
4(850 950 951 851)
4(851 951 952 852)
4(852 952 953 853)
4(853 953 954 854)
4(854 954 955 855)
4(855 955 956 856)
4(856 956 957 857)
4(857 957 958 858)
4(858 958 959 859)
4(859 959 960 860)
4(860 960 961 861)
4(861 961 962 862)
4(862 962 963 863)
4(863 963 964 864)
4(864 964 965 865)
4(865 965 966 866)
4(866 966 967 867)
4(867 967 968 868)
4(868 968 969 869)
4(869 969 970 870)
4(870 970 971 871)
4(871 971 972 872)
4(872 972 973 873)
4(873 973 974 874)
4(874 974 975 875)
4(875 975 976 876)
4(876 976 977 877)
4(877 977 978 878)
4(878 978 979 879)
4(879 979 980 880)
4(880 980 981 881)
4(881 981 982 882)
4(882 982 983 883)
4(19 17 884 984)
4(984 884 885 985)
4(985 885 886 986)
4(986 886 887 987)
4(987 887 888 988)
4(988 888 889 989)
4(989 889 890 990)
4(990 890 891 991)
4(991 891 892 992)
4(992 892 893 993)
4(993 893 894 994)
4(994 894 895 995)
4(995 895 896 996)
4(996 896 897 997)
4(997 897 898 998)
4(998 898 899 999)
4(999 899 900 1000)
4(1000 900 901 1001)
4(1001 901 902 1002)
4(1002 902 903 1003)
4(1003 903 904 1004)
4(1004 904 905 1005)
4(1005 905 906 1006)
4(1006 906 907 1007)
4(1007 907 908 1008)
4(1008 908 909 1009)
4(1009 909 910 1010)
4(1010 910 911 1011)
4(1011 911 912 1012)
4(1012 912 913 1013)
4(1013 913 914 1014)
4(1014 914 915 1015)
4(1015 915 916 1016)
4(1016 916 917 1017)
4(1017 917 918 1018)
4(1018 918 919 1019)
4(1019 919 920 1020)
4(1020 920 921 1021)
4(1021 921 922 1022)
4(1022 922 923 1023)
4(1023 923 924 1024)
4(1024 924 925 1025)
4(1025 925 926 1026)
4(1026 926 927 1027)
4(1027 927 928 1028)
4(1028 928 929 1029)
4(1029 929 930 1030)
4(1030 930 931 1031)
4(1031 931 932 1032)
4(1032 932 933 1033)
4(18 20 1034 934)
4(934 1034 1035 935)
4(935 1035 1036 936)
4(936 1036 1037 937)
4(937 1037 1038 938)
4(938 1038 1039 939)
4(939 1039 1040 940)
4(940 1040 1041 941)
4(941 1041 1042 942)
4(942 1042 1043 943)
4(943 1043 1044 944)
4(944 1044 1045 945)
4(945 1045 1046 946)
4(946 1046 1047 947)
4(947 1047 1048 948)
4(948 1048 1049 949)
4(949 1049 1050 950)
4(950 1050 1051 951)
4(951 1051 1052 952)
4(952 1052 1053 953)
4(953 1053 1054 954)
4(954 1054 1055 955)
4(955 1055 1056 956)
4(956 1056 1057 957)
4(957 1057 1058 958)
4(958 1058 1059 959)
4(959 1059 1060 960)
4(960 1060 1061 961)
4(961 1061 1062 962)
4(962 1062 1063 963)
4(963 1063 1064 964)
4(964 1064 1065 965)
4(965 1065 1066 966)
4(966 1066 1067 967)
4(967 1067 1068 968)
4(968 1068 1069 969)
4(969 1069 1070 970)
4(970 1070 1071 971)
4(971 1071 1072 972)
4(972 1072 1073 973)
4(973 1073 1074 974)
4(974 1074 1075 975)
4(975 1075 1076 976)
4(976 1076 1077 977)
4(977 1077 1078 978)
4(978 1078 1079 979)
4(979 1079 1080 980)
4(980 1080 1081 981)
4(981 1081 1082 982)
4(982 1082 1083 983)
4(21 19 984 1084)
4(1084 984 985 1085)
4(1085 985 986 1086)
4(1086 986 987 1087)
4(1087 987 988 1088)
4(1088 988 989 1089)
4(1089 989 990 1090)
4(1090 990 991 1091)
4(1091 991 992 1092)
4(1092 992 993 1093)
4(1093 993 994 1094)
4(1094 994 995 1095)
4(1095 995 996 1096)
4(1096 996 997 1097)
4(1097 997 998 1098)
4(1098 998 999 1099)
4(1099 999 1000 1100)
4(1100 1000 1001 1101)
4(1101 1001 1002 1102)
4(1102 1002 1003 1103)
4(1103 1003 1004 1104)
4(1104 1004 1005 1105)
4(1105 1005 1006 1106)
4(1106 1006 1007 1107)
4(1107 1007 1008 1108)
4(1108 1008 1009 1109)
4(1109 1009 1010 1110)
4(1110 1010 1011 1111)
4(1111 1011 1012 1112)
4(1112 1012 1013 1113)
4(1113 1013 1014 1114)
4(1114 1014 1015 1115)
4(1115 1015 1016 1116)
4(1116 1016 1017 1117)
4(1117 1017 1018 1118)
4(1118 1018 1019 1119)
4(1119 1019 1020 1120)
4(1120 1020 1021 1121)
4(1121 1021 1022 1122)
4(1122 1022 1023 1123)
4(1123 1023 1024 1124)
4(1124 1024 1025 1125)
4(1125 1025 1026 1126)
4(1126 1026 1027 1127)
4(1127 1027 1028 1128)
4(1128 1028 1029 1129)
4(1129 1029 1030 1130)
4(1130 1030 1031 1131)
4(1131 1031 1032 1132)
4(1132 1032 1033 1133)
4(20 22 1134 1034)
4(1034 1134 1135 1035)
4(1035 1135 1136 1036)
4(1036 1136 1137 1037)
4(1037 1137 1138 1038)
4(1038 1138 1139 1039)
4(1039 1139 1140 1040)
4(1040 1140 1141 1041)
4(1041 1141 1142 1042)
4(1042 1142 1143 1043)
4(1043 1143 1144 1044)
4(1044 1144 1145 1045)
4(1045 1145 1146 1046)
4(1046 1146 1147 1047)
4(1047 1147 1148 1048)
4(1048 1148 1149 1049)
4(1049 1149 1150 1050)
4(1050 1150 1151 1051)
4(1051 1151 1152 1052)
4(1052 1152 1153 1053)
4(1053 1153 1154 1054)
4(1054 1154 1155 1055)
4(1055 1155 1156 1056)
4(1056 1156 1157 1057)
4(1057 1157 1158 1058)
4(1058 1158 1159 1059)
4(1059 1159 1160 1060)
4(1060 1160 1161 1061)
4(1061 1161 1162 1062)
4(1062 1162 1163 1063)
4(1063 1163 1164 1064)
4(1064 1164 1165 1065)
4(1065 1165 1166 1066)
4(1066 1166 1167 1067)
4(1067 1167 1168 1068)
4(1068 1168 1169 1069)
4(1069 1169 1170 1070)
4(1070 1170 1171 1071)
4(1071 1171 1172 1072)
4(1072 1172 1173 1073)
4(1073 1173 1174 1074)
4(1074 1174 1175 1075)
4(1075 1175 1176 1076)
4(1076 1176 1177 1077)
4(1077 1177 1178 1078)
4(1078 1178 1179 1079)
4(1079 1179 1180 1080)
4(1080 1180 1181 1081)
4(1081 1181 1182 1082)
4(1082 1182 1183 1083)
4(23 21 1084 1184)
4(1184 1084 1085 1185)
4(1185 1085 1086 1186)
4(1186 1086 1087 1187)
4(1187 1087 1088 1188)
4(1188 1088 1089 1189)
4(1189 1089 1090 1190)
4(1190 1090 1091 1191)
4(1191 1091 1092 1192)
4(1192 1092 1093 1193)
4(1193 1093 1094 1194)
4(1194 1094 1095 1195)
4(1195 1095 1096 1196)
4(1196 1096 1097 1197)
4(1197 1097 1098 1198)
4(1198 1098 1099 1199)
4(1199 1099 1100 1200)
4(1200 1100 1101 1201)
4(1201 1101 1102 1202)
4(1202 1102 1103 1203)
4(1203 1103 1104 1204)
4(1204 1104 1105 1205)
4(1205 1105 1106 1206)
4(1206 1106 1107 1207)
4(1207 1107 1108 1208)
4(1208 1108 1109 1209)
4(1209 1109 1110 1210)
4(1210 1110 1111 1211)
4(1211 1111 1112 1212)
4(1212 1112 1113 1213)
4(1213 1113 1114 1214)
4(1214 1114 1115 1215)
4(1215 1115 1116 1216)
4(1216 1116 1117 1217)
4(1217 1117 1118 1218)
4(1218 1118 1119 1219)
4(1219 1119 1120 1220)
4(1220 1120 1121 1221)
4(1221 1121 1122 1222)
4(1222 1122 1123 1223)
4(1223 1123 1124 1224)
4(1224 1124 1125 1225)
4(1225 1125 1126 1226)
4(1226 1126 1127 1227)
4(1227 1127 1128 1228)
4(1228 1128 1129 1229)
4(1229 1129 1130 1230)
4(1230 1130 1131 1231)
4(1231 1131 1132 1232)
4(1232 1132 1133 1233)
4(22 24 1234 1134)
4(1134 1234 1235 1135)
4(1135 1235 1236 1136)
4(1136 1236 1237 1137)
4(1137 1237 1238 1138)
4(1138 1238 1239 1139)
4(1139 1239 1240 1140)
4(1140 1240 1241 1141)
4(1141 1241 1242 1142)
4(1142 1242 1243 1143)
4(1143 1243 1244 1144)
4(1144 1244 1245 1145)
4(1145 1245 1246 1146)
4(1146 1246 1247 1147)
4(1147 1247 1248 1148)
4(1148 1248 1249 1149)
4(1149 1249 1250 1150)
4(1150 1250 1251 1151)
4(1151 1251 1252 1152)
4(1152 1252 1253 1153)
4(1153 1253 1254 1154)
4(1154 1254 1255 1155)
4(1155 1255 1256 1156)
4(1156 1256 1257 1157)
4(1157 1257 1258 1158)
4(1158 1258 1259 1159)
4(1159 1259 1260 1160)
4(1160 1260 1261 1161)
4(1161 1261 1262 1162)
4(1162 1262 1263 1163)
4(1163 1263 1264 1164)
4(1164 1264 1265 1165)
4(1165 1265 1266 1166)
4(1166 1266 1267 1167)
4(1167 1267 1268 1168)
4(1168 1268 1269 1169)
4(1169 1269 1270 1170)
4(1170 1270 1271 1171)
4(1171 1271 1272 1172)
4(1172 1272 1273 1173)
4(1173 1273 1274 1174)
4(1174 1274 1275 1175)
4(1175 1275 1276 1176)
4(1176 1276 1277 1177)
4(1177 1277 1278 1178)
4(1178 1278 1279 1179)
4(1179 1279 1280 1180)
4(1180 1280 1281 1181)
4(1181 1281 1282 1182)
4(1182 1282 1283 1183)
4(25 23 1184 1284)
4(1284 1184 1185 1285)
4(1285 1185 1186 1286)
4(1286 1186 1187 1287)
4(1287 1187 1188 1288)
4(1288 1188 1189 1289)
4(1289 1189 1190 1290)
4(1290 1190 1191 1291)
4(1291 1191 1192 1292)
4(1292 1192 1193 1293)
4(1293 1193 1194 1294)
4(1294 1194 1195 1295)
4(1295 1195 1196 1296)
4(1296 1196 1197 1297)
4(1297 1197 1198 1298)
4(1298 1198 1199 1299)
4(1299 1199 1200 1300)
4(1300 1200 1201 1301)
4(1301 1201 1202 1302)
4(1302 1202 1203 1303)
4(1303 1203 1204 1304)
4(1304 1204 1205 1305)
4(1305 1205 1206 1306)
4(1306 1206 1207 1307)
4(1307 1207 1208 1308)
4(1308 1208 1209 1309)
4(1309 1209 1210 1310)
4(1310 1210 1211 1311)
4(1311 1211 1212 1312)
4(1312 1212 1213 1313)
4(1313 1213 1214 1314)
4(1314 1214 1215 1315)
4(1315 1215 1216 1316)
4(1316 1216 1217 1317)
4(1317 1217 1218 1318)
4(1318 1218 1219 1319)
4(1319 1219 1220 1320)
4(1320 1220 1221 1321)
4(1321 1221 1222 1322)
4(1322 1222 1223 1323)
4(1323 1223 1224 1324)
4(1324 1224 1225 1325)
4(1325 1225 1226 1326)
4(1326 1226 1227 1327)
4(1327 1227 1228 1328)
4(1328 1228 1229 1329)
4(1329 1229 1230 1330)
4(1330 1230 1231 1331)
4(1331 1231 1232 1332)
4(1332 1232 1233 1333)
4(24 26 1334 1234)
4(1234 1334 1335 1235)
4(1235 1335 1336 1236)
4(1236 1336 1337 1237)
4(1237 1337 1338 1238)
4(1238 1338 1339 1239)
4(1239 1339 1340 1240)
4(1240 1340 1341 1241)
4(1241 1341 1342 1242)
4(1242 1342 1343 1243)
4(1243 1343 1344 1244)
4(1244 1344 1345 1245)
4(1245 1345 1346 1246)
4(1246 1346 1347 1247)
4(1247 1347 1348 1248)
4(1248 1348 1349 1249)
4(1249 1349 1350 1250)
4(1250 1350 1351 1251)
4(1251 1351 1352 1252)
4(1252 1352 1353 1253)
4(1253 1353 1354 1254)
4(1254 1354 1355 1255)
4(1255 1355 1356 1256)
4(1256 1356 1357 1257)
4(1257 1357 1358 1258)
4(1258 1358 1359 1259)
4(1259 1359 1360 1260)
4(1260 1360 1361 1261)
4(1261 1361 1362 1262)
4(1262 1362 1363 1263)
4(1263 1363 1364 1264)
4(1264 1364 1365 1265)
4(1265 1365 1366 1266)
4(1266 1366 1367 1267)
4(1267 1367 1368 1268)
4(1268 1368 1369 1269)
4(1269 1369 1370 1270)
4(1270 1370 1371 1271)
4(1271 1371 1372 1272)
4(1272 1372 1373 1273)
4(1273 1373 1374 1274)
4(1274 1374 1375 1275)
4(1275 1375 1376 1276)
4(1276 1376 1377 1277)
4(1277 1377 1378 1278)
4(1278 1378 1379 1279)
4(1279 1379 1380 1280)
4(1280 1380 1381 1281)
4(1281 1381 1382 1282)
4(1282 1382 1383 1283)
4(27 25 1284 1384)
4(1384 1284 1285 1385)
4(1385 1285 1286 1386)
4(1386 1286 1287 1387)
4(1387 1287 1288 1388)
4(1388 1288 1289 1389)
4(1389 1289 1290 1390)
4(1390 1290 1291 1391)
4(1391 1291 1292 1392)
4(1392 1292 1293 1393)
4(1393 1293 1294 1394)
4(1394 1294 1295 1395)
4(1395 1295 1296 1396)
4(1396 1296 1297 1397)
4(1397 1297 1298 1398)
4(1398 1298 1299 1399)
4(1399 1299 1300 1400)
4(1400 1300 1301 1401)
4(1401 1301 1302 1402)
4(1402 1302 1303 1403)
4(1403 1303 1304 1404)
4(1404 1304 1305 1405)
4(1405 1305 1306 1406)
4(1406 1306 1307 1407)
4(1407 1307 1308 1408)
4(1408 1308 1309 1409)
4(1409 1309 1310 1410)
4(1410 1310 1311 1411)
4(1411 1311 1312 1412)
4(1412 1312 1313 1413)
4(1413 1313 1314 1414)
4(1414 1314 1315 1415)
4(1415 1315 1316 1416)
4(1416 1316 1317 1417)
4(1417 1317 1318 1418)
4(1418 1318 1319 1419)
4(1419 1319 1320 1420)
4(1420 1320 1321 1421)
4(1421 1321 1322 1422)
4(1422 1322 1323 1423)
4(1423 1323 1324 1424)
4(1424 1324 1325 1425)
4(1425 1325 1326 1426)
4(1426 1326 1327 1427)
4(1427 1327 1328 1428)
4(1428 1328 1329 1429)
4(1429 1329 1330 1430)
4(1430 1330 1331 1431)
4(1431 1331 1332 1432)
4(1432 1332 1333 1433)
4(26 28 1434 1334)
4(1334 1434 1435 1335)
4(1335 1435 1436 1336)
4(1336 1436 1437 1337)
4(1337 1437 1438 1338)
4(1338 1438 1439 1339)
4(1339 1439 1440 1340)
4(1340 1440 1441 1341)
4(1341 1441 1442 1342)
4(1342 1442 1443 1343)
4(1343 1443 1444 1344)
4(1344 1444 1445 1345)
4(1345 1445 1446 1346)
4(1346 1446 1447 1347)
4(1347 1447 1448 1348)
4(1348 1448 1449 1349)
4(1349 1449 1450 1350)
4(1350 1450 1451 1351)
4(1351 1451 1452 1352)
4(1352 1452 1453 1353)
4(1353 1453 1454 1354)
4(1354 1454 1455 1355)
4(1355 1455 1456 1356)
4(1356 1456 1457 1357)
4(1357 1457 1458 1358)
4(1358 1458 1459 1359)
4(1359 1459 1460 1360)
4(1360 1460 1461 1361)
4(1361 1461 1462 1362)
4(1362 1462 1463 1363)
4(1363 1463 1464 1364)
4(1364 1464 1465 1365)
4(1365 1465 1466 1366)
4(1366 1466 1467 1367)
4(1367 1467 1468 1368)
4(1368 1468 1469 1369)
4(1369 1469 1470 1370)
4(1370 1470 1471 1371)
4(1371 1471 1472 1372)
4(1372 1472 1473 1373)
4(1373 1473 1474 1374)
4(1374 1474 1475 1375)
4(1375 1475 1476 1376)
4(1376 1476 1477 1377)
4(1377 1477 1478 1378)
4(1378 1478 1479 1379)
4(1379 1479 1480 1380)
4(1380 1480 1481 1381)
4(1381 1481 1482 1382)
4(1382 1482 1483 1383)
4(29 27 1384 1484)
4(1484 1384 1385 1485)
4(1485 1385 1386 1486)
4(1486 1386 1387 1487)
4(1487 1387 1388 1488)
4(1488 1388 1389 1489)
4(1489 1389 1390 1490)
4(1490 1390 1391 1491)
4(1491 1391 1392 1492)
4(1492 1392 1393 1493)
4(1493 1393 1394 1494)
4(1494 1394 1395 1495)
4(1495 1395 1396 1496)
4(1496 1396 1397 1497)
4(1497 1397 1398 1498)
4(1498 1398 1399 1499)
4(1499 1399 1400 1500)
4(1500 1400 1401 1501)
4(1501 1401 1402 1502)
4(1502 1402 1403 1503)
4(1503 1403 1404 1504)
4(1504 1404 1405 1505)
4(1505 1405 1406 1506)
4(1506 1406 1407 1507)
4(1507 1407 1408 1508)
4(1508 1408 1409 1509)
4(1509 1409 1410 1510)
4(1510 1410 1411 1511)
4(1511 1411 1412 1512)
4(1512 1412 1413 1513)
4(1513 1413 1414 1514)
4(1514 1414 1415 1515)
4(1515 1415 1416 1516)
4(1516 1416 1417 1517)
4(1517 1417 1418 1518)
4(1518 1418 1419 1519)
4(1519 1419 1420 1520)
4(1520 1420 1421 1521)
4(1521 1421 1422 1522)
4(1522 1422 1423 1523)
4(1523 1423 1424 1524)
4(1524 1424 1425 1525)
4(1525 1425 1426 1526)
4(1526 1426 1427 1527)
4(1527 1427 1428 1528)
4(1528 1428 1429 1529)
4(1529 1429 1430 1530)
4(1530 1430 1431 1531)
4(1531 1431 1432 1532)
4(1532 1432 1433 1533)
4(28 30 1534 1434)
4(1434 1534 1535 1435)
4(1435 1535 1536 1436)
4(1436 1536 1537 1437)
4(1437 1537 1538 1438)
4(1438 1538 1539 1439)
4(1439 1539 1540 1440)
4(1440 1540 1541 1441)
4(1441 1541 1542 1442)
4(1442 1542 1543 1443)
4(1443 1543 1544 1444)
4(1444 1544 1545 1445)
4(1445 1545 1546 1446)
4(1446 1546 1547 1447)
4(1447 1547 1548 1448)
4(1448 1548 1549 1449)
4(1449 1549 1550 1450)
4(1450 1550 1551 1451)
4(1451 1551 1552 1452)
4(1452 1552 1553 1453)
4(1453 1553 1554 1454)
4(1454 1554 1555 1455)
4(1455 1555 1556 1456)
4(1456 1556 1557 1457)
4(1457 1557 1558 1458)
4(1458 1558 1559 1459)
4(1459 1559 1560 1460)
4(1460 1560 1561 1461)
4(1461 1561 1562 1462)
4(1462 1562 1563 1463)
4(1463 1563 1564 1464)
4(1464 1564 1565 1465)
4(1465 1565 1566 1466)
4(1466 1566 1567 1467)
4(1467 1567 1568 1468)
4(1468 1568 1569 1469)
4(1469 1569 1570 1470)
4(1470 1570 1571 1471)
4(1471 1571 1572 1472)
4(1472 1572 1573 1473)
4(1473 1573 1574 1474)
4(1474 1574 1575 1475)
4(1475 1575 1576 1476)
4(1476 1576 1577 1477)
4(1477 1577 1578 1478)
4(1478 1578 1579 1479)
4(1479 1579 1580 1480)
4(1480 1580 1581 1481)
4(1481 1581 1582 1482)
4(1482 1582 1583 1483)
4(31 29 1484 1584)
4(1584 1484 1485 1585)
4(1585 1485 1486 1586)
4(1586 1486 1487 1587)
4(1587 1487 1488 1588)
4(1588 1488 1489 1589)
4(1589 1489 1490 1590)
4(1590 1490 1491 1591)
4(1591 1491 1492 1592)
4(1592 1492 1493 1593)
4(1593 1493 1494 1594)
4(1594 1494 1495 1595)
4(1595 1495 1496 1596)
4(1596 1496 1497 1597)
4(1597 1497 1498 1598)
4(1598 1498 1499 1599)
4(1599 1499 1500 1600)
4(1600 1500 1501 1601)
4(1601 1501 1502 1602)
4(1602 1502 1503 1603)
4(1603 1503 1504 1604)
4(1604 1504 1505 1605)
4(1605 1505 1506 1606)
4(1606 1506 1507 1607)
4(1607 1507 1508 1608)
4(1608 1508 1509 1609)
4(1609 1509 1510 1610)
4(1610 1510 1511 1611)
4(1611 1511 1512 1612)
4(1612 1512 1513 1613)
4(1613 1513 1514 1614)
4(1614 1514 1515 1615)
4(1615 1515 1516 1616)
4(1616 1516 1517 1617)
4(1617 1517 1518 1618)
4(1618 1518 1519 1619)
4(1619 1519 1520 1620)
4(1620 1520 1521 1621)
4(1621 1521 1522 1622)
4(1622 1522 1523 1623)
4(1623 1523 1524 1624)
4(1624 1524 1525 1625)
4(1625 1525 1526 1626)
4(1626 1526 1527 1627)
4(1627 1527 1528 1628)
4(1628 1528 1529 1629)
4(1629 1529 1530 1630)
4(1630 1530 1531 1631)
4(1631 1531 1532 1632)
4(1632 1532 1533 1633)
4(30 32 1634 1534)
4(1534 1634 1635 1535)
4(1535 1635 1636 1536)
4(1536 1636 1637 1537)
4(1537 1637 1638 1538)
4(1538 1638 1639 1539)
4(1539 1639 1640 1540)
4(1540 1640 1641 1541)
4(1541 1641 1642 1542)
4(1542 1642 1643 1543)
4(1543 1643 1644 1544)
4(1544 1644 1645 1545)
4(1545 1645 1646 1546)
4(1546 1646 1647 1547)
4(1547 1647 1648 1548)
4(1548 1648 1649 1549)
4(1549 1649 1650 1550)
4(1550 1650 1651 1551)
4(1551 1651 1652 1552)
4(1552 1652 1653 1553)
4(1553 1653 1654 1554)
4(1554 1654 1655 1555)
4(1555 1655 1656 1556)
4(1556 1656 1657 1557)
4(1557 1657 1658 1558)
4(1558 1658 1659 1559)
4(1559 1659 1660 1560)
4(1560 1660 1661 1561)
4(1561 1661 1662 1562)
4(1562 1662 1663 1563)
4(1563 1663 1664 1564)
4(1564 1664 1665 1565)
4(1565 1665 1666 1566)
4(1566 1666 1667 1567)
4(1567 1667 1668 1568)
4(1568 1668 1669 1569)
4(1569 1669 1670 1570)
4(1570 1670 1671 1571)
4(1571 1671 1672 1572)
4(1572 1672 1673 1573)
4(1573 1673 1674 1574)
4(1574 1674 1675 1575)
4(1575 1675 1676 1576)
4(1576 1676 1677 1577)
4(1577 1677 1678 1578)
4(1578 1678 1679 1579)
4(1579 1679 1680 1580)
4(1580 1680 1681 1581)
4(1581 1681 1682 1582)
4(1582 1682 1683 1583)
4(32 33 1684 1634)
4(1634 1684 1685 1635)
4(1635 1685 1686 1636)
4(1636 1686 1687 1637)
4(1637 1687 1688 1638)
4(1638 1688 1689 1639)
4(1639 1689 1690 1640)
4(1640 1690 1691 1641)
4(1641 1691 1692 1642)
4(1642 1692 1693 1643)
4(1643 1693 1694 1644)
4(1644 1694 1695 1645)
4(1645 1695 1696 1646)
4(1646 1696 1697 1647)
4(1647 1697 1698 1648)
4(1648 1698 1699 1649)
4(1649 1699 1700 1650)
4(1650 1700 1701 1651)
4(1651 1701 1702 1652)
4(1652 1702 1703 1653)
4(1653 1703 1704 1654)
4(1654 1704 1705 1655)
4(1655 1705 1706 1656)
4(1656 1706 1707 1657)
4(1657 1707 1708 1658)
4(1658 1708 1709 1659)
4(1659 1709 1710 1660)
4(1660 1710 1711 1661)
4(1661 1711 1712 1662)
4(1662 1712 1713 1663)
4(1663 1713 1714 1664)
4(1664 1714 1715 1665)
4(1665 1715 1716 1666)
4(1666 1716 1717 1667)
4(1667 1717 1718 1668)
4(1668 1718 1719 1669)
4(1669 1719 1720 1670)
4(1670 1720 1721 1671)
4(1671 1721 1722 1672)
4(1672 1722 1723 1673)
4(1673 1723 1724 1674)
4(1674 1724 1725 1675)
4(1675 1725 1726 1676)
4(1676 1726 1727 1677)
4(1677 1727 1728 1678)
4(1678 1728 1729 1679)
4(1679 1729 1730 1680)
4(1680 1730 1731 1681)
4(1681 1731 1732 1682)
4(1682 1732 1733 1683)
4(33 31 1584 1684)
4(1684 1584 1585 1685)
4(1685 1585 1586 1686)
4(1686 1586 1587 1687)
4(1687 1587 1588 1688)
4(1688 1588 1589 1689)
4(1689 1589 1590 1690)
4(1690 1590 1591 1691)
4(1691 1591 1592 1692)
4(1692 1592 1593 1693)
4(1693 1593 1594 1694)
4(1694 1594 1595 1695)
4(1695 1595 1596 1696)
4(1696 1596 1597 1697)
4(1697 1597 1598 1698)
4(1698 1598 1599 1699)
4(1699 1599 1600 1700)
4(1700 1600 1601 1701)
4(1701 1601 1602 1702)
4(1702 1602 1603 1703)
4(1703 1603 1604 1704)
4(1704 1604 1605 1705)
4(1705 1605 1606 1706)
4(1706 1606 1607 1707)
4(1707 1607 1608 1708)
4(1708 1608 1609 1709)
4(1709 1609 1610 1710)
4(1710 1610 1611 1711)
4(1711 1611 1612 1712)
4(1712 1612 1613 1713)
4(1713 1613 1614 1714)
4(1714 1614 1615 1715)
4(1715 1615 1616 1716)
4(1716 1616 1617 1717)
4(1717 1617 1618 1718)
4(1718 1618 1619 1719)
4(1719 1619 1620 1720)
4(1720 1620 1621 1721)
4(1721 1621 1622 1722)
4(1722 1622 1623 1723)
4(1723 1623 1624 1724)
4(1724 1624 1625 1725)
4(1725 1625 1626 1726)
4(1726 1626 1627 1727)
4(1727 1627 1628 1728)
4(1728 1628 1629 1729)
4(1729 1629 1630 1730)
4(1730 1630 1631 1731)
4(1731 1631 1632 1732)
4(1732 1632 1633 1733)
)


// ************************************************************************* //
