/*--------------------------------*- C++ -*----------------------------------*\
| =========                 |                                                 |
| \\      /  F ield         | OpenFOAM: The Open Source CFD Toolbox           |
|  \\    /   O peration     | Version:  v1906                                 |
|   \\  /    A nd           | Web:      www.OpenFOAM.com                      |
|    \\/     M anipulation  |                                                 |
\*---------------------------------------------------------------------------*/
FoamFile
{
    version     2.0;
    format      ascii;
    class       vectorField;
    location    "constant/baffle3DRegion/polyMesh";
    object      points;
}
// * * * * * * * * * * * * * * * * * * * * * * * * * * * * * * * * * * * * * //


1734
(
(0.58 0 0)
(0.58 0 0.1)
(0.58 0.0125 0.1)
(0.58 0.0125 0)
(0.58 0.025 0.1)
(0.58 0.025 0)
(0.58 0.0375 0.1)
(0.58 0.0375 0)
(0.58 0.05 0.1)
(0.58 0.05 0)
(0.58 0.0625 0.1)
(0.58 0.0625 0)
(0.58 0.075 0.1)
(0.58 0.075 0)
(0.58 0.0875 0.1)
(0.58 0.0875 0)
(0.58 0.1 0.1)
(0.58 0.1 0)
(0.58 0.1125 0.1)
(0.58 0.1125 0)
(0.58 0.125 0.1)
(0.58 0.125 0)
(0.58 0.1375 0.1)
(0.58 0.1375 0)
(0.58 0.15 0.1)
(0.58 0.15 0)
(0.58 0.1625 0.1)
(0.58 0.1625 0)
(0.58 0.175 0.1)
(0.58 0.175 0)
(0.58 0.1875 0.1)
(0.58 0.1875 0)
(0.58 0.2 0.1)
(0.58 0.2 0)
(0.5796 0 0)
(0.5792 0 0)
(0.5788 0 0)
(0.5784 0 0)
(0.578 0 0)
(0.5776 0 0)
(0.5772 0 0)
(0.5768 0 0)
(0.5764 0 0)
(0.576 0 0)
(0.5756 0 0)
(0.5752 0 0)
(0.5748 0 0)
(0.5744 0 0)
(0.574 0 0)
(0.5736 0 0)
(0.5732 0 0)
(0.5728 0 0)
(0.5724 0 0)
(0.572 0 0)
(0.5716 0 0)
(0.5712 0 0)
(0.5708 0 0)
(0.5704 0 0)
(0.57 0 0)
(0.5696 0 0)
(0.5692 0 0)
(0.5688 0 0)
(0.5684 0 0)
(0.568 0 0)
(0.5676 0 0)
(0.5672 0 0)
(0.5668 0 0)
(0.5664 0 0)
(0.566 0 0)
(0.5656 0 0)
(0.5652 0 0)
(0.5648 0 0)
(0.5644 0 0)
(0.564 0 0)
(0.5636 0 0)
(0.5632 0 0)
(0.5628 0 0)
(0.5624 0 0)
(0.562 0 0)
(0.5616 0 0)
(0.5612 0 0)
(0.5608 0 0)
(0.5604 0 0)
(0.56 0 0)
(0.5796 0 0.1)
(0.5792 0 0.1)
(0.5788 0 0.1)
(0.5784 0 0.1)
(0.578 0 0.1)
(0.5776 0 0.1)
(0.5772 0 0.1)
(0.5768 0 0.1)
(0.5764 0 0.1)
(0.576 0 0.1)
(0.5756 0 0.1)
(0.5752 0 0.1)
(0.5748 0 0.1)
(0.5744 0 0.1)
(0.574 0 0.1)
(0.5736 0 0.1)
(0.5732 0 0.1)
(0.5728 0 0.1)
(0.5724 0 0.1)
(0.572 0 0.1)
(0.5716 0 0.1)
(0.5712 0 0.1)
(0.5708 0 0.1)
(0.5704 0 0.1)
(0.57 0 0.1)
(0.5696 0 0.1)
(0.5692 0 0.1)
(0.5688 0 0.1)
(0.5684 0 0.1)
(0.568 0 0.1)
(0.5676 0 0.1)
(0.5672 0 0.1)
(0.5668 0 0.1)
(0.5664 0 0.1)
(0.566 0 0.1)
(0.5656 0 0.1)
(0.5652 0 0.1)
(0.5648 0 0.1)
(0.5644 0 0.1)
(0.564 0 0.1)
(0.5636 0 0.1)
(0.5632 0 0.1)
(0.5628 0 0.1)
(0.5624 0 0.1)
(0.562 0 0.1)
(0.5616 0 0.1)
(0.5612 0 0.1)
(0.5608 0 0.1)
(0.5604 0 0.1)
(0.56 0 0.1)
(0.5796 0.0125 0.1)
(0.5792 0.0125 0.1)
(0.5788 0.0125 0.1)
(0.5784 0.0125 0.1)
(0.578 0.0125 0.1)
(0.5776 0.0125 0.1)
(0.5772 0.0125 0.1)
(0.5768 0.0125 0.1)
(0.5764 0.0125 0.1)
(0.576 0.0125 0.1)
(0.5756 0.0125 0.1)
(0.5752 0.0125 0.1)
(0.5748 0.0125 0.1)
(0.5744 0.0125 0.1)
(0.574 0.0125 0.1)
(0.5736 0.0125 0.1)
(0.5732 0.0125 0.1)
(0.5728 0.0125 0.1)
(0.5724 0.0125 0.1)
(0.572 0.0125 0.1)
(0.5716 0.0125 0.1)
(0.5712 0.0125 0.1)
(0.5708 0.0125 0.1)
(0.5704 0.0125 0.1)
(0.57 0.0125 0.1)
(0.5696 0.0125 0.1)
(0.5692 0.0125 0.1)
(0.5688 0.0125 0.1)
(0.5684 0.0125 0.1)
(0.568 0.0125 0.1)
(0.5676 0.0125 0.1)
(0.5672 0.0125 0.1)
(0.5668 0.0125 0.1)
(0.5664 0.0125 0.1)
(0.566 0.0125 0.1)
(0.5656 0.0125 0.1)
(0.5652 0.0125 0.1)
(0.5648 0.0125 0.1)
(0.5644 0.0125 0.1)
(0.564 0.0125 0.1)
(0.5636 0.0125 0.1)
(0.5632 0.0125 0.1)
(0.5628 0.0125 0.1)
(0.5624 0.0125 0.1)
(0.562 0.0125 0.1)
(0.5616 0.0125 0.1)
(0.5612 0.0125 0.1)
(0.5608 0.0125 0.1)
(0.5604 0.0125 0.1)
(0.56 0.0125 0.1)
(0.5796 0.0125 0)
(0.5792 0.0125 0)
(0.5788 0.0125 0)
(0.5784 0.0125 0)
(0.578 0.0125 0)
(0.5776 0.0125 0)
(0.5772 0.0125 0)
(0.5768 0.0125 0)
(0.5764 0.0125 0)
(0.576 0.0125 0)
(0.5756 0.0125 0)
(0.5752 0.0125 0)
(0.5748 0.0125 0)
(0.5744 0.0125 0)
(0.574 0.0125 0)
(0.5736 0.0125 0)
(0.5732 0.0125 0)
(0.5728 0.0125 0)
(0.5724 0.0125 0)
(0.572 0.0125 0)
(0.5716 0.0125 0)
(0.5712 0.0125 0)
(0.5708 0.0125 0)
(0.5704 0.0125 0)
(0.57 0.0125 0)
(0.5696 0.0125 0)
(0.5692 0.0125 0)
(0.5688 0.0125 0)
(0.5684 0.0125 0)
(0.568 0.0125 0)
(0.5676 0.0125 0)
(0.5672 0.0125 0)
(0.5668 0.0125 0)
(0.5664 0.0125 0)
(0.566 0.0125 0)
(0.5656 0.0125 0)
(0.5652 0.0125 0)
(0.5648 0.0125 0)
(0.5644 0.0125 0)
(0.564 0.0125 0)
(0.5636 0.0125 0)
(0.5632 0.0125 0)
(0.5628 0.0125 0)
(0.5624 0.0125 0)
(0.562 0.0125 0)
(0.5616 0.0125 0)
(0.5612 0.0125 0)
(0.5608 0.0125 0)
(0.5604 0.0125 0)
(0.56 0.0125 0)
(0.5796 0.025 0.1)
(0.5792 0.025 0.1)
(0.5788 0.025 0.1)
(0.5784 0.025 0.1)
(0.578 0.025 0.1)
(0.5776 0.025 0.1)
(0.5772 0.025 0.1)
(0.5768 0.025 0.1)
(0.5764 0.025 0.1)
(0.576 0.025 0.1)
(0.5756 0.025 0.1)
(0.5752 0.025 0.1)
(0.5748 0.025 0.1)
(0.5744 0.025 0.1)
(0.574 0.025 0.1)
(0.5736 0.025 0.1)
(0.5732 0.025 0.1)
(0.5728 0.025 0.1)
(0.5724 0.025 0.1)
(0.572 0.025 0.1)
(0.5716 0.025 0.1)
(0.5712 0.025 0.1)
(0.5708 0.025 0.1)
(0.5704 0.025 0.1)
(0.57 0.025 0.1)
(0.5696 0.025 0.1)
(0.5692 0.025 0.1)
(0.5688 0.025 0.1)
(0.5684 0.025 0.1)
(0.568 0.025 0.1)
(0.5676 0.025 0.1)
(0.5672 0.025 0.1)
(0.5668 0.025 0.1)
(0.5664 0.025 0.1)
(0.566 0.025 0.1)
(0.5656 0.025 0.1)
(0.5652 0.025 0.1)
(0.5648 0.025 0.1)
(0.5644 0.025 0.1)
(0.564 0.025 0.1)
(0.5636 0.025 0.1)
(0.5632 0.025 0.1)
(0.5628 0.025 0.1)
(0.5624 0.025 0.1)
(0.562 0.025 0.1)
(0.5616 0.025 0.1)
(0.5612 0.025 0.1)
(0.5608 0.025 0.1)
(0.5604 0.025 0.1)
(0.56 0.025 0.1)
(0.5796 0.025 0)
(0.5792 0.025 0)
(0.5788 0.025 0)
(0.5784 0.025 0)
(0.578 0.025 0)
(0.5776 0.025 0)
(0.5772 0.025 0)
(0.5768 0.025 0)
(0.5764 0.025 0)
(0.576 0.025 0)
(0.5756 0.025 0)
(0.5752 0.025 0)
(0.5748 0.025 0)
(0.5744 0.025 0)
(0.574 0.025 0)
(0.5736 0.025 0)
(0.5732 0.025 0)
(0.5728 0.025 0)
(0.5724 0.025 0)
(0.572 0.025 0)
(0.5716 0.025 0)
(0.5712 0.025 0)
(0.5708 0.025 0)
(0.5704 0.025 0)
(0.57 0.025 0)
(0.5696 0.025 0)
(0.5692 0.025 0)
(0.5688 0.025 0)
(0.5684 0.025 0)
(0.568 0.025 0)
(0.5676 0.025 0)
(0.5672 0.025 0)
(0.5668 0.025 0)
(0.5664 0.025 0)
(0.566 0.025 0)
(0.5656 0.025 0)
(0.5652 0.025 0)
(0.5648 0.025 0)
(0.5644 0.025 0)
(0.564 0.025 0)
(0.5636 0.025 0)
(0.5632 0.025 0)
(0.5628 0.025 0)
(0.5624 0.025 0)
(0.562 0.025 0)
(0.5616 0.025 0)
(0.5612 0.025 0)
(0.5608 0.025 0)
(0.5604 0.025 0)
(0.56 0.025 0)
(0.5796 0.0375 0.1)
(0.5792 0.0375 0.1)
(0.5788 0.0375 0.1)
(0.5784 0.0375 0.1)
(0.578 0.0375 0.1)
(0.5776 0.0375 0.1)
(0.5772 0.0375 0.1)
(0.5768 0.0375 0.1)
(0.5764 0.0375 0.1)
(0.576 0.0375 0.1)
(0.5756 0.0375 0.1)
(0.5752 0.0375 0.1)
(0.5748 0.0375 0.1)
(0.5744 0.0375 0.1)
(0.574 0.0375 0.1)
(0.5736 0.0375 0.1)
(0.5732 0.0375 0.1)
(0.5728 0.0375 0.1)
(0.5724 0.0375 0.1)
(0.572 0.0375 0.1)
(0.5716 0.0375 0.1)
(0.5712 0.0375 0.1)
(0.5708 0.0375 0.1)
(0.5704 0.0375 0.1)
(0.57 0.0375 0.1)
(0.5696 0.0375 0.1)
(0.5692 0.0375 0.1)
(0.5688 0.0375 0.1)
(0.5684 0.0375 0.1)
(0.568 0.0375 0.1)
(0.5676 0.0375 0.1)
(0.5672 0.0375 0.1)
(0.5668 0.0375 0.1)
(0.5664 0.0375 0.1)
(0.566 0.0375 0.1)
(0.5656 0.0375 0.1)
(0.5652 0.0375 0.1)
(0.5648 0.0375 0.1)
(0.5644 0.0375 0.1)
(0.564 0.0375 0.1)
(0.5636 0.0375 0.1)
(0.5632 0.0375 0.1)
(0.5628 0.0375 0.1)
(0.5624 0.0375 0.1)
(0.562 0.0375 0.1)
(0.5616 0.0375 0.1)
(0.5612 0.0375 0.1)
(0.5608 0.0375 0.1)
(0.5604 0.0375 0.1)
(0.56 0.0375 0.1)
(0.5796 0.0375 0)
(0.5792 0.0375 0)
(0.5788 0.0375 0)
(0.5784 0.0375 0)
(0.578 0.0375 0)
(0.5776 0.0375 0)
(0.5772 0.0375 0)
(0.5768 0.0375 0)
(0.5764 0.0375 0)
(0.576 0.0375 0)
(0.5756 0.0375 0)
(0.5752 0.0375 0)
(0.5748 0.0375 0)
(0.5744 0.0375 0)
(0.574 0.0375 0)
(0.5736 0.0375 0)
(0.5732 0.0375 0)
(0.5728 0.0375 0)
(0.5724 0.0375 0)
(0.572 0.0375 0)
(0.5716 0.0375 0)
(0.5712 0.0375 0)
(0.5708 0.0375 0)
(0.5704 0.0375 0)
(0.57 0.0375 0)
(0.5696 0.0375 0)
(0.5692 0.0375 0)
(0.5688 0.0375 0)
(0.5684 0.0375 0)
(0.568 0.0375 0)
(0.5676 0.0375 0)
(0.5672 0.0375 0)
(0.5668 0.0375 0)
(0.5664 0.0375 0)
(0.566 0.0375 0)
(0.5656 0.0375 0)
(0.5652 0.0375 0)
(0.5648 0.0375 0)
(0.5644 0.0375 0)
(0.564 0.0375 0)
(0.5636 0.0375 0)
(0.5632 0.0375 0)
(0.5628 0.0375 0)
(0.5624 0.0375 0)
(0.562 0.0375 0)
(0.5616 0.0375 0)
(0.5612 0.0375 0)
(0.5608 0.0375 0)
(0.5604 0.0375 0)
(0.56 0.0375 0)
(0.5796 0.05 0.1)
(0.5792 0.05 0.1)
(0.5788 0.05 0.1)
(0.5784 0.05 0.1)
(0.578 0.05 0.1)
(0.5776 0.05 0.1)
(0.5772 0.05 0.1)
(0.5768 0.05 0.1)
(0.5764 0.05 0.1)
(0.576 0.05 0.1)
(0.5756 0.05 0.1)
(0.5752 0.05 0.1)
(0.5748 0.05 0.1)
(0.5744 0.05 0.1)
(0.574 0.05 0.1)
(0.5736 0.05 0.1)
(0.5732 0.05 0.1)
(0.5728 0.05 0.1)
(0.5724 0.05 0.1)
(0.572 0.05 0.1)
(0.5716 0.05 0.1)
(0.5712 0.05 0.1)
(0.5708 0.05 0.1)
(0.5704 0.05 0.1)
(0.57 0.05 0.1)
(0.5696 0.05 0.1)
(0.5692 0.05 0.1)
(0.5688 0.05 0.1)
(0.5684 0.05 0.1)
(0.568 0.05 0.1)
(0.5676 0.05 0.1)
(0.5672 0.05 0.1)
(0.5668 0.05 0.1)
(0.5664 0.05 0.1)
(0.566 0.05 0.1)
(0.5656 0.05 0.1)
(0.5652 0.05 0.1)
(0.5648 0.05 0.1)
(0.5644 0.05 0.1)
(0.564 0.05 0.1)
(0.5636 0.05 0.1)
(0.5632 0.05 0.1)
(0.5628 0.05 0.1)
(0.5624 0.05 0.1)
(0.562 0.05 0.1)
(0.5616 0.05 0.1)
(0.5612 0.05 0.1)
(0.5608 0.05 0.1)
(0.5604 0.05 0.1)
(0.56 0.05 0.1)
(0.5796 0.05 0)
(0.5792 0.05 0)
(0.5788 0.05 0)
(0.5784 0.05 0)
(0.578 0.05 0)
(0.5776 0.05 0)
(0.5772 0.05 0)
(0.5768 0.05 0)
(0.5764 0.05 0)
(0.576 0.05 0)
(0.5756 0.05 0)
(0.5752 0.05 0)
(0.5748 0.05 0)
(0.5744 0.05 0)
(0.574 0.05 0)
(0.5736 0.05 0)
(0.5732 0.05 0)
(0.5728 0.05 0)
(0.5724 0.05 0)
(0.572 0.05 0)
(0.5716 0.05 0)
(0.5712 0.05 0)
(0.5708 0.05 0)
(0.5704 0.05 0)
(0.57 0.05 0)
(0.5696 0.05 0)
(0.5692 0.05 0)
(0.5688 0.05 0)
(0.5684 0.05 0)
(0.568 0.05 0)
(0.5676 0.05 0)
(0.5672 0.05 0)
(0.5668 0.05 0)
(0.5664 0.05 0)
(0.566 0.05 0)
(0.5656 0.05 0)
(0.5652 0.05 0)
(0.5648 0.05 0)
(0.5644 0.05 0)
(0.564 0.05 0)
(0.5636 0.05 0)
(0.5632 0.05 0)
(0.5628 0.05 0)
(0.5624 0.05 0)
(0.562 0.05 0)
(0.5616 0.05 0)
(0.5612 0.05 0)
(0.5608 0.05 0)
(0.5604 0.05 0)
(0.56 0.05 0)
(0.5796 0.0625 0.1)
(0.5792 0.0625 0.1)
(0.5788 0.0625 0.1)
(0.5784 0.0625 0.1)
(0.578 0.0625 0.1)
(0.5776 0.0625 0.1)
(0.5772 0.0625 0.1)
(0.5768 0.0625 0.1)
(0.5764 0.0625 0.1)
(0.576 0.0625 0.1)
(0.5756 0.0625 0.1)
(0.5752 0.0625 0.1)
(0.5748 0.0625 0.1)
(0.5744 0.0625 0.1)
(0.574 0.0625 0.1)
(0.5736 0.0625 0.1)
(0.5732 0.0625 0.1)
(0.5728 0.0625 0.1)
(0.5724 0.0625 0.1)
(0.572 0.0625 0.1)
(0.5716 0.0625 0.1)
(0.5712 0.0625 0.1)
(0.5708 0.0625 0.1)
(0.5704 0.0625 0.1)
(0.57 0.0625 0.1)
(0.5696 0.0625 0.1)
(0.5692 0.0625 0.1)
(0.5688 0.0625 0.1)
(0.5684 0.0625 0.1)
(0.568 0.0625 0.1)
(0.5676 0.0625 0.1)
(0.5672 0.0625 0.1)
(0.5668 0.0625 0.1)
(0.5664 0.0625 0.1)
(0.566 0.0625 0.1)
(0.5656 0.0625 0.1)
(0.5652 0.0625 0.1)
(0.5648 0.0625 0.1)
(0.5644 0.0625 0.1)
(0.564 0.0625 0.1)
(0.5636 0.0625 0.1)
(0.5632 0.0625 0.1)
(0.5628 0.0625 0.1)
(0.5624 0.0625 0.1)
(0.562 0.0625 0.1)
(0.5616 0.0625 0.1)
(0.5612 0.0625 0.1)
(0.5608 0.0625 0.1)
(0.5604 0.0625 0.1)
(0.56 0.0625 0.1)
(0.5796 0.0625 0)
(0.5792 0.0625 0)
(0.5788 0.0625 0)
(0.5784 0.0625 0)
(0.578 0.0625 0)
(0.5776 0.0625 0)
(0.5772 0.0625 0)
(0.5768 0.0625 0)
(0.5764 0.0625 0)
(0.576 0.0625 0)
(0.5756 0.0625 0)
(0.5752 0.0625 0)
(0.5748 0.0625 0)
(0.5744 0.0625 0)
(0.574 0.0625 0)
(0.5736 0.0625 0)
(0.5732 0.0625 0)
(0.5728 0.0625 0)
(0.5724 0.0625 0)
(0.572 0.0625 0)
(0.5716 0.0625 0)
(0.5712 0.0625 0)
(0.5708 0.0625 0)
(0.5704 0.0625 0)
(0.57 0.0625 0)
(0.5696 0.0625 0)
(0.5692 0.0625 0)
(0.5688 0.0625 0)
(0.5684 0.0625 0)
(0.568 0.0625 0)
(0.5676 0.0625 0)
(0.5672 0.0625 0)
(0.5668 0.0625 0)
(0.5664 0.0625 0)
(0.566 0.0625 0)
(0.5656 0.0625 0)
(0.5652 0.0625 0)
(0.5648 0.0625 0)
(0.5644 0.0625 0)
(0.564 0.0625 0)
(0.5636 0.0625 0)
(0.5632 0.0625 0)
(0.5628 0.0625 0)
(0.5624 0.0625 0)
(0.562 0.0625 0)
(0.5616 0.0625 0)
(0.5612 0.0625 0)
(0.5608 0.0625 0)
(0.5604 0.0625 0)
(0.56 0.0625 0)
(0.5796 0.075 0.1)
(0.5792 0.075 0.1)
(0.5788 0.075 0.1)
(0.5784 0.075 0.1)
(0.578 0.075 0.1)
(0.5776 0.075 0.1)
(0.5772 0.075 0.1)
(0.5768 0.075 0.1)
(0.5764 0.075 0.1)
(0.576 0.075 0.1)
(0.5756 0.075 0.1)
(0.5752 0.075 0.1)
(0.5748 0.075 0.1)
(0.5744 0.075 0.1)
(0.574 0.075 0.1)
(0.5736 0.075 0.1)
(0.5732 0.075 0.1)
(0.5728 0.075 0.1)
(0.5724 0.075 0.1)
(0.572 0.075 0.1)
(0.5716 0.075 0.1)
(0.5712 0.075 0.1)
(0.5708 0.075 0.1)
(0.5704 0.075 0.1)
(0.57 0.075 0.1)
(0.5696 0.075 0.1)
(0.5692 0.075 0.1)
(0.5688 0.075 0.1)
(0.5684 0.075 0.1)
(0.568 0.075 0.1)
(0.5676 0.075 0.1)
(0.5672 0.075 0.1)
(0.5668 0.075 0.1)
(0.5664 0.075 0.1)
(0.566 0.075 0.1)
(0.5656 0.075 0.1)
(0.5652 0.075 0.1)
(0.5648 0.075 0.1)
(0.5644 0.075 0.1)
(0.564 0.075 0.1)
(0.5636 0.075 0.1)
(0.5632 0.075 0.1)
(0.5628 0.075 0.1)
(0.5624 0.075 0.1)
(0.562 0.075 0.1)
(0.5616 0.075 0.1)
(0.5612 0.075 0.1)
(0.5608 0.075 0.1)
(0.5604 0.075 0.1)
(0.56 0.075 0.1)
(0.5796 0.075 0)
(0.5792 0.075 0)
(0.5788 0.075 0)
(0.5784 0.075 0)
(0.578 0.075 0)
(0.5776 0.075 0)
(0.5772 0.075 0)
(0.5768 0.075 0)
(0.5764 0.075 0)
(0.576 0.075 0)
(0.5756 0.075 0)
(0.5752 0.075 0)
(0.5748 0.075 0)
(0.5744 0.075 0)
(0.574 0.075 0)
(0.5736 0.075 0)
(0.5732 0.075 0)
(0.5728 0.075 0)
(0.5724 0.075 0)
(0.572 0.075 0)
(0.5716 0.075 0)
(0.5712 0.075 0)
(0.5708 0.075 0)
(0.5704 0.075 0)
(0.57 0.075 0)
(0.5696 0.075 0)
(0.5692 0.075 0)
(0.5688 0.075 0)
(0.5684 0.075 0)
(0.568 0.075 0)
(0.5676 0.075 0)
(0.5672 0.075 0)
(0.5668 0.075 0)
(0.5664 0.075 0)
(0.566 0.075 0)
(0.5656 0.075 0)
(0.5652 0.075 0)
(0.5648 0.075 0)
(0.5644 0.075 0)
(0.564 0.075 0)
(0.5636 0.075 0)
(0.5632 0.075 0)
(0.5628 0.075 0)
(0.5624 0.075 0)
(0.562 0.075 0)
(0.5616 0.075 0)
(0.5612 0.075 0)
(0.5608 0.075 0)
(0.5604 0.075 0)
(0.56 0.075 0)
(0.5796 0.0875 0.1)
(0.5792 0.0875 0.1)
(0.5788 0.0875 0.1)
(0.5784 0.0875 0.1)
(0.578 0.0875 0.1)
(0.5776 0.0875 0.1)
(0.5772 0.0875 0.1)
(0.5768 0.0875 0.1)
(0.5764 0.0875 0.1)
(0.576 0.0875 0.1)
(0.5756 0.0875 0.1)
(0.5752 0.0875 0.1)
(0.5748 0.0875 0.1)
(0.5744 0.0875 0.1)
(0.574 0.0875 0.1)
(0.5736 0.0875 0.1)
(0.5732 0.0875 0.1)
(0.5728 0.0875 0.1)
(0.5724 0.0875 0.1)
(0.572 0.0875 0.1)
(0.5716 0.0875 0.1)
(0.5712 0.0875 0.1)
(0.5708 0.0875 0.1)
(0.5704 0.0875 0.1)
(0.57 0.0875 0.1)
(0.5696 0.0875 0.1)
(0.5692 0.0875 0.1)
(0.5688 0.0875 0.1)
(0.5684 0.0875 0.1)
(0.568 0.0875 0.1)
(0.5676 0.0875 0.1)
(0.5672 0.0875 0.1)
(0.5668 0.0875 0.1)
(0.5664 0.0875 0.1)
(0.566 0.0875 0.1)
(0.5656 0.0875 0.1)
(0.5652 0.0875 0.1)
(0.5648 0.0875 0.1)
(0.5644 0.0875 0.1)
(0.564 0.0875 0.1)
(0.5636 0.0875 0.1)
(0.5632 0.0875 0.1)
(0.5628 0.0875 0.1)
(0.5624 0.0875 0.1)
(0.562 0.0875 0.1)
(0.5616 0.0875 0.1)
(0.5612 0.0875 0.1)
(0.5608 0.0875 0.1)
(0.5604 0.0875 0.1)
(0.56 0.0875 0.1)
(0.5796 0.0875 0)
(0.5792 0.0875 0)
(0.5788 0.0875 0)
(0.5784 0.0875 0)
(0.578 0.0875 0)
(0.5776 0.0875 0)
(0.5772 0.0875 0)
(0.5768 0.0875 0)
(0.5764 0.0875 0)
(0.576 0.0875 0)
(0.5756 0.0875 0)
(0.5752 0.0875 0)
(0.5748 0.0875 0)
(0.5744 0.0875 0)
(0.574 0.0875 0)
(0.5736 0.0875 0)
(0.5732 0.0875 0)
(0.5728 0.0875 0)
(0.5724 0.0875 0)
(0.572 0.0875 0)
(0.5716 0.0875 0)
(0.5712 0.0875 0)
(0.5708 0.0875 0)
(0.5704 0.0875 0)
(0.57 0.0875 0)
(0.5696 0.0875 0)
(0.5692 0.0875 0)
(0.5688 0.0875 0)
(0.5684 0.0875 0)
(0.568 0.0875 0)
(0.5676 0.0875 0)
(0.5672 0.0875 0)
(0.5668 0.0875 0)
(0.5664 0.0875 0)
(0.566 0.0875 0)
(0.5656 0.0875 0)
(0.5652 0.0875 0)
(0.5648 0.0875 0)
(0.5644 0.0875 0)
(0.564 0.0875 0)
(0.5636 0.0875 0)
(0.5632 0.0875 0)
(0.5628 0.0875 0)
(0.5624 0.0875 0)
(0.562 0.0875 0)
(0.5616 0.0875 0)
(0.5612 0.0875 0)
(0.5608 0.0875 0)
(0.5604 0.0875 0)
(0.56 0.0875 0)
(0.5796 0.1 0.1)
(0.5792 0.1 0.1)
(0.5788 0.1 0.1)
(0.5784 0.1 0.1)
(0.578 0.1 0.1)
(0.5776 0.1 0.1)
(0.5772 0.1 0.1)
(0.5768 0.1 0.1)
(0.5764 0.1 0.1)
(0.576 0.1 0.1)
(0.5756 0.1 0.1)
(0.5752 0.1 0.1)
(0.5748 0.1 0.1)
(0.5744 0.1 0.1)
(0.574 0.1 0.1)
(0.5736 0.1 0.1)
(0.5732 0.1 0.1)
(0.5728 0.1 0.1)
(0.5724 0.1 0.1)
(0.572 0.1 0.1)
(0.5716 0.1 0.1)
(0.5712 0.1 0.1)
(0.5708 0.1 0.1)
(0.5704 0.1 0.1)
(0.57 0.1 0.1)
(0.5696 0.1 0.1)
(0.5692 0.1 0.1)
(0.5688 0.1 0.1)
(0.5684 0.1 0.1)
(0.568 0.1 0.1)
(0.5676 0.1 0.1)
(0.5672 0.1 0.1)
(0.5668 0.1 0.1)
(0.5664 0.1 0.1)
(0.566 0.1 0.1)
(0.5656 0.1 0.1)
(0.5652 0.1 0.1)
(0.5648 0.1 0.1)
(0.5644 0.1 0.1)
(0.564 0.1 0.1)
(0.5636 0.1 0.1)
(0.5632 0.1 0.1)
(0.5628 0.1 0.1)
(0.5624 0.1 0.1)
(0.562 0.1 0.1)
(0.5616 0.1 0.1)
(0.5612 0.1 0.1)
(0.5608 0.1 0.1)
(0.5604 0.1 0.1)
(0.56 0.1 0.1)
(0.5796 0.1 0)
(0.5792 0.1 0)
(0.5788 0.1 0)
(0.5784 0.1 0)
(0.578 0.1 0)
(0.5776 0.1 0)
(0.5772 0.1 0)
(0.5768 0.1 0)
(0.5764 0.1 0)
(0.576 0.1 0)
(0.5756 0.1 0)
(0.5752 0.1 0)
(0.5748 0.1 0)
(0.5744 0.1 0)
(0.574 0.1 0)
(0.5736 0.1 0)
(0.5732 0.1 0)
(0.5728 0.1 0)
(0.5724 0.1 0)
(0.572 0.1 0)
(0.5716 0.1 0)
(0.5712 0.1 0)
(0.5708 0.1 0)
(0.5704 0.1 0)
(0.57 0.1 0)
(0.5696 0.1 0)
(0.5692 0.1 0)
(0.5688 0.1 0)
(0.5684 0.1 0)
(0.568 0.1 0)
(0.5676 0.1 0)
(0.5672 0.1 0)
(0.5668 0.1 0)
(0.5664 0.1 0)
(0.566 0.1 0)
(0.5656 0.1 0)
(0.5652 0.1 0)
(0.5648 0.1 0)
(0.5644 0.1 0)
(0.564 0.1 0)
(0.5636 0.1 0)
(0.5632 0.1 0)
(0.5628 0.1 0)
(0.5624 0.1 0)
(0.562 0.1 0)
(0.5616 0.1 0)
(0.5612 0.1 0)
(0.5608 0.1 0)
(0.5604 0.1 0)
(0.56 0.1 0)
(0.5796 0.1125 0.1)
(0.5792 0.1125 0.1)
(0.5788 0.1125 0.1)
(0.5784 0.1125 0.1)
(0.578 0.1125 0.1)
(0.5776 0.1125 0.1)
(0.5772 0.1125 0.1)
(0.5768 0.1125 0.1)
(0.5764 0.1125 0.1)
(0.576 0.1125 0.1)
(0.5756 0.1125 0.1)
(0.5752 0.1125 0.1)
(0.5748 0.1125 0.1)
(0.5744 0.1125 0.1)
(0.574 0.1125 0.1)
(0.5736 0.1125 0.1)
(0.5732 0.1125 0.1)
(0.5728 0.1125 0.1)
(0.5724 0.1125 0.1)
(0.572 0.1125 0.1)
(0.5716 0.1125 0.1)
(0.5712 0.1125 0.1)
(0.5708 0.1125 0.1)
(0.5704 0.1125 0.1)
(0.57 0.1125 0.1)
(0.5696 0.1125 0.1)
(0.5692 0.1125 0.1)
(0.5688 0.1125 0.1)
(0.5684 0.1125 0.1)
(0.568 0.1125 0.1)
(0.5676 0.1125 0.1)
(0.5672 0.1125 0.1)
(0.5668 0.1125 0.1)
(0.5664 0.1125 0.1)
(0.566 0.1125 0.1)
(0.5656 0.1125 0.1)
(0.5652 0.1125 0.1)
(0.5648 0.1125 0.1)
(0.5644 0.1125 0.1)
(0.564 0.1125 0.1)
(0.5636 0.1125 0.1)
(0.5632 0.1125 0.1)
(0.5628 0.1125 0.1)
(0.5624 0.1125 0.1)
(0.562 0.1125 0.1)
(0.5616 0.1125 0.1)
(0.5612 0.1125 0.1)
(0.5608 0.1125 0.1)
(0.5604 0.1125 0.1)
(0.56 0.1125 0.1)
(0.5796 0.1125 0)
(0.5792 0.1125 0)
(0.5788 0.1125 0)
(0.5784 0.1125 0)
(0.578 0.1125 0)
(0.5776 0.1125 0)
(0.5772 0.1125 0)
(0.5768 0.1125 0)
(0.5764 0.1125 0)
(0.576 0.1125 0)
(0.5756 0.1125 0)
(0.5752 0.1125 0)
(0.5748 0.1125 0)
(0.5744 0.1125 0)
(0.574 0.1125 0)
(0.5736 0.1125 0)
(0.5732 0.1125 0)
(0.5728 0.1125 0)
(0.5724 0.1125 0)
(0.572 0.1125 0)
(0.5716 0.1125 0)
(0.5712 0.1125 0)
(0.5708 0.1125 0)
(0.5704 0.1125 0)
(0.57 0.1125 0)
(0.5696 0.1125 0)
(0.5692 0.1125 0)
(0.5688 0.1125 0)
(0.5684 0.1125 0)
(0.568 0.1125 0)
(0.5676 0.1125 0)
(0.5672 0.1125 0)
(0.5668 0.1125 0)
(0.5664 0.1125 0)
(0.566 0.1125 0)
(0.5656 0.1125 0)
(0.5652 0.1125 0)
(0.5648 0.1125 0)
(0.5644 0.1125 0)
(0.564 0.1125 0)
(0.5636 0.1125 0)
(0.5632 0.1125 0)
(0.5628 0.1125 0)
(0.5624 0.1125 0)
(0.562 0.1125 0)
(0.5616 0.1125 0)
(0.5612 0.1125 0)
(0.5608 0.1125 0)
(0.5604 0.1125 0)
(0.56 0.1125 0)
(0.5796 0.125 0.1)
(0.5792 0.125 0.1)
(0.5788 0.125 0.1)
(0.5784 0.125 0.1)
(0.578 0.125 0.1)
(0.5776 0.125 0.1)
(0.5772 0.125 0.1)
(0.5768 0.125 0.1)
(0.5764 0.125 0.1)
(0.576 0.125 0.1)
(0.5756 0.125 0.1)
(0.5752 0.125 0.1)
(0.5748 0.125 0.1)
(0.5744 0.125 0.1)
(0.574 0.125 0.1)
(0.5736 0.125 0.1)
(0.5732 0.125 0.1)
(0.5728 0.125 0.1)
(0.5724 0.125 0.1)
(0.572 0.125 0.1)
(0.5716 0.125 0.1)
(0.5712 0.125 0.1)
(0.5708 0.125 0.1)
(0.5704 0.125 0.1)
(0.57 0.125 0.1)
(0.5696 0.125 0.1)
(0.5692 0.125 0.1)
(0.5688 0.125 0.1)
(0.5684 0.125 0.1)
(0.568 0.125 0.1)
(0.5676 0.125 0.1)
(0.5672 0.125 0.1)
(0.5668 0.125 0.1)
(0.5664 0.125 0.1)
(0.566 0.125 0.1)
(0.5656 0.125 0.1)
(0.5652 0.125 0.1)
(0.5648 0.125 0.1)
(0.5644 0.125 0.1)
(0.564 0.125 0.1)
(0.5636 0.125 0.1)
(0.5632 0.125 0.1)
(0.5628 0.125 0.1)
(0.5624 0.125 0.1)
(0.562 0.125 0.1)
(0.5616 0.125 0.1)
(0.5612 0.125 0.1)
(0.5608 0.125 0.1)
(0.5604 0.125 0.1)
(0.56 0.125 0.1)
(0.5796 0.125 0)
(0.5792 0.125 0)
(0.5788 0.125 0)
(0.5784 0.125 0)
(0.578 0.125 0)
(0.5776 0.125 0)
(0.5772 0.125 0)
(0.5768 0.125 0)
(0.5764 0.125 0)
(0.576 0.125 0)
(0.5756 0.125 0)
(0.5752 0.125 0)
(0.5748 0.125 0)
(0.5744 0.125 0)
(0.574 0.125 0)
(0.5736 0.125 0)
(0.5732 0.125 0)
(0.5728 0.125 0)
(0.5724 0.125 0)
(0.572 0.125 0)
(0.5716 0.125 0)
(0.5712 0.125 0)
(0.5708 0.125 0)
(0.5704 0.125 0)
(0.57 0.125 0)
(0.5696 0.125 0)
(0.5692 0.125 0)
(0.5688 0.125 0)
(0.5684 0.125 0)
(0.568 0.125 0)
(0.5676 0.125 0)
(0.5672 0.125 0)
(0.5668 0.125 0)
(0.5664 0.125 0)
(0.566 0.125 0)
(0.5656 0.125 0)
(0.5652 0.125 0)
(0.5648 0.125 0)
(0.5644 0.125 0)
(0.564 0.125 0)
(0.5636 0.125 0)
(0.5632 0.125 0)
(0.5628 0.125 0)
(0.5624 0.125 0)
(0.562 0.125 0)
(0.5616 0.125 0)
(0.5612 0.125 0)
(0.5608 0.125 0)
(0.5604 0.125 0)
(0.56 0.125 0)
(0.5796 0.1375 0.1)
(0.5792 0.1375 0.1)
(0.5788 0.1375 0.1)
(0.5784 0.1375 0.1)
(0.578 0.1375 0.1)
(0.5776 0.1375 0.1)
(0.5772 0.1375 0.1)
(0.5768 0.1375 0.1)
(0.5764 0.1375 0.1)
(0.576 0.1375 0.1)
(0.5756 0.1375 0.1)
(0.5752 0.1375 0.1)
(0.5748 0.1375 0.1)
(0.5744 0.1375 0.1)
(0.574 0.1375 0.1)
(0.5736 0.1375 0.1)
(0.5732 0.1375 0.1)
(0.5728 0.1375 0.1)
(0.5724 0.1375 0.1)
(0.572 0.1375 0.1)
(0.5716 0.1375 0.1)
(0.5712 0.1375 0.1)
(0.5708 0.1375 0.1)
(0.5704 0.1375 0.1)
(0.57 0.1375 0.1)
(0.5696 0.1375 0.1)
(0.5692 0.1375 0.1)
(0.5688 0.1375 0.1)
(0.5684 0.1375 0.1)
(0.568 0.1375 0.1)
(0.5676 0.1375 0.1)
(0.5672 0.1375 0.1)
(0.5668 0.1375 0.1)
(0.5664 0.1375 0.1)
(0.566 0.1375 0.1)
(0.5656 0.1375 0.1)
(0.5652 0.1375 0.1)
(0.5648 0.1375 0.1)
(0.5644 0.1375 0.1)
(0.564 0.1375 0.1)
(0.5636 0.1375 0.1)
(0.5632 0.1375 0.1)
(0.5628 0.1375 0.1)
(0.5624 0.1375 0.1)
(0.562 0.1375 0.1)
(0.5616 0.1375 0.1)
(0.5612 0.1375 0.1)
(0.5608 0.1375 0.1)
(0.5604 0.1375 0.1)
(0.56 0.1375 0.1)
(0.5796 0.1375 0)
(0.5792 0.1375 0)
(0.5788 0.1375 0)
(0.5784 0.1375 0)
(0.578 0.1375 0)
(0.5776 0.1375 0)
(0.5772 0.1375 0)
(0.5768 0.1375 0)
(0.5764 0.1375 0)
(0.576 0.1375 0)
(0.5756 0.1375 0)
(0.5752 0.1375 0)
(0.5748 0.1375 0)
(0.5744 0.1375 0)
(0.574 0.1375 0)
(0.5736 0.1375 0)
(0.5732 0.1375 0)
(0.5728 0.1375 0)
(0.5724 0.1375 0)
(0.572 0.1375 0)
(0.5716 0.1375 0)
(0.5712 0.1375 0)
(0.5708 0.1375 0)
(0.5704 0.1375 0)
(0.57 0.1375 0)
(0.5696 0.1375 0)
(0.5692 0.1375 0)
(0.5688 0.1375 0)
(0.5684 0.1375 0)
(0.568 0.1375 0)
(0.5676 0.1375 0)
(0.5672 0.1375 0)
(0.5668 0.1375 0)
(0.5664 0.1375 0)
(0.566 0.1375 0)
(0.5656 0.1375 0)
(0.5652 0.1375 0)
(0.5648 0.1375 0)
(0.5644 0.1375 0)
(0.564 0.1375 0)
(0.5636 0.1375 0)
(0.5632 0.1375 0)
(0.5628 0.1375 0)
(0.5624 0.1375 0)
(0.562 0.1375 0)
(0.5616 0.1375 0)
(0.5612 0.1375 0)
(0.5608 0.1375 0)
(0.5604 0.1375 0)
(0.56 0.1375 0)
(0.5796 0.15 0.1)
(0.5792 0.15 0.1)
(0.5788 0.15 0.1)
(0.5784 0.15 0.1)
(0.578 0.15 0.1)
(0.5776 0.15 0.1)
(0.5772 0.15 0.1)
(0.5768 0.15 0.1)
(0.5764 0.15 0.1)
(0.576 0.15 0.1)
(0.5756 0.15 0.1)
(0.5752 0.15 0.1)
(0.5748 0.15 0.1)
(0.5744 0.15 0.1)
(0.574 0.15 0.1)
(0.5736 0.15 0.1)
(0.5732 0.15 0.1)
(0.5728 0.15 0.1)
(0.5724 0.15 0.1)
(0.572 0.15 0.1)
(0.5716 0.15 0.1)
(0.5712 0.15 0.1)
(0.5708 0.15 0.1)
(0.5704 0.15 0.1)
(0.57 0.15 0.1)
(0.5696 0.15 0.1)
(0.5692 0.15 0.1)
(0.5688 0.15 0.1)
(0.5684 0.15 0.1)
(0.568 0.15 0.1)
(0.5676 0.15 0.1)
(0.5672 0.15 0.1)
(0.5668 0.15 0.1)
(0.5664 0.15 0.1)
(0.566 0.15 0.1)
(0.5656 0.15 0.1)
(0.5652 0.15 0.1)
(0.5648 0.15 0.1)
(0.5644 0.15 0.1)
(0.564 0.15 0.1)
(0.5636 0.15 0.1)
(0.5632 0.15 0.1)
(0.5628 0.15 0.1)
(0.5624 0.15 0.1)
(0.562 0.15 0.1)
(0.5616 0.15 0.1)
(0.5612 0.15 0.1)
(0.5608 0.15 0.1)
(0.5604 0.15 0.1)
(0.56 0.15 0.1)
(0.5796 0.15 0)
(0.5792 0.15 0)
(0.5788 0.15 0)
(0.5784 0.15 0)
(0.578 0.15 0)
(0.5776 0.15 0)
(0.5772 0.15 0)
(0.5768 0.15 0)
(0.5764 0.15 0)
(0.576 0.15 0)
(0.5756 0.15 0)
(0.5752 0.15 0)
(0.5748 0.15 0)
(0.5744 0.15 0)
(0.574 0.15 0)
(0.5736 0.15 0)
(0.5732 0.15 0)
(0.5728 0.15 0)
(0.5724 0.15 0)
(0.572 0.15 0)
(0.5716 0.15 0)
(0.5712 0.15 0)
(0.5708 0.15 0)
(0.5704 0.15 0)
(0.57 0.15 0)
(0.5696 0.15 0)
(0.5692 0.15 0)
(0.5688 0.15 0)
(0.5684 0.15 0)
(0.568 0.15 0)
(0.5676 0.15 0)
(0.5672 0.15 0)
(0.5668 0.15 0)
(0.5664 0.15 0)
(0.566 0.15 0)
(0.5656 0.15 0)
(0.5652 0.15 0)
(0.5648 0.15 0)
(0.5644 0.15 0)
(0.564 0.15 0)
(0.5636 0.15 0)
(0.5632 0.15 0)
(0.5628 0.15 0)
(0.5624 0.15 0)
(0.562 0.15 0)
(0.5616 0.15 0)
(0.5612 0.15 0)
(0.5608 0.15 0)
(0.5604 0.15 0)
(0.56 0.15 0)
(0.5796 0.1625 0.1)
(0.5792 0.1625 0.1)
(0.5788 0.1625 0.1)
(0.5784 0.1625 0.1)
(0.578 0.1625 0.1)
(0.5776 0.1625 0.1)
(0.5772 0.1625 0.1)
(0.5768 0.1625 0.1)
(0.5764 0.1625 0.1)
(0.576 0.1625 0.1)
(0.5756 0.1625 0.1)
(0.5752 0.1625 0.1)
(0.5748 0.1625 0.1)
(0.5744 0.1625 0.1)
(0.574 0.1625 0.1)
(0.5736 0.1625 0.1)
(0.5732 0.1625 0.1)
(0.5728 0.1625 0.1)
(0.5724 0.1625 0.1)
(0.572 0.1625 0.1)
(0.5716 0.1625 0.1)
(0.5712 0.1625 0.1)
(0.5708 0.1625 0.1)
(0.5704 0.1625 0.1)
(0.57 0.1625 0.1)
(0.5696 0.1625 0.1)
(0.5692 0.1625 0.1)
(0.5688 0.1625 0.1)
(0.5684 0.1625 0.1)
(0.568 0.1625 0.1)
(0.5676 0.1625 0.1)
(0.5672 0.1625 0.1)
(0.5668 0.1625 0.1)
(0.5664 0.1625 0.1)
(0.566 0.1625 0.1)
(0.5656 0.1625 0.1)
(0.5652 0.1625 0.1)
(0.5648 0.1625 0.1)
(0.5644 0.1625 0.1)
(0.564 0.1625 0.1)
(0.5636 0.1625 0.1)
(0.5632 0.1625 0.1)
(0.5628 0.1625 0.1)
(0.5624 0.1625 0.1)
(0.562 0.1625 0.1)
(0.5616 0.1625 0.1)
(0.5612 0.1625 0.1)
(0.5608 0.1625 0.1)
(0.5604 0.1625 0.1)
(0.56 0.1625 0.1)
(0.5796 0.1625 0)
(0.5792 0.1625 0)
(0.5788 0.1625 0)
(0.5784 0.1625 0)
(0.578 0.1625 0)
(0.5776 0.1625 0)
(0.5772 0.1625 0)
(0.5768 0.1625 0)
(0.5764 0.1625 0)
(0.576 0.1625 0)
(0.5756 0.1625 0)
(0.5752 0.1625 0)
(0.5748 0.1625 0)
(0.5744 0.1625 0)
(0.574 0.1625 0)
(0.5736 0.1625 0)
(0.5732 0.1625 0)
(0.5728 0.1625 0)
(0.5724 0.1625 0)
(0.572 0.1625 0)
(0.5716 0.1625 0)
(0.5712 0.1625 0)
(0.5708 0.1625 0)
(0.5704 0.1625 0)
(0.57 0.1625 0)
(0.5696 0.1625 0)
(0.5692 0.1625 0)
(0.5688 0.1625 0)
(0.5684 0.1625 0)
(0.568 0.1625 0)
(0.5676 0.1625 0)
(0.5672 0.1625 0)
(0.5668 0.1625 0)
(0.5664 0.1625 0)
(0.566 0.1625 0)
(0.5656 0.1625 0)
(0.5652 0.1625 0)
(0.5648 0.1625 0)
(0.5644 0.1625 0)
(0.564 0.1625 0)
(0.5636 0.1625 0)
(0.5632 0.1625 0)
(0.5628 0.1625 0)
(0.5624 0.1625 0)
(0.562 0.1625 0)
(0.5616 0.1625 0)
(0.5612 0.1625 0)
(0.5608 0.1625 0)
(0.5604 0.1625 0)
(0.56 0.1625 0)
(0.5796 0.175 0.1)
(0.5792 0.175 0.1)
(0.5788 0.175 0.1)
(0.5784 0.175 0.1)
(0.578 0.175 0.1)
(0.5776 0.175 0.1)
(0.5772 0.175 0.1)
(0.5768 0.175 0.1)
(0.5764 0.175 0.1)
(0.576 0.175 0.1)
(0.5756 0.175 0.1)
(0.5752 0.175 0.1)
(0.5748 0.175 0.1)
(0.5744 0.175 0.1)
(0.574 0.175 0.1)
(0.5736 0.175 0.1)
(0.5732 0.175 0.1)
(0.5728 0.175 0.1)
(0.5724 0.175 0.1)
(0.572 0.175 0.1)
(0.5716 0.175 0.1)
(0.5712 0.175 0.1)
(0.5708 0.175 0.1)
(0.5704 0.175 0.1)
(0.57 0.175 0.1)
(0.5696 0.175 0.1)
(0.5692 0.175 0.1)
(0.5688 0.175 0.1)
(0.5684 0.175 0.1)
(0.568 0.175 0.1)
(0.5676 0.175 0.1)
(0.5672 0.175 0.1)
(0.5668 0.175 0.1)
(0.5664 0.175 0.1)
(0.566 0.175 0.1)
(0.5656 0.175 0.1)
(0.5652 0.175 0.1)
(0.5648 0.175 0.1)
(0.5644 0.175 0.1)
(0.564 0.175 0.1)
(0.5636 0.175 0.1)
(0.5632 0.175 0.1)
(0.5628 0.175 0.1)
(0.5624 0.175 0.1)
(0.562 0.175 0.1)
(0.5616 0.175 0.1)
(0.5612 0.175 0.1)
(0.5608 0.175 0.1)
(0.5604 0.175 0.1)
(0.56 0.175 0.1)
(0.5796 0.175 0)
(0.5792 0.175 0)
(0.5788 0.175 0)
(0.5784 0.175 0)
(0.578 0.175 0)
(0.5776 0.175 0)
(0.5772 0.175 0)
(0.5768 0.175 0)
(0.5764 0.175 0)
(0.576 0.175 0)
(0.5756 0.175 0)
(0.5752 0.175 0)
(0.5748 0.175 0)
(0.5744 0.175 0)
(0.574 0.175 0)
(0.5736 0.175 0)
(0.5732 0.175 0)
(0.5728 0.175 0)
(0.5724 0.175 0)
(0.572 0.175 0)
(0.5716 0.175 0)
(0.5712 0.175 0)
(0.5708 0.175 0)
(0.5704 0.175 0)
(0.57 0.175 0)
(0.5696 0.175 0)
(0.5692 0.175 0)
(0.5688 0.175 0)
(0.5684 0.175 0)
(0.568 0.175 0)
(0.5676 0.175 0)
(0.5672 0.175 0)
(0.5668 0.175 0)
(0.5664 0.175 0)
(0.566 0.175 0)
(0.5656 0.175 0)
(0.5652 0.175 0)
(0.5648 0.175 0)
(0.5644 0.175 0)
(0.564 0.175 0)
(0.5636 0.175 0)
(0.5632 0.175 0)
(0.5628 0.175 0)
(0.5624 0.175 0)
(0.562 0.175 0)
(0.5616 0.175 0)
(0.5612 0.175 0)
(0.5608 0.175 0)
(0.5604 0.175 0)
(0.56 0.175 0)
(0.5796 0.1875 0.1)
(0.5792 0.1875 0.1)
(0.5788 0.1875 0.1)
(0.5784 0.1875 0.1)
(0.578 0.1875 0.1)
(0.5776 0.1875 0.1)
(0.5772 0.1875 0.1)
(0.5768 0.1875 0.1)
(0.5764 0.1875 0.1)
(0.576 0.1875 0.1)
(0.5756 0.1875 0.1)
(0.5752 0.1875 0.1)
(0.5748 0.1875 0.1)
(0.5744 0.1875 0.1)
(0.574 0.1875 0.1)
(0.5736 0.1875 0.1)
(0.5732 0.1875 0.1)
(0.5728 0.1875 0.1)
(0.5724 0.1875 0.1)
(0.572 0.1875 0.1)
(0.5716 0.1875 0.1)
(0.5712 0.1875 0.1)
(0.5708 0.1875 0.1)
(0.5704 0.1875 0.1)
(0.57 0.1875 0.1)
(0.5696 0.1875 0.1)
(0.5692 0.1875 0.1)
(0.5688 0.1875 0.1)
(0.5684 0.1875 0.1)
(0.568 0.1875 0.1)
(0.5676 0.1875 0.1)
(0.5672 0.1875 0.1)
(0.5668 0.1875 0.1)
(0.5664 0.1875 0.1)
(0.566 0.1875 0.1)
(0.5656 0.1875 0.1)
(0.5652 0.1875 0.1)
(0.5648 0.1875 0.1)
(0.5644 0.1875 0.1)
(0.564 0.1875 0.1)
(0.5636 0.1875 0.1)
(0.5632 0.1875 0.1)
(0.5628 0.1875 0.1)
(0.5624 0.1875 0.1)
(0.562 0.1875 0.1)
(0.5616 0.1875 0.1)
(0.5612 0.1875 0.1)
(0.5608 0.1875 0.1)
(0.5604 0.1875 0.1)
(0.56 0.1875 0.1)
(0.5796 0.1875 0)
(0.5792 0.1875 0)
(0.5788 0.1875 0)
(0.5784 0.1875 0)
(0.578 0.1875 0)
(0.5776 0.1875 0)
(0.5772 0.1875 0)
(0.5768 0.1875 0)
(0.5764 0.1875 0)
(0.576 0.1875 0)
(0.5756 0.1875 0)
(0.5752 0.1875 0)
(0.5748 0.1875 0)
(0.5744 0.1875 0)
(0.574 0.1875 0)
(0.5736 0.1875 0)
(0.5732 0.1875 0)
(0.5728 0.1875 0)
(0.5724 0.1875 0)
(0.572 0.1875 0)
(0.5716 0.1875 0)
(0.5712 0.1875 0)
(0.5708 0.1875 0)
(0.5704 0.1875 0)
(0.57 0.1875 0)
(0.5696 0.1875 0)
(0.5692 0.1875 0)
(0.5688 0.1875 0)
(0.5684 0.1875 0)
(0.568 0.1875 0)
(0.5676 0.1875 0)
(0.5672 0.1875 0)
(0.5668 0.1875 0)
(0.5664 0.1875 0)
(0.566 0.1875 0)
(0.5656 0.1875 0)
(0.5652 0.1875 0)
(0.5648 0.1875 0)
(0.5644 0.1875 0)
(0.564 0.1875 0)
(0.5636 0.1875 0)
(0.5632 0.1875 0)
(0.5628 0.1875 0)
(0.5624 0.1875 0)
(0.562 0.1875 0)
(0.5616 0.1875 0)
(0.5612 0.1875 0)
(0.5608 0.1875 0)
(0.5604 0.1875 0)
(0.56 0.1875 0)
(0.5796 0.2 0.1)
(0.5792 0.2 0.1)
(0.5788 0.2 0.1)
(0.5784 0.2 0.1)
(0.578 0.2 0.1)
(0.5776 0.2 0.1)
(0.5772 0.2 0.1)
(0.5768 0.2 0.1)
(0.5764 0.2 0.1)
(0.576 0.2 0.1)
(0.5756 0.2 0.1)
(0.5752 0.2 0.1)
(0.5748 0.2 0.1)
(0.5744 0.2 0.1)
(0.574 0.2 0.1)
(0.5736 0.2 0.1)
(0.5732 0.2 0.1)
(0.5728 0.2 0.1)
(0.5724 0.2 0.1)
(0.572 0.2 0.1)
(0.5716 0.2 0.1)
(0.5712 0.2 0.1)
(0.5708 0.2 0.1)
(0.5704 0.2 0.1)
(0.57 0.2 0.1)
(0.5696 0.2 0.1)
(0.5692 0.2 0.1)
(0.5688 0.2 0.1)
(0.5684 0.2 0.1)
(0.568 0.2 0.1)
(0.5676 0.2 0.1)
(0.5672 0.2 0.1)
(0.5668 0.2 0.1)
(0.5664 0.2 0.1)
(0.566 0.2 0.1)
(0.5656 0.2 0.1)
(0.5652 0.2 0.1)
(0.5648 0.2 0.1)
(0.5644 0.2 0.1)
(0.564 0.2 0.1)
(0.5636 0.2 0.1)
(0.5632 0.2 0.1)
(0.5628 0.2 0.1)
(0.5624 0.2 0.1)
(0.562 0.2 0.1)
(0.5616 0.2 0.1)
(0.5612 0.2 0.1)
(0.5608 0.2 0.1)
(0.5604 0.2 0.1)
(0.56 0.2 0.1)
(0.5796 0.2 0)
(0.5792 0.2 0)
(0.5788 0.2 0)
(0.5784 0.2 0)
(0.578 0.2 0)
(0.5776 0.2 0)
(0.5772 0.2 0)
(0.5768 0.2 0)
(0.5764 0.2 0)
(0.576 0.2 0)
(0.5756 0.2 0)
(0.5752 0.2 0)
(0.5748 0.2 0)
(0.5744 0.2 0)
(0.574 0.2 0)
(0.5736 0.2 0)
(0.5732 0.2 0)
(0.5728 0.2 0)
(0.5724 0.2 0)
(0.572 0.2 0)
(0.5716 0.2 0)
(0.5712 0.2 0)
(0.5708 0.2 0)
(0.5704 0.2 0)
(0.57 0.2 0)
(0.5696 0.2 0)
(0.5692 0.2 0)
(0.5688 0.2 0)
(0.5684 0.2 0)
(0.568 0.2 0)
(0.5676 0.2 0)
(0.5672 0.2 0)
(0.5668 0.2 0)
(0.5664 0.2 0)
(0.566 0.2 0)
(0.5656 0.2 0)
(0.5652 0.2 0)
(0.5648 0.2 0)
(0.5644 0.2 0)
(0.564 0.2 0)
(0.5636 0.2 0)
(0.5632 0.2 0)
(0.5628 0.2 0)
(0.5624 0.2 0)
(0.562 0.2 0)
(0.5616 0.2 0)
(0.5612 0.2 0)
(0.5608 0.2 0)
(0.5604 0.2 0)
(0.56 0.2 0)
)


// ************************************************************************* //
