/*--------------------------------*- C++ -*----------------------------------*\
| =========                 |                                                 |
| \\      /  F ield         | OpenFOAM: The Open Source CFD Toolbox           |
|  \\    /   O peration     | Version:  v1906                                 |
|   \\  /    A nd           | Web:      www.OpenFOAM.com                      |
|    \\/     M anipulation  |                                                 |
\*---------------------------------------------------------------------------*/
FoamFile
{
    version     2.0;
    format      ascii;
    class       volScalarField;
    location    "0.8";
    object      p;
}
// * * * * * * * * * * * * * * * * * * * * * * * * * * * * * * * * * * * * * //

dimensions      [0 2 -2 0 0 0 0];


internalField   nonuniform List<scalar> 
4800
(
7.16844e-11
-5.67527e-05
-0.000180912
-0.000215333
-0.00032262
-0.000279688
-0.000299888
-0.000341862
-0.000391705
-0.000429814
-0.000427128
-0.000427736
-0.000412479
-0.000332464
-0.000198152
1.29147e-05
0.000310623
0.00072576
0.00133702
0.00203783
4.50467e-06
-6.27666e-05
-0.00016852
-0.000217448
-0.000300574
-0.00028279
-0.000295599
-0.000349283
-0.000386398
-0.000431464
-0.000420414
-0.000427517
-0.000411345
-0.000333815
-0.000194635
6.01464e-06
0.000313758
0.000677102
0.00114158
0.00168266
6.3474e-06
-6.53987e-05
-0.000166965
-0.000217896
-0.000294266
-0.000283567
-0.000293445
-0.000351969
-0.000384634
-0.000428893
-0.000420124
-0.000424935
-0.000410454
-0.000331658
-0.000200675
-8.37386e-06
0.000264846
0.000566273
0.000942478
0.0014072
1.015e-05
-6.97358e-05
-0.000163256
-0.00021778
-0.000285679
-0.000282605
-0.000293519
-0.000346622
-0.000387085
-0.000420831
-0.000421029
-0.000420075
-0.000408506
-0.000330352
-0.000207785
-3.03351e-05
0.00019827
0.000419526
0.000747977
0.00118175
1.35662e-05
-7.33674e-05
-0.000160573
-0.000216502
-0.000278196
-0.000279605
-0.000295313
-0.000344245
-0.00038966
-0.000416469
-0.000417127
-0.000414538
-0.000407035
-0.000332863
-0.000226786
-8.5371e-05
8.28501e-05
0.000268281
0.0005667
0.000976197
1.6801e-05
-7.57799e-05
-0.000158318
-0.000213002
-0.000272615
-0.000273506
-0.000299261
-0.000343183
-0.000385433
-0.000413018
-0.000411147
-0.000408986
-0.000408499
-0.000345024
-0.000265308
-0.000181943
-4.37243e-05
0.00013136
0.000401362
0.000779809
1.96367e-05
-7.6365e-05
-0.000158315
-0.000208562
-0.000267909
-0.000267344
-0.000299153
-0.000344014
-0.000378051
-0.000405173
-0.000406172
-0.000405911
-0.000415377
-0.000376773
-0.000340353
-0.000292591
-0.000158661
8.19937e-06
0.000242535
0.00058343
2.16445e-05
-7.46923e-05
-0.000159317
-0.000203874
-0.000261709
-0.000264552
-0.000293652
-0.000342818
-0.000376273
-0.000394859
-0.000402142
-0.000408919
-0.000437556
-0.0004378
-0.000432148
-0.000389194
-0.000264547
-0.000114061
8.27805e-05
0.000384497
2.25349e-05
-6.97651e-05
-0.000159969
-0.000200987
-0.000252957
-0.000271282
-0.000288815
-0.000325601
-0.000373616
-0.000389875
-0.000399793
-0.000424695
-0.000485344
-0.00052239
-0.000510843
-0.000474108
-0.000372883
-0.000245324
-8.14754e-05
0.000183612
2.25975e-05
-6.46908e-05
-0.000157613
-0.000200246
-0.000242686
-0.000265555
-0.000286334
-0.000315834
-0.000363928
-0.000390392
-0.000409191
-0.000458589
-0.000558547
-0.000598775
-0.000581544
-0.000555895
-0.000485748
-0.00038612
-0.000251164
-1.73609e-05
2.16832e-05
-5.97947e-05
-0.000151
-0.000198946
-0.000235566
-0.000254478
-0.000285231
-0.000311938
-0.000350659
-0.000393471
-0.00044254
-0.000514617
-0.000619053
-0.000667747
-0.000656067
-0.000642132
-0.000603217
-0.000535232
-0.000426958
-0.00021801
2.05408e-05
-5.62614e-05
-0.000139089
-0.000193629
-0.000232904
-0.000242363
-0.000274269
-0.000316021
-0.000351854
-0.000401349
-0.000491873
-0.000582625
-0.000676102
-0.000733419
-0.000736528
-0.00073638
-0.000725916
-0.000690811
-0.000607958
-0.000418475
1.97261e-05
-5.34373e-05
-0.000128667
-0.000180393
-0.000230583
-0.000237214
-0.000256504
-0.00031486
-0.000373519
-0.000429976
-0.000535305
-0.000639622
-0.000735825
-0.000801965
-0.000823187
-0.00083967
-0.000854703
-0.000850364
-0.000791942
-0.000619327
1.95881e-05
-5.05253e-05
-0.000121674
-0.000159103
-0.000218784
-0.000242416
-0.00024825
-0.000306565
-0.000403828
-0.000482358
-0.000580474
-0.00069164
-0.000797832
-0.000874489
-0.000915846
-0.000952041
-0.000989877
-0.0010124
-0.000976863
-0.000820108
1.98639e-05
-4.61028e-05
-0.000116803
-0.000140384
-0.000194201
-0.000245884
-0.000262324
-0.000306963
-0.000429112
-0.000535822
-0.00063876
-0.000749453
-0.000861606
-0.000950872
-0.00101347
-0.00107224
-0.00113162
-0.00117613
-0.00116153
-0.00102004
1.97198e-05
-3.8198e-05
-0.000112354
-0.000127953
-0.000162779
-0.000237343
-0.000291042
-0.000348738
-0.000444023
-0.000572655
-0.000694683
-0.000814858
-0.000932712
-0.00103389
-0.0011171
-0.0011994
-0.00127992
-0.00134275
-0.0013463
-0.00121944
1.915e-05
-2.85986e-05
-0.000102267
-0.000123104
-0.000140039
-0.000216492
-0.000312553
-0.000403423
-0.000496187
-0.000611192
-0.000739725
-0.000877648
-0.00101082
-0.00112407
-0.00122595
-0.00133116
-0.00143327
-0.00151324
-0.00153203
-0.00141853
1.96982e-05
-1.95639e-05
-8.58642e-05
-0.000119581
-0.000130716
-0.000198859
-0.000322746
-0.000454431
-0.000566025
-0.000668681
-0.000786944
-0.000934146
-0.00108855
-0.00121923
-0.00133907
-0.00146595
-0.00159007
-0.00168784
-0.00171954
-0.00161662
2.23682e-05
-1.14196e-05
-6.94402e-05
-0.000110709
-0.000134522
-0.000198795
-0.000326062
-0.00048783
-0.000633147
-0.000746647
-0.000852813
-0.000997151
-0.00116653
-0.00131809
-0.0014565
-0.00160323
-0.00174839
-0.00186417
-0.00190751
-0.00181262
2.73112e-05
-2.59741e-06
-5.64885e-05
-9.89935e-05
-0.00013953
-0.000219387
-0.000344433
-0.000511192
-0.000683711
-0.000824723
-0.000938144
-0.00107503
-0.00125146
-0.00142054
-0.00157834
-0.00174362
-0.00190737
-0.00203987
-0.00209435
-0.00200638
3.41034e-05
7.91858e-06
-4.65188e-05
-9.33774e-05
-0.000144966
-0.000244546
-0.000380854
-0.000542612
-0.00072245
-0.000890689
-0.00102494
-0.00116732
-0.00134747
-0.00153087
-0.0017048
-0.00188656
-0.0020666
-0.00221387
-0.00227899
-0.00219766
4.22064e-05
1.99273e-05
-3.70436e-05
-9.57937e-05
-0.00015561
-0.000267424
-0.000422028
-0.000588553
-0.000766544
-0.000947267
-0.00110679
-0.00126387
-0.00145382
-0.00165004
-0.00183808
-0.00203254
-0.00222638
-0.0023865
-0.00246153
-0.00238621
5.17119e-05
3.13731e-05
-2.89383e-05
-0.000103603
-0.000176303
-0.000293928
-0.000461373
-0.00064039
-0.000820138
-0.0010066
-0.00118399
-0.00136025
-0.00156307
-0.00177551
-0.00197808
-0.00218308
-0.00238724
-0.00255801
-0.00264171
-0.00257147
6.21573e-05
4.13066e-05
-2.39261e-05
-0.000113735
-0.000206516
-0.000328646
-0.000500274
-0.000691831
-0.000880624
-0.00107214
-0.0012624
-0.00145573
-0.00167317
-0.00190103
-0.00212145
-0.00233761
-0.00254934
-0.00272832
-0.00281934
-0.0027535
7.26065e-05
4.95102e-05
-2.32203e-05
-0.000126631
-0.000238418
-0.00037218
-0.000545344
-0.000743058
-0.000942143
-0.00114359
-0.00134481
-0.00155217
-0.00178447
-0.00202682
-0.00226329
-0.00249337
-0.00271268
-0.00289733
-0.00299388
-0.00293188
8.14463e-05
5.53054e-05
-2.70837e-05
-0.000143086
-0.000271949
-0.000419321
-0.000596912
-0.000798218
-0.00100477
-0.00121717
-0.00143165
-0.00165075
-0.00189649
-0.00215348
-0.00240315
-0.0026468
-0.00287502
-0.003064
-0.00316428
-0.00310546
8.73488e-05
5.76809e-05
-3.44932e-05
-0.00016398
-0.000307323
-0.000467822
-0.000652932
-0.000858701
-0.00107073
-0.00129135
-0.00152023
-0.00175207
-0.00200826
-0.0022795
-0.00254191
-0.00279674
-0.00303355
-0.00322704
-0.00333017
-0.00327366
8.94466e-05
5.54912e-05
-4.58998e-05
-0.000187992
-0.0003449
-0.000517537
-0.000710968
-0.000922753
-0.00114096
-0.00136783
-0.00160802
-0.00185438
-0.00212054
-0.00240344
-0.00267849
-0.00294291
-0.00318708
-0.0033849
-0.00349063
-0.00343561
8.61649e-05
4.79381e-05
-6.17678e-05
-0.000214832
-0.000384314
-0.000568083
-0.000770091
-0.000988563
-0.00121345
-0.00144721
-0.00169616
-0.00195503
-0.00223179
-0.00252467
-0.00281078
-0.00308397
-0.00333462
-0.0035361
-0.00364405
-0.00359009
7.6541e-05
3.41141e-05
-8.25034e-05
-0.000244537
-0.000425115
-0.000619162
-0.000829177
-0.00105497
-0.00128696
-0.00152736
-0.0017846
-0.00205351
-0.00233902
-0.00264152
-0.00293776
-0.00321822
-0.00347476
-0.00367947
-0.00378908
-0.0037358
5.95732e-05
1.3399e-05
-0.000108617
-0.000277391
-0.000466957
-0.000670285
-0.000887687
-0.00112029
-0.00135993
-0.00160662
-0.00187071
-0.00214906
-0.0024413
-0.00275119
-0.00305787
-0.00334432
-0.00360533
-0.00381351
-0.00392437
-0.00387173
3.44792e-05
-1.47744e-05
-0.00014056
-0.000313775
-0.000509738
-0.000720741
-0.000945113
-0.00118367
-0.00143001
-0.00168342
-0.00195277
-0.00223819
-0.00253718
-0.00285148
-0.00316701
-0.00346056
-0.0037244
-0.00393598
-0.0040484
-0.00399662
7.76964e-07
-5.08196e-05
-0.000178695
-0.000353914
-0.000553736
-0.000770601
-0.00100051
-0.00124409
-0.00149548
-0.00175431
-0.002029
-0.00231847
-0.00262245
-0.00294038
-0.003261
-0.00356239
-0.00382882
-0.00404232
-0.00415725
-0.00410742
-4.16423e-05
-9.48022e-05
-0.00022314
-0.000398279
-0.000599392
-0.000820105
-0.0010539
-0.00130094
-0.00155609
-0.00181687
-0.0020951
-0.00238829
-0.00269333
-0.00301322
-0.00333587
-0.00364306
-0.00391339
-0.00412724
-0.00424437
-0.00419754
-9.22977e-05
-0.000146507
-0.0002739
-0.000447455
-0.00064725
-0.000869328
-0.00110603
-0.0013547
-0.00161254
-0.00187279
-0.00214827
-0.0024441
-0.00274782
-0.00306438
-0.00338617
-0.00369467
-0.00396869
-0.00418276
-0.0043015
-0.00425906
-0.000149605
-0.000204872
-0.00033092
-0.000502013
-0.000698665
-0.000919044
-0.001157
-0.00140542
-0.00166391
-0.00192531
-0.00219395
-0.00248572
-0.00278628
-0.00309223
-0.0034058
-0.00370822
-0.00397933
-0.00419014
-0.0043065
-0.00426773
-0.000211142
-0.000267661
-0.000392894
-0.000561952
-0.000755865
-0.000973196
-0.00120859
-0.00145403
-0.00170864
-0.00197067
-0.00223524
-0.00251826
-0.00281464
-0.00310841
-0.00340432
-0.00368851
-0.00394152
-0.00413543
-0.00423395
-0.00418418
-0.000273078
-0.000331243
-0.000456319
-0.000624942
-0.000818832
-0.00103618
-0.00127229
-0.00151576
-0.00175839
-0.00200492
-0.00225353
-0.00251255
-0.00279294
-0.00307667
-0.00335878
-0.00363325
-0.00388117
-0.00407625
-0.00417948
-0.00413929
-0.000330608
-0.000390364
-0.000515903
-0.000683985
-0.000878018
-0.00109747
-0.00133792
-0.00159031
-0.00184054
-0.0020873
-0.00232887
-0.0025596
-0.00278728
-0.00300812
-0.00321322
-0.00340255
-0.00356647
-0.00368597
-0.00373086
-0.0036637
-0.000383539
-0.000448786
-0.000578769
-0.000752021
-0.00095353
-0.00118361
-0.00143712
-0.00170449
-0.00197066
-0.00222843
-0.00247598
-0.00270363
-0.00290543
-0.00307107
-0.00318238
-0.00322939
-0.00320788
-0.00311781
-0.0029638
-0.00275771
0.00283972
0.00308105
0.00303311
0.00297404
0.00289977
0.00275209
0.0025229
0.00224099
0.00192282
0.00157988
0.00122725
0.000875018
0.000522523
0.000164875
-0.000193661
-0.000555667
-0.000931409
-0.00133796
-0.0017857
-0.00228447
-0.00284551
-0.00347556
-0.00417756
-0.00493833
-0.00571967
-0.00644519
-0.00702781
-0.00739978
-0.00752399
-0.00741991
-0.00715442
-0.00681749
-0.00648198
-0.00617694
-0.00592357
-0.005726
-0.00559178
-0.00551996
-0.00548015
-0.0054685
-0.00548518
-0.00552708
-0.00558732
-0.00565238
-0.00572021
-0.00577648
-0.00583749
-0.00591024
-0.00598132
-0.00605711
-0.00611509
-0.0061778
-0.00625438
-0.0063102
-0.00637744
-0.0064451
-0.00649645
-0.00657239
-0.00663884
-0.00669044
-0.00676734
-0.00682889
-0.00687469
-0.00694693
-0.00701548
-0.00706551
-0.00711562
-0.00715641
-0.00721619
-0.00730057
-0.00732871
-0.00733112
-0.00740386
-0.00748157
-0.00749648
-0.00751464
-0.00756215
-0.00760424
-0.00763528
-0.00765966
-0.00768444
-0.00772039
-0.0077482
-0.00776369
-0.00778869
-0.00781692
-0.00783618
-0.00785352
-0.00787695
-0.00789771
-0.00791475
-0.00793404
-0.00795268
-0.00797115
-0.00798727
-0.00800503
-0.00802178
-0.00803582
-0.00805211
-0.00806708
0.00227668
0.0027229
0.00292624
0.00295644
0.00288375
0.00272211
0.00248803
0.00220893
0.00189475
0.00155406
0.00120225
0.000850539
0.000498657
0.000141631
-0.000216165
-0.000576738
-0.000950658
-0.00135552
-0.0018013
-0.00229728
-0.00285387
-0.00347825
-0.00417264
-0.0049217
-0.00569031
-0.00640473
-0.00698249
-0.00735927
-0.0074927
-0.00739733
-0.00713799
-0.00680506
-0.00647149
-0.00616827
-0.00591645
-0.00571985
-0.00558632
-0.00551508
-0.00547561
-0.00546426
-0.00548126
-0.00552338
-0.00558372
-0.00564899
-0.00571714
-0.00577349
-0.00583469
-0.00590766
-0.00597883
-0.00605497
-0.00611298
-0.00617575
-0.00625269
-0.0063085
-0.00637586
-0.00644375
-0.00649507
-0.00657117
-0.00663772
-0.00668936
-0.00676647
-0.00682803
-0.00687373
-0.00694618
-0.00701486
-0.00706487
-0.00711502
-0.00715584
-0.00721565
-0.00730023
-0.00732835
-0.00733059
-0.0074035
-0.00748138
-0.0074962
-0.00751434
-0.00756195
-0.00760405
-0.00763511
-0.0076595
-0.00768428
-0.00772027
-0.00774811
-0.00776358
-0.0077886
-0.00781686
-0.00783612
-0.00785346
-0.00787691
-0.00789767
-0.00791471
-0.00793401
-0.00795266
-0.00797113
-0.00798725
-0.00800502
-0.00802177
-0.00803581
-0.00805211
-0.00806707
0.00196799
0.00251188
0.0028635
0.00298141
0.00291552
0.00272942
0.00247423
0.0021861
0.0018703
0.00152901
0.00117597
0.000823043
0.000470122
0.000112332
-0.000245772
-0.000605401
-0.00097731
-0.00138027
-0.00182427
-0.00231706
-0.00286726
-0.00348194
-0.00416235
-0.0048887
-0.00562809
-0.00631461
-0.00687348
-0.00724698
-0.00739529
-0.0073265
-0.00709305
-0.0067782
-0.00645563
-0.00615861
-0.00591208
-0.00571966
-0.00558817
-0.00551742
-0.00547787
-0.00546654
-0.00548325
-0.00552474
-0.00558445
-0.00564884
-0.00571651
-0.00577276
-0.0058338
-0.00590661
-0.00597752
-0.00605345
-0.00611135
-0.0061741
-0.00625095
-0.00630663
-0.00637416
-0.00644211
-0.0064933
-0.00656955
-0.0066361
-0.00668764
-0.00676499
-0.00682668
-0.00687233
-0.0069448
-0.00701346
-0.00706359
-0.00711399
-0.00715479
-0.00721451
-0.00729931
-0.00732757
-0.00732977
-0.00740278
-0.00748075
-0.00749554
-0.00751379
-0.0075615
-0.00760363
-0.00763472
-0.00765916
-0.00768397
-0.00772001
-0.00774789
-0.00776337
-0.00778843
-0.00781672
-0.00783599
-0.00785334
-0.00787682
-0.0078976
-0.00791465
-0.00793396
-0.00795262
-0.0079711
-0.00798723
-0.008005
-0.00802176
-0.0080358
-0.00805218
-0.00806714
0.00172006
0.00229339
0.00273057
0.00293261
0.00290708
0.00272141
0.00245033
0.00214983
0.00183016
0.00148876
0.00113602
0.000783366
0.000430421
7.25355e-05
-0.000285345
-0.000643714
-0.00101331
-0.001414
-0.00185537
-0.00234328
-0.00288452
-0.00348499
-0.00414574
-0.00484473
-0.00555029
-0.00620539
-0.00674274
-0.00711244
-0.00727713
-0.00723882
-0.00703638
-0.00674429
-0.0064359
-0.00614699
-0.005906
-0.0057174
-0.00558765
-0.00551714
-0.00547728
-0.00546618
-0.00548279
-0.00552392
-0.00558299
-0.005646
-0.00571323
-0.00576975
-0.00583076
-0.00590378
-0.00597423
-0.00604969
-0.0061082
-0.00617091
-0.00624726
-0.00630327
-0.00637103
-0.0064389
-0.00649036
-0.00656681
-0.00663319
-0.00668461
-0.00676233
-0.0068245
-0.00687007
-0.00694216
-0.00701082
-0.00706131
-0.00711209
-0.00715294
-0.00721235
-0.00729711
-0.00732588
-0.00732842
-0.00740123
-0.00747902
-0.00749404
-0.0075126
-0.00756037
-0.00760246
-0.00763366
-0.00765825
-0.00768312
-0.0077192
-0.00774717
-0.00776274
-0.00778788
-0.0078162
-0.00783554
-0.00785294
-0.00787647
-0.00789728
-0.00791437
-0.00793373
-0.00795241
-0.00797093
-0.00798709
-0.00800489
-0.00802169
-0.00803574
-0.0080523
-0.00806728
0.00149327
0.00207321
0.00256177
0.00283945
0.0028768
0.00271362
0.00243656
0.00212224
0.00179367
0.00144901
0.00109529
0.000742531
0.000389776
3.2132e-05
-0.000325347
-0.000682225
-0.00104933
-0.00144726
-0.0018851
-0.00236686
-0.0028975
-0.00348122
-0.00411913
-0.00478878
-0.00546085
-0.00608559
-0.00660275
-0.00696881
-0.0071485
-0.00713978
-0.00697038
-0.00670426
-0.00641284
-0.00613364
-0.00589831
-0.00571321
-0.00558507
-0.00551513
-0.00547541
-0.00546504
-0.00548203
-0.00552293
-0.00558139
-0.0056428
-0.00570955
-0.00576646
-0.00582741
-0.00590074
-0.00597049
-0.0060453
-0.00610466
-0.00616713
-0.00624282
-0.00629916
-0.00636693
-0.00643484
-0.00648665
-0.00656314
-0.00662933
-0.00668044
-0.0067585
-0.00682146
-0.00686684
-0.00693831
-0.00700696
-0.00705774
-0.0071091
-0.00715027
-0.00720894
-0.00729333
-0.00732319
-0.00732647
-0.00739862
-0.00747594
-0.00749153
-0.00751064
-0.00755839
-0.0076004
-0.00763178
-0.00765663
-0.00768161
-0.00771772
-0.00774583
-0.0077616
-0.00778683
-0.0078152
-0.00783466
-0.00785219
-0.00787578
-0.00789665
-0.00791382
-0.00793325
-0.00795199
-0.00797056
-0.00798678
-0.00800461
-0.0080215
-0.00803558
-0.00805239
-0.00806746
0.00127578
0.00185657
0.00238187
0.00272136
0.00282604
0.002703
0.00243271
0.00210569
0.00176335
0.00141106
0.00105409
0.000699867
0.000346792
-1.06608e-05
-0.000367557
-0.000722739
-0.00108671
-0.00148082
-0.00191419
-0.00238861
-0.00290749
-0.0034732
-0.00408718
-0.00472814
-0.00536815
-0.00596343
-0.0064609
-0.00682297
-0.00701559
-0.00703437
-0.00689823
-0.00665987
-0.00638776
-0.00611966
-0.00589024
-0.00570868
-0.00558191
-0.00551248
-0.00547318
-0.00546382
-0.00548133
-0.00552186
-0.00557974
-0.00563951
-0.00570566
-0.00576311
-0.00582385
-0.0058973
-0.00596651
-0.00604053
-0.00610059
-0.00616293
-0.00623784
-0.00629438
-0.00636224
-0.00643027
-0.00648234
-0.00655877
-0.00662477
-0.00667555
-0.00675397
-0.00681784
-0.00686302
-0.00693371
-0.00700225
-0.00705336
-0.00710548
-0.00714703
-0.00720467
-0.00728855
-0.00731989
-0.00732406
-0.00739518
-0.0074719
-0.00748831
-0.00750809
-0.00755575
-0.00759761
-0.00762923
-0.00765444
-0.00767955
-0.00771562
-0.00774392
-0.00775998
-0.00778532
-0.00781375
-0.00783337
-0.00785105
-0.00787473
-0.0078957
-0.00791298
-0.0079325
-0.00795132
-0.00796997
-0.00798628
-0.00800416
-0.00802118
-0.00803529
-0.0080524
-0.00806762
0.00105999
0.00164342
0.00219823
0.00258798
0.00275507
0.00268166
0.00243026
0.00209578
0.00173759
0.0013737
0.00101103
0.000653888
0.00029951
-5.80021e-05
-0.000413731
-0.000766805
-0.00112666
-0.00151545
-0.00194352
-0.0024096
-0.0029158
-0.00346276
-0.00405209
-0.00466453
-0.00527331
-0.0058399
-0.00631798
-0.00667561
-0.00687912
-0.00692294
-0.00681969
-0.00661065
-0.0063601
-0.0061046
-0.00588157
-0.00570378
-0.00557821
-0.00550903
-0.00547022
-0.00546205
-0.00548013
-0.00552021
-0.00557775
-0.00563595
-0.00570134
-0.00575946
-0.0058198
-0.00589332
-0.00596228
-0.00603533
-0.00609596
-0.00615823
-0.0062323
-0.00628911
-0.00635711
-0.00642519
-0.00647749
-0.00655385
-0.00661975
-0.00667026
-0.00674899
-0.00681384
-0.00685881
-0.00692857
-0.00699702
-0.00704857
-0.00710148
-0.00714338
-0.00719987
-0.00728321
-0.00731622
-0.00732135
-0.00739124
-0.00746732
-0.0074847
-0.00750516
-0.00755268
-0.00759439
-0.00762629
-0.0076519
-0.00767713
-0.00771316
-0.00774168
-0.00775807
-0.00778353
-0.007812
-0.00783181
-0.00784968
-0.00787346
-0.00789453
-0.00791194
-0.00793157
-0.00795048
-0.00796922
-0.00798565
-0.00800358
-0.00802074
-0.00803492
-0.00805233
-0.00806777
0.000842706
0.00143218
0.00201434
0.00244597
0.00266622
0.0026448
0.00242092
0.00208699
0.00171466
0.00133651
0.000965761
0.000604781
0.000248339
-0.000109683
-0.000463785
-0.000814122
-0.00116911
-0.00155106
-0.00197257
-0.00242924
-0.00292163
-0.00344924
-0.00401338
-0.00459737
-0.00517606
-0.00571538
-0.00617457
-0.00652696
-0.00673964
-0.00680596
-0.00673421
-0.00655545
-0.00632824
-0.00608716
-0.00587167
-0.00569807
-0.00557374
-0.00550467
-0.00546617
-0.00545931
-0.00547822
-0.00551792
-0.00557521
-0.00563188
-0.00569642
-0.00575526
-0.00581532
-0.00588894
-0.00595755
-0.00602961
-0.00609086
-0.00615297
-0.00622621
-0.00628343
-0.00635158
-0.00641967
-0.00647221
-0.0065485
-0.00661441
-0.0066646
-0.00674358
-0.00680953
-0.00685423
-0.00692297
-0.00699146
-0.00704347
-0.00709708
-0.00713938
-0.00719473
-0.00727748
-0.00731223
-0.00731835
-0.00738695
-0.00746238
-0.00748077
-0.00750195
-0.00754931
-0.00759089
-0.00762308
-0.0076491
-0.00767447
-0.00771045
-0.00773921
-0.00775596
-0.00778153
-0.00781007
-0.00783008
-0.00784814
-0.00787203
-0.00789323
-0.00791078
-0.00793051
-0.00794953
-0.00796837
-0.00798494
-0.00800292
-0.00802024
-0.0080345
-0.0080522
-0.0080679
0.00062446
0.00122241
0.00183151
0.00229821
0.00256164
0.00258916
0.00239992
0.00207585
0.00169445
0.0013012
0.000919743
0.000554166
0.000195356
-0.000164339
-0.000517544
-0.000864366
-0.00121367
-0.0015875
-0.00200075
-0.00244697
-0.00292471
-0.00343255
-0.00397147
-0.00452749
-0.00507714
-0.00559036
-0.00603081
-0.00637669
-0.00659691
-0.00668314
-0.00664091
-0.006493
-0.00629111
-0.00606666
-0.0058603
-0.00569148
-0.00556856
-0.00549958
-0.00546106
-0.00545535
-0.00547551
-0.00551491
-0.00557189
-0.00562717
-0.00569083
-0.00575065
-0.00581061
-0.00588413
-0.00595235
-0.00602347
-0.00608542
-0.0061474
-0.00621966
-0.00627728
-0.00634573
-0.00641385
-0.00646649
-0.00654272
-0.00660871
-0.00665852
-0.00673774
-0.00680493
-0.00684938
-0.00691698
-0.00698549
-0.00703799
-0.00709231
-0.00713507
-0.00718927
-0.00727133
-0.00730789
-0.0073151
-0.00738235
-0.00745708
-0.00747655
-0.00749849
-0.00754568
-0.00758712
-0.00761961
-0.00764609
-0.00767161
-0.00770753
-0.00773654
-0.00775367
-0.00777939
-0.00780798
-0.00782821
-0.00784647
-0.00787047
-0.00789181
-0.00790953
-0.00792937
-0.0079485
-0.00796744
-0.00798416
-0.00800221
-0.00801969
-0.00803405
-0.00805202
-0.00806803
0.000407872
0.00101405
0.00164837
0.00214568
0.00244483
0.00251645
0.00236553
0.00205896
0.00167498
0.00126808
0.000873566
0.000501984
0.000141305
-0.000220897
-0.000574651
-0.000917502
-0.00126013
-0.00162516
-0.00202855
-0.00246297
-0.00292532
-0.0034126
-0.00392655
-0.0044553
-0.00497634
-0.00546423
-0.00588604
-0.00622476
-0.00645115
-0.00655514
-0.00654074
-0.00642344
-0.00624852
-0.00604282
-0.00584703
-0.00568402
-0.00556264
-0.00549372
-0.0054551
-0.00545022
-0.00547183
-0.00551106
-0.00556783
-0.00562185
-0.00568457
-0.00574568
-0.00580558
-0.00587887
-0.00594694
-0.00601688
-0.00607945
-0.00614166
-0.00621266
-0.00627043
-0.00633947
-0.00640775
-0.00646035
-0.00653645
-0.00660265
-0.00665211
-0.00673143
-0.00679997
-0.00684432
-0.00691057
-0.00697894
-0.00703209
-0.00708729
-0.0071305
-0.00718339
-0.00726471
-0.00730325
-0.00731161
-0.0073774
-0.0074514
-0.00747204
-0.00749475
-0.00754177
-0.00758307
-0.0076159
-0.00764284
-0.00766852
-0.0077044
-0.00773367
-0.00775121
-0.00777707
-0.00780572
-0.00782619
-0.00784467
-0.00786881
-0.00789028
-0.00790817
-0.00792813
-0.0079474
-0.00796644
-0.00798332
-0.00800143
-0.00801908
-0.00803356
-0.00805178
-0.00806813
0.000194352
0.00080728
0.00146427
0.00198958
0.00232002
0.00243019
0.00231713
0.00203331
0.00165327
0.00123665
0.00082837
0.000448743
8.64904e-05
-0.000278
-0.000634135
-0.000974176
-0.00130943
-0.00166447
-0.0020561
-0.00247688
-0.00292281
-0.00338899
-0.00387849
-0.00438074
-0.00487366
-0.00533709
-0.00574095
-0.00607232
-0.00630371
-0.00642326
-0.00643456
-0.00634666
-0.00619942
-0.00601449
-0.00583105
-0.00567542
-0.00555605
-0.00548709
-0.00544863
-0.00544427
-0.00546703
-0.00550626
-0.00556304
-0.00561597
-0.00567761
-0.00574003
-0.00580006
-0.00587323
-0.00594132
-0.0060098
-0.00607275
-0.00613554
-0.00620533
-0.0062629
-0.00633263
-0.00640142
-0.00645393
-0.00652964
-0.00659614
-0.00664527
-0.00672452
-0.00679459
-0.00683904
-0.0069037
-0.0069718
-0.00702578
-0.007082
-0.00712556
-0.007177
-0.00725763
-0.00729831
-0.00730786
-0.00737207
-0.00744535
-0.00746725
-0.00749075
-0.00753757
-0.00757874
-0.00761193
-0.00763935
-0.00766521
-0.00770103
-0.0077306
-0.00774855
-0.00777458
-0.0078033
-0.00782403
-0.00784273
-0.00786701
-0.00788863
-0.00790671
-0.00792679
-0.0079462
-0.00796536
-0.00798241
-0.0080006
-0.00801842
-0.00803303
-0.00805148
-0.0080682
-1.6095e-05
0.000602136
0.00127886
0.00182982
0.00218832
0.00233209
0.00225467
0.00199646
0.00162579
0.00120484
0.000784714
0.000394993
3.0021e-05
-0.000335311
-0.00069456
-0.00103367
-0.00136143
-0.00170427
-0.00208234
-0.00248858
-0.00291731
-0.00336254
-0.00382772
-0.00430408
-0.00476983
-0.00520971
-0.00559643
-0.00591964
-0.00615487
-0.00628785
-0.00632222
-0.00626263
-0.00614316
-0.005981
-0.00581213
-0.00566518
-0.00554872
-0.00547972
-0.00544147
-0.00543753
-0.0054611
-0.00550026
-0.0055572
-0.0056094
-0.00566976
-0.00573335
-0.00579402
-0.00586719
-0.00593536
-0.00600254
-0.00606544
-0.00612879
-0.00619784
-0.00625496
-0.00632504
-0.0063947
-0.00644717
-0.00652218
-0.00658903
-0.00663797
-0.00671714
-0.00678885
-0.00683345
-0.00689636
-0.00696413
-0.00701899
-0.00707629
-0.00712028
-0.00717019
-0.00725007
-0.00729305
-0.00730384
-0.00736633
-0.00743886
-0.00746213
-0.00748644
-0.00753304
-0.0075741
-0.00760768
-0.00763561
-0.00766166
-0.00769743
-0.0077273
-0.00774571
-0.00777192
-0.00780071
-0.00782169
-0.00784064
-0.00786508
-0.00788687
-0.00790515
-0.00792536
-0.00794492
-0.00796421
-0.00798143
-0.00799972
-0.00801769
-0.00803246
-0.00805112
-0.00806823
-0.000225013
0.000397705
0.00109156
0.00166584
0.00204991
0.00222366
0.00217928
0.00194748
0.00158995
0.00116972
0.00074172
0.000341122
-2.84644e-05
-0.000392969
-0.000753854
-0.00109382
-0.00141574
-0.00174507
-0.00210787
-0.00249912
-0.00290995
-0.0033338
-0.00377425
-0.00422522
-0.00466517
-0.00508252
-0.00545251
-0.00576657
-0.00600476
-0.00614987
-0.0062051
-0.00617231
-0.00607991
-0.00594171
-0.00578934
-0.00565221
-0.00554003
-0.00547171
-0.00543352
-0.00542994
-0.00545436
-0.00549306
-0.0055499
-0.00560178
-0.00566102
-0.00572588
-0.00578743
-0.00586055
-0.00592906
-0.00599515
-0.00605757
-0.00612118
-0.00618974
-0.00624655
-0.00631675
-0.0063873
-0.00643995
-0.0065142
-0.00658144
-0.00663032
-0.00670926
-0.00678253
-0.00682733
-0.00688851
-0.00695598
-0.00701169
-0.00707011
-0.0071147
-0.00716303
-0.00724194
-0.00728735
-0.00729951
-0.00736019
-0.00743194
-0.00745668
-0.00748183
-0.00752819
-0.00756915
-0.00760315
-0.00763159
-0.00765784
-0.00769356
-0.00772377
-0.00774266
-0.00776905
-0.00779792
-0.00781919
-0.00783841
-0.00786302
-0.00788497
-0.00790346
-0.00792382
-0.00794354
-0.00796297
-0.00798037
-0.00799877
-0.0080169
-0.00803183
-0.0080507
-0.00806821
-0.00043279
0.000194331
0.000903772
0.00149922
0.00190664
0.00210747
0.00209341
0.00188725
0.00154474
0.00112926
0.000697953
0.000288237
-8.78159e-05
-0.000451397
-0.000811597
-0.00115336
-0.00147212
-0.00178822
-0.00213334
-0.00250827
-0.00290095
-0.00330268
-0.00371807
-0.00414427
-0.00455997
-0.00495575
-0.00530939
-0.00561406
-0.00585419
-0.00601041
-0.00608449
-0.00607574
-0.00600908
-0.00589554
-0.00576139
-0.00563595
-0.00552966
-0.00546298
-0.00542501
-0.0054215
-0.00544692
-0.00548498
-0.00554096
-0.00559282
-0.00565162
-0.00571776
-0.00578002
-0.005853
-0.00592213
-0.0059874
-0.00604926
-0.00611284
-0.0061808
-0.00623768
-0.00630818
-0.00637932
-0.00643208
-0.00650564
-0.00657339
-0.00662221
-0.00670062
-0.00677553
-0.00682091
-0.00688032
-0.00694735
-0.0070039
-0.00706342
-0.00710867
-0.00715541
-0.00723325
-0.0072812
-0.00729491
-0.00735367
-0.00742457
-0.00745086
-0.00747689
-0.00752299
-0.00756385
-0.00759828
-0.00762729
-0.00765376
-0.00768943
-0.00771998
-0.00773939
-0.00776598
-0.00779494
-0.00781651
-0.00783601
-0.00786078
-0.00788294
-0.00790164
-0.00792218
-0.00794205
-0.00796165
-0.00797922
-0.00799775
-0.00801603
-0.00803115
-0.00805021
-0.00806813
-0.000639012
-7.41287e-06
0.000716697
0.00133129
0.00175928
0.00198371
0.00199715
0.00181565
0.00148956
0.00108194
0.000651163
0.000235886
-0.000147377
-0.000511452
-0.000868791
-0.00121077
-0.00152846
-0.00183327
-0.00215891
-0.00251513
-0.00288964
-0.00326976
-0.00365968
-0.00406147
-0.00445453
-0.00482961
-0.00516781
-0.00546309
-0.00570355
-0.00586947
-0.0059608
-0.0059737
-0.0059308
-0.00584233
-0.0057279
-0.00561583
-0.00551699
-0.0054528
-0.00541602
-0.00541239
-0.0054385
-0.00547634
-0.00553064
-0.00558233
-0.00564109
-0.00570834
-0.00577172
-0.00584454
-0.00591423
-0.00597935
-0.00604074
-0.00610411
-0.00617132
-0.00622802
-0.00629902
-0.0063709
-0.00642336
-0.00649615
-0.00656495
-0.00661381
-0.00669129
-0.00676803
-0.00681432
-0.00687157
-0.00693787
-0.00699555
-0.00705629
-0.00710216
-0.00714735
-0.00722414
-0.00727466
-0.00728992
-0.00734668
-0.00741671
-0.00744466
-0.00747158
-0.0075174
-0.00755819
-0.00759311
-0.0076227
-0.00764938
-0.007685
-0.00771593
-0.00773589
-0.00776269
-0.00779174
-0.00781362
-0.00783343
-0.00785839
-0.00788077
-0.00789969
-0.00792041
-0.00794045
-0.00796023
-0.00797798
-0.00799666
-0.00801508
-0.00803039
-0.00804966
-0.00806798
-0.000844475
-0.000208717
0.000529411
0.00116187
0.00160808
0.00185264
0.00189074
0.00173368
0.00142533
0.0010273
0.000599338
0.000182075
-0.000206663
-0.000572379
-0.000926056
-0.00126551
-0.00158253
-0.00187902
-0.00218526
-0.00252007
-0.00287581
-0.00323626
-0.00360053
-0.00397745
-0.00434936
-0.0047045
-0.00502823
-0.00531411
-0.00555335
-0.00572748
-0.00583464
-0.00586784
-0.00584593
-0.00578169
-0.00568833
-0.00559068
-0.00550101
-0.00544069
-0.0054063
-0.00540307
-0.0054291
-0.00546697
-0.00551941
-0.00557008
-0.00562858
-0.00569725
-0.00576301
-0.00583582
-0.00590533
-0.0059707
-0.00603171
-0.00609481
-0.0061615
-0.00621723
-0.00628857
-0.00636227
-0.00641433
-0.00648565
-0.00655595
-0.00660524
-0.00668134
-0.00675975
-0.00680717
-0.00686211
-0.00692765
-0.00698686
-0.00704897
-0.00709518
-0.0071386
-0.00721441
-0.0072677
-0.00728451
-0.00733916
-0.0074084
-0.0074381
-0.00746589
-0.00751142
-0.0075522
-0.00758758
-0.00761775
-0.00764468
-0.00768029
-0.0077116
-0.00773215
-0.00775914
-0.00778832
-0.00781052
-0.00783068
-0.00785582
-0.00787845
-0.00789759
-0.00791851
-0.00793873
-0.00795871
-0.00797665
-0.00799548
-0.00801405
-0.00802956
-0.00804903
-0.00806774
-0.00104953
-0.000410083
0.000341348
0.000991206
0.00145425
0.00171622
0.00177593
0.00164262
0.00135272
0.000965161
0.000541564
0.000125112
-0.0002657
-0.000633097
-0.000984277
-0.00131871
-0.00163287
-0.00192377
-0.00221293
-0.00252469
-0.00286003
-0.00320204
-0.00354165
-0.00389245
-0.00424397
-0.00458064
-0.00489072
-0.0051678
-0.0054048
-0.00558552
-0.0057066
-0.00575884
-0.0057555
-0.00571304
-0.00564179
-0.00555999
-0.00548123
-0.00542635
-0.00539516
-0.00539346
-0.00541904
-0.00545654
-0.00550737
-0.00555626
-0.00561423
-0.00568473
-0.00575362
-0.00582674
-0.00589513
-0.00596055
-0.00602184
-0.00608504
-0.00615167
-0.00620599
-0.00627676
-0.00635315
-0.00640546
-0.00647406
-0.00654558
-0.00659635
-0.00667102
-0.00675064
-0.00679954
-0.00685235
-0.00691686
-0.00697751
-0.00704112
-0.00708767
-0.00712914
-0.00720403
-0.00726043
-0.00727882
-0.00733105
-0.00739953
-0.00743117
-0.00745982
-0.00750498
-0.00754576
-0.00758167
-0.00761249
-0.00763969
-0.00767526
-0.00770695
-0.00772813
-0.00775535
-0.00778468
-0.00780722
-0.00782772
-0.00785306
-0.00787596
-0.00789534
-0.00791647
-0.00793689
-0.00795708
-0.00797521
-0.00799421
-0.00801293
-0.00802865
-0.00804833
-0.00806741
-0.00125276
-0.000610153
0.0001531
0.00081954
0.00129867
0.00157584
0.00165385
0.00154223
0.00127116
0.000895167
0.000477118
6.35012e-05
-0.000326111
-0.000693252
-0.00104287
-0.00137122
-0.00167913
-0.00196566
-0.00224115
-0.00252988
-0.00284236
-0.00316526
-0.00348281
-0.00380777
-0.00413887
-0.00445921
-0.0047564
-0.00502474
-0.00525881
-0.00544444
-0.00557691
-0.00564656
-0.00566077
-0.00563731
-0.00558758
-0.00552371
-0.00545747
-0.00540885
-0.00538164
-0.00538283
-0.00540872
-0.0054454
-0.00549421
-0.0055415
-0.00559879
-0.00567014
-0.00574209
-0.00581656
-0.00588407
-0.00594948
-0.00601145
-0.00607473
-0.00614153
-0.00619465
-0.00626374
-0.00634257
-0.00639631
-0.00646175
-0.00653383
-0.00658716
-0.0066607
-0.00674087
-0.00679131
-0.00684203
-0.00690511
-0.0069672
-0.00703276
-0.00707999
-0.00711923
-0.00719282
-0.00725262
-0.00727285
-0.00732237
-0.00739
-0.00742385
-0.00745338
-0.00749806
-0.00753894
-0.00757545
-0.0076069
-0.0076343
-0.00766986
-0.007702
-0.00772388
-0.00775132
-0.00778078
-0.00780366
-0.00782455
-0.00785012
-0.00787329
-0.00789293
-0.00791427
-0.00793492
-0.00795533
-0.00797367
-0.00799284
-0.00801172
-0.00802764
-0.00804753
-0.00806697
-0.00145288
-0.000808135
-3.52525e-05
0.000646213
0.00114094
0.00143203
0.0015256
0.00143331
0.00118119
0.000818267
0.000406917
-2.38391e-06
-0.000388492
-0.000752667
-0.00110044
-0.00142406
-0.00172336
-0.00200367
-0.00226814
-0.0025358
-0.00282375
-0.00312596
-0.00342464
-0.00372597
-0.00403546
-0.00434016
-0.0046254
-0.00488486
-0.00511569
-0.00530529
-0.00544642
-0.00553115
-0.00556271
-0.00555594
-0.00552535
-0.00548081
-0.00542927
-0.0053878
-0.00536503
-0.00537047
-0.00539826
-0.00543416
-0.00547988
-0.0055257
-0.00558219
-0.00565297
-0.00572819
-0.00580545
-0.00587276
-0.00593829
-0.006
-0.00606262
-0.00613047
-0.00618337
-0.00625023
-0.0063306
-0.00638631
-0.00644924
-0.00652146
-0.0065772
-0.00664969
-0.00673022
-0.00678238
-0.00683112
-0.00689264
-0.00695625
-0.00702394
-0.00707201
-0.00710882
-0.00718068
-0.00724407
-0.00726666
-0.00731332
-0.00737979
-0.007416
-0.0074466
-0.00749074
-0.00753165
-0.00756877
-0.00760091
-0.00762858
-0.00766415
-0.00769673
-0.00771931
-0.00774697
-0.0077766
-0.00779988
-0.00782117
-0.00784697
-0.00787043
-0.00789036
-0.00791192
-0.00793282
-0.00795345
-0.00797201
-0.00799136
-0.00801039
-0.00802653
-0.00804665
-0.00806642
-0.00164997
-0.00100373
-0.000222858
0.000472128
0.000981851
0.00128634
0.00139307
0.0013175
0.00108349
0.000735026
0.000331749
-7.2754e-05
-0.000454339
-0.000813458
-0.00115692
-0.00147692
-0.00176706
-0.00203738
-0.00229192
-0.00254204
-0.0028059
-0.00308587
-0.00336707
-0.0036469
-0.00393397
-0.00422296
-0.00449796
-0.00474952
-0.00497619
-0.00516895
-0.00531639
-0.00541307
-0.00546168
-0.00547009
-0.00545606
-0.00543038
-0.00539588
-0.00536395
-0.00534504
-0.00535533
-0.00538677
-0.00542241
-0.00546497
-0.00550842
-0.00556428
-0.00563464
-0.0057125
-0.00579266
-0.00586006
-0.0059262
-0.00598753
-0.00604871
-0.00611848
-0.00617243
-0.00623689
-0.00631787
-0.00637499
-0.00643582
-0.00650838
-0.00656607
-0.00663752
-0.00671911
-0.00677346
-0.00681992
-0.00687928
-0.00694437
-0.0070144
-0.00706349
-0.00709796
-0.00716785
-0.0072348
-0.00726008
-0.00730388
-0.00736897
-0.00740758
-0.0074394
-0.00748297
-0.00752386
-0.00756165
-0.00759459
-0.00762254
-0.00765805
-0.00769108
-0.00771444
-0.00774238
-0.00777217
-0.00779583
-0.00781753
-0.00784361
-0.00786738
-0.00788762
-0.00790939
-0.00793055
-0.00795143
-0.00797022
-0.00798978
-0.00800897
-0.00802533
-0.00804567
-0.00806573
-0.00184429
-0.00119663
-0.000408864
0.000298179
0.000821927
0.00113912
0.00125696
0.00119525
0.000978335
0.000645602
0.000251955
-0.000147867
-0.000524426
-0.000876405
-0.00121185
-0.0015274
-0.00181034
-0.00206856
-0.00231232
-0.0025478
-0.00278947
-0.00304605
-0.00330889
-0.00356948
-0.00383596
-0.00410955
-0.00437482
-0.00461981
-0.00484109
-0.00503513
-0.00518803
-0.00529372
-0.00535791
-0.00538038
-0.00538069
-0.00537232
-0.00535569
-0.00533735
-0.00532234
-0.00533607
-0.00537286
-0.00540957
-0.0054503
-0.00549027
-0.00554474
-0.00561601
-0.00569489
-0.00577725
-0.00584545
-0.00591247
-0.00597507
-0.00603446
-0.00610501
-0.00616109
-0.00622323
-0.00630427
-0.00636282
-0.00642082
-0.00649393
-0.00655483
-0.00662513
-0.00670721
-0.00676403
-0.00680814
-0.00686483
-0.0069315
-0.00700426
-0.0070545
-0.00708666
-0.00715451
-0.00722484
-0.00725283
-0.00729391
-0.00735769
-0.00739863
-0.00743161
-0.00747475
-0.00751573
-0.00755413
-0.0075878
-0.00761607
-0.00765156
-0.0076851
-0.00770926
-0.00773746
-0.00776741
-0.00779151
-0.00781364
-0.00784002
-0.00786411
-0.00788468
-0.00790668
-0.00792815
-0.00794929
-0.0079683
-0.00798807
-0.00800742
-0.008024
-0.00804456
-0.00806492
-0.00203555
-0.00138646
-0.000592742
0.000124778
0.000661443
0.000990443
0.00111834
0.00106805
0.000866905
0.000550342
0.000167741
-0.000226751
-0.000598128
-0.000941787
-0.00126692
-0.00157557
-0.00185315
-0.00209958
-0.00233007
-0.00255142
-0.00277337
-0.00300741
-0.00325093
-0.00349472
-0.00374303
-0.0040009
-0.00425559
-0.00449509
-0.00471157
-0.00490412
-0.00506235
-0.00517488
-0.00525099
-0.00528721
-0.00530036
-0.00530795
-0.00530812
-0.00530631
-0.00529825
-0.00531294
-0.00535545
-0.00539533
-0.00543539
-0.00547202
-0.00552332
-0.00559632
-0.00567607
-0.00575954
-0.00582912
-0.00589645
-0.00596189
-0.00602082
-0.00608966
-0.00614784
-0.00620902
-0.00629029
-0.00635113
-0.00640507
-0.00647728
-0.00654325
-0.00661272
-0.00669338
-0.00675336
-0.00679669
-0.00685012
-0.00691749
-0.00699327
-0.00704512
-0.00707484
-0.00714038
-0.00721422
-0.00724506
-0.00728332
-0.00734588
-0.0073893
-0.0074233
-0.00746595
-0.00750714
-0.00754615
-0.00758054
-0.00760922
-0.0076447
-0.00767871
-0.00770372
-0.00773226
-0.0077624
-0.00778694
-0.00780949
-0.00783619
-0.00786065
-0.00788157
-0.00790379
-0.00792556
-0.00794699
-0.00796621
-0.00798622
-0.00800574
-0.00802254
-0.00804334
-0.00806396
-0.00222272
-0.00157234
-0.000773518
-4.72678e-05
0.000500875
0.000840939
0.000978422
0.00093774
0.000749827
0.000448928
7.89516e-05
-0.000308482
-0.000674819
-0.00101048
-0.00132425
-0.00162236
-0.00189355
-0.00213016
-0.00234612
-0.00255269
-0.00275743
-0.00297114
-0.00319489
-0.00342281
-0.00365447
-0.00389658
-0.00414098
-0.00437574
-0.00458907
-0.00477761
-0.00493931
-0.00505779
-0.00514176
-0.0051915
-0.00521652
-0.00523818
-0.0052536
-0.00526844
-0.00527264
-0.00528788
-0.00533374
-0.00537835
-0.00541879
-0.00545377
-0.00550077
-0.00557464
-0.00565699
-0.00574062
-0.0058111
-0.00587791
-0.00594602
-0.00600732
-0.00607375
-0.00613254
-0.00619451
-0.00627616
-0.00633938
-0.00638931
-0.00645811
-0.00652942
-0.0066005
-0.00667907
-0.0067416
-0.00678541
-0.00683522
-0.00690203
-0.00698109
-0.00703541
-0.0070625
-0.00712525
-0.00720311
-0.00723718
-0.00727199
-0.00733316
-0.00737964
-0.00741461
-0.00745641
-0.00749798
-0.00753788
-0.00757291
-0.00760189
-0.00763743
-0.00767201
-0.00769789
-0.00772672
-0.00775704
-0.00778206
-0.00780508
-0.00783215
-0.00785696
-0.00787822
-0.00790067
-0.00792277
-0.00794453
-0.00796399
-0.00798425
-0.00800394
-0.00802096
-0.00804199
-0.00806283
-0.0024059
-0.00175418
-0.000950862
-0.000217236
0.000340842
0.000691306
0.000837821
0.000805598
0.000628394
0.000341906
-1.41806e-05
-0.000392624
-0.000753792
-0.00108248
-0.00138459
-0.00166914
-0.00193097
-0.0021595
-0.00236207
-0.00255308
-0.00274136
-0.00293635
-0.0031413
-0.00335382
-0.00357042
-0.00379791
-0.00403281
-0.00426229
-0.004473
-0.00465703
-0.00481897
-0.00494276
-0.00503191
-0.00509366
-0.00513054
-0.00516378
-0.00519327
-0.00522311
-0.00524295
-0.00526215
-0.00530833
-0.00535737
-0.00539991
-0.00543507
-0.005478
-0.0055511
-0.00563731
-0.00572127
-0.00579136
-0.00585696
-0.00592672
-0.00599263
-0.00605868
-0.0061166
-0.00617897
-0.00626068
-0.00632626
-0.00637427
-0.00643836
-0.00651275
-0.00658785
-0.00666533
-0.00672835
-0.00677291
-0.00682038
-0.00688591
-0.00696759
-0.00702508
-0.00704997
-0.00710927
-0.00719118
-0.00722919
-0.00726014
-0.00731929
-0.00736942
-0.00740582
-0.00744637
-0.00748812
-0.00752916
-0.00756497
-0.00759419
-0.00762971
-0.00766486
-0.00769163
-0.00772082
-0.00775139
-0.00777693
-0.00780038
-0.00782779
-0.007853
-0.00787467
-0.00789739
-0.00791983
-0.00794193
-0.00796159
-0.00798211
-0.00800199
-0.00801922
-0.00804049
-0.00806156
-0.00258532
-0.00193204
-0.00112446
-0.000384049
0.000182718
0.000542502
0.00069732
0.000672832
0.000504582
0.000230515
-0.000111598
-0.000479516
-0.000834614
-0.00115694
-0.001448
-0.00171762
-0.00196691
-0.00218692
-0.00237777
-0.00255328
-0.00272492
-0.00290287
-0.00309134
-0.00328914
-0.00349207
-0.0037062
-0.00393134
-0.00415419
-0.00436245
-0.00454353
-0.00470249
-0.0048298
-0.00492341
-0.00499489
-0.00504339
-0.00508591
-0.005128
-0.00517106
-0.00520664
-0.00523472
-0.00528133
-0.00533331
-0.00537832
-0.00541492
-0.00545511
-0.00552578
-0.00561577
-0.00570153
-0.00577055
-0.0058345
-0.00590501
-0.00597505
-0.0060429
-0.00610111
-0.00616237
-0.00624289
-0.00631189
-0.00636052
-0.0064196
-0.00649369
-0.00657253
-0.00665119
-0.00671456
-0.00675937
-0.00680545
-0.00686958
-0.00695294
-0.00701399
-0.00703727
-0.00709231
-0.00717792
-0.00722106
-0.00724838
-0.00730445
-0.00735827
-0.00739686
-0.00743601
-0.00747754
-0.00751991
-0.00755674
-0.00758603
-0.0076214
-0.00765728
-0.00768516
-0.00771469
-0.0077454
-0.00777141
-0.00779532
-0.0078232
-0.00784888
-0.00787094
-0.00789389
-0.00791666
-0.00793915
-0.00795903
-0.00797982
-0.0079999
-0.00801732
-0.00803883
-0.0080601
-0.00276023
-0.00210557
-0.00129395
-0.00054708
2.75553e-05
0.000395573
0.000557781
0.00054012
0.000379571
0.000115928
-0.000213298
-0.000569706
-0.000917098
-0.00123293
-0.00151403
-0.00176905
-0.00200319
-0.00221206
-0.002392
-0.0025536
-0.00270938
-0.00287141
-0.00304499
-0.0032291
-0.00341994
-0.00362179
-0.00383693
-0.00405242
-0.00425779
-0.00443731
-0.00459156
-0.00471991
-0.00481752
-0.00489591
-0.00495495
-0.00500632
-0.00505967
-0.00511415
-0.00516332
-0.00520278
-0.00525288
-0.00530748
-0.00535347
-0.00539218
-0.00543185
-0.00549823
-0.0055917
-0.00568188
-0.00574997
-0.00581169
-0.00588124
-0.00595355
-0.00602453
-0.00608569
-0.00614636
-0.0062241
-0.00629625
-0.00634653
-0.0064007
-0.00647345
-0.00655508
-0.00663574
-0.00670092
-0.0067457
-0.00678968
-0.00685264
-0.00693765
-0.0070021
-0.00702396
-0.00707441
-0.00716353
-0.00721278
-0.00723687
-0.00728882
-0.00734583
-0.0073874
-0.00742565
-0.00746653
-0.00750982
-0.0075479
-0.00757763
-0.00761291
-0.00764937
-0.00767824
-0.00770809
-0.007739
-0.00776563
-0.00779006
-0.00781837
-0.00784448
-0.0078669
-0.00789013
-0.00791328
-0.0079362
-0.00795631
-0.00797735
-0.00799767
-0.00801529
-0.00803701
-0.00805845
-0.00292963
-0.00227389
-0.00145881
-0.000706041
-0.000124155
0.000251401
0.000420092
0.000408192
0.000254282
-6.42786e-07
-0.000318308
-0.000663039
-0.00100111
-0.00131006
-0.00158225
-0.00182366
-0.00204116
-0.00223583
-0.00240477
-0.00255398
-0.00269549
-0.00284229
-0.00300189
-0.00317404
-0.00335515
-0.00354617
-0.00375069
-0.00395822
-0.00415863
-0.00433699
-0.00448719
-0.00461386
-0.00471429
-0.00479735
-0.00486643
-0.0049277
-0.0049905
-0.00505352
-0.00511283
-0.00516399
-0.00522083
-0.00528072
-0.00532777
-0.00536711
-0.0054078
-0.00546889
-0.00556452
-0.00566211
-0.00572983
-0.00578828
-0.00585548
-0.00592914
-0.00600381
-0.0060681
-0.0061309
-0.00620673
-0.00627832
-0.00633037
-0.006382
-0.00645363
-0.00653725
-0.00661831
-0.00668542
-0.00673202
-0.00677381
-0.00683457
-0.00692143
-0.00698996
-0.0070105
-0.00705557
-0.00714786
-0.00720406
-0.00722537
-0.0072727
-0.00733259
-0.00737733
-0.00741487
-0.00745509
-0.00749924
-0.0075387
-0.007569
-0.00760396
-0.00764079
-0.00767079
-0.00770127
-0.00773251
-0.00775963
-0.00778442
-0.00781317
-0.00783983
-0.00786266
-0.00788617
-0.00790968
-0.00793304
-0.00795338
-0.0079747
-0.00799528
-0.00801307
-0.00803502
-0.00805664
-0.00309237
-0.0024359
-0.00161826
-0.000860691
-0.000272197
0.000110399
0.000285143
0.000277963
0.000129564
-0.000118125
-0.000425573
-0.000759242
-0.00108739
-0.0013886
-0.00165225
-0.00188086
-0.00208189
-0.00226014
-0.00241656
-0.00255394
-0.00268296
-0.00281586
-0.00296263
-0.00312498
-0.00329816
-0.00347977
-0.00367319
-0.00387249
-0.0040654
-0.00424109
-0.00438962
-0.00451293
-0.00461472
-0.00470138
-0.00477951
-0.00485091
-0.00492071
-0.00499029
-0.00505697
-0.00511899
-0.00518383
-0.00525117
-0.00530312
-0.00534054
-0.00538183
-0.0054394
-0.00553274
-0.00563958
-0.00571088
-0.00576472
-0.00582909
-0.00590386
-0.0059817
-0.00604648
-0.0061124
-0.00619169
-0.0062608
-0.00631209
-0.00636319
-0.00643291
-0.00651871
-0.0066006
-0.00666753
-0.00671725
-0.00675894
-0.00681583
-0.00690365
-0.00697803
-0.00699765
-0.0070353
-0.00713006
-0.00719504
-0.00721448
-0.00725639
-0.00731855
-0.00736624
-0.0074033
-0.00744367
-0.00748874
-0.00752876
-0.00755942
-0.0075946
-0.00763213
-0.00766318
-0.00769415
-0.00772561
-0.00775321
-0.00777844
-0.00780773
-0.00783499
-0.00785818
-0.00788197
-0.00790588
-0.0079297
-0.0079503
-0.00797183
-0.00799269
-0.00801066
-0.00803282
-0.00805465
-0.00324742
-0.0025908
-0.00177159
-0.00101053
-0.000416184
-2.7125e-05
0.000153438
0.000150148
5.9732e-06
-0.000235762
-0.0005347
-0.00085829
-0.00117683
-0.00146908
-0.00172388
-0.00194028
-0.00212564
-0.00228641
-0.00242794
-0.00255345
-0.00267125
-0.00279272
-0.00292825
-0.00308205
-0.00324886
-0.00342333
-0.00360598
-0.0037953
-0.00397927
-0.0041495
-0.00429758
-0.00441827
-0.00451985
-0.00460987
-0.00469473
-0.0047752
-0.00485113
-0.00492705
-0.00499974
-0.00506887
-0.00514034
-0.00521536
-0.00527805
-0.00531583
-0.00535478
-0.00541046
-0.00549684
-0.00561139
-0.0056934
-0.00574259
-0.00580265
-0.00587798
-0.00595767
-0.00602194
-0.00608872
-0.0061769
-0.00624745
-0.00629251
-0.00634232
-0.00641104
-0.00649864
-0.00658433
-0.00664943
-0.00669915
-0.00674384
-0.00679824
-0.0068844
-0.00696502
-0.0069856
-0.00701439
-0.0071102
-0.00718583
-0.00720424
-0.00723912
-0.00730358
-0.00735525
-0.00739132
-0.00743138
-0.00747783
-0.00751851
-0.00754946
-0.00758509
-0.00762332
-0.00765503
-0.00768639
-0.00771832
-0.00774658
-0.00777224
-0.00780203
-0.00782992
-0.0078535
-0.00787758
-0.00790189
-0.00792616
-0.007947
-0.00796878
-0.00798993
-0.0080081
-0.00803043
-0.0080524
-0.00339353
-0.00273748
-0.00191762
-0.00115445
-0.000555387
-0.000160681
2.50972e-05
2.52105e-05
-0.000116114
-0.000353112
-0.000645294
-0.000959779
-0.00126934
-0.00155208
-0.00179713
-0.00200171
-0.00217211
-0.00231587
-0.00244067
-0.00255354
-0.00266078
-0.00277286
-0.00289933
-0.00304579
-0.00320776
-0.00337643
-0.00354927
-0.00372693
-0.00390141
-0.00406373
-0.00420918
-0.00433005
-0.00443121
-0.00452383
-0.00461293
-0.00470056
-0.0047842
-0.00486585
-0.00494273
-0.00501432
-0.00509051
-0.00517329
-0.0052491
-0.00529424
-0.00532887
-0.00538111
-0.00546004
-0.00557627
-0.00567386
-0.00572359
-0.0057764
-0.00585036
-0.00593241
-0.00599901
-0.00606141
-0.0061555
-0.00623727
-0.00627662
-0.00631956
-0.00638767
-0.00647558
-0.00656754
-0.00663428
-0.00667924
-0.00672563
-0.00678146
-0.00686501
-0.0069504
-0.00697451
-0.00699439
-0.00708813
-0.00717473
-0.00719435
-0.00722201
-0.00728838
-0.00734438
-0.00737846
-0.00741769
-0.00746696
-0.00750895
-0.00753913
-0.00757459
-0.00761388
-0.00764662
-0.00767844
-0.00771086
-0.00773971
-0.00776572
-0.00779603
-0.00782464
-0.00784859
-0.00787292
-0.00789766
-0.00792243
-0.00794357
-0.00796559
-0.00798701
-0.00800536
-0.00802784
-0.00804993
-0.00352934
-0.00287404
-0.00205458
-0.00129084
-0.00068905
-0.000289927
-0.000100012
-9.69006e-05
-0.000236701
-0.000470442
-0.000757399
-0.00106406
-0.001365
-0.00163832
-0.00187256
-0.00206522
-0.00222077
-0.00234824
-0.00245581
-0.00255458
-0.0026519
-0.00275673
-0.00287703
-0.00301708
-0.00317457
-0.00333862
-0.00350365
-0.00366908
-0.00383206
-0.00398505
-0.00412451
-0.00424704
-0.00434972
-0.00444363
-0.00453616
-0.00462895
-0.00472044
-0.00480648
-0.00488594
-0.00495915
-0.00503746
-0.00512616
-0.00521315
-0.00527189
-0.00530676
-0.00535233
-0.00542488
-0.00553621
-0.00564679
-0.00570692
-0.00575285
-0.00582163
-0.00590671
-0.00597826
-0.00603272
-0.006124
-0.00622576
-0.00626939
-0.00629774
-0.00636114
-0.00644961
-0.00654809
-0.00662274
-0.00666159
-0.00670278
-0.00676238
-0.00684719
-0.00693625
-0.00696357
-0.00697431
-0.00706394
-0.00716222
-0.00718576
-0.00720536
-0.0072716
-0.00733298
-0.00736614
-0.00740349
-0.00745526
-0.00749929
-0.00752861
-0.00756349
-0.00760415
-0.00763825
-0.00767036
-0.00770307
-0.00773249
-0.00775889
-0.00778972
-0.00781905
-0.00784341
-0.00786803
-0.00789325
-0.00791852
-0.00793996
-0.00796218
-0.0079839
-0.00800245
-0.0080251
-0.00804734
-0.0036542
-0.00299949
-0.00218147
-0.0014187
-0.000816721
-0.000414962
-0.000222107
-0.000216574
-0.00035575
-0.000588122
-0.000871254
-0.00117137
-0.00146363
-0.00172779
-0.00195061
-0.00213029
-0.00227059
-0.00238218
-0.0024738
-0.00255851
-0.00264667
-0.00274546
-0.00286166
-0.00299682
-0.00314989
-0.00331019
-0.00346853
-0.00362197
-0.00377104
-0.0039138
-0.00404602
-0.00416846
-0.00427524
-0.00437092
-0.00446599
-0.00456151
-0.00465806
-0.00474897
-0.00483105
-0.00490689
-0.00498484
-0.00507494
-0.00517031
-0.00524444
-0.00528758
-0.00532748
-0.00539189
-0.00549429
-0.00561073
-0.00568881
-0.00573443
-0.00579334
-0.00587844
-0.00595762
-0.00600775
-0.0060872
-0.006205
-0.00626705
-0.00628259
-0.00633333
-0.00642114
-0.00652409
-0.00661075
-0.0066499
-0.00667959
-0.00673823
-0.00682915
-0.0069239
-0.00695263
-0.00695385
-0.00703947
-0.00714922
-0.00717686
-0.0071882
-0.00725412
-0.00732196
-0.00735475
-0.00738856
-0.00744188
-0.00748947
-0.007519
-0.00755249
-0.00759375
-0.00762943
-0.0076621
-0.00769511
-0.00772504
-0.0077518
-0.00778316
-0.00781327
-0.00783809
-0.00786297
-0.0078886
-0.00791433
-0.00793608
-0.00795858
-0.00798059
-0.00799936
-0.00802216
-0.00804463
-0.00376686
-0.00311389
-0.00229873
-0.00153848
-0.000938611
-0.000536731
-0.000342513
-0.000335683
-0.000474759
-0.000707528
-0.000988097
-0.00128266
-0.00156597
-0.00182042
-0.00203111
-0.00219627
-0.00232055
-0.00241605
-0.00249394
-0.00256615
-0.00264594
-0.00274004
-0.00285405
-0.00298637
-0.00313485
-0.00329096
-0.00344256
-0.00358514
-0.00371978
-0.0038511
-0.00397661
-0.00409623
-0.00420702
-0.00430622
-0.00440263
-0.00449963
-0.00459814
-0.00469394
-0.00477971
-0.00485777
-0.00493507
-0.00502236
-0.00512257
-0.00521075
-0.00526755
-0.00530807
-0.00536229
-0.0054538
-0.00557042
-0.00566421
-0.00571781
-0.00576874
-0.00584888
-0.00593538
-0.00598804
-0.00605127
-0.00617084
-0.00626083
-0.00627842
-0.00630922
-0.00638929
-0.00649512
-0.00659469
-0.00664283
-0.0066619
-0.00670976
-0.00680494
-0.00691232
-0.00694595
-0.00693482
-0.00701256
-0.00713376
-0.00716817
-0.00717246
-0.00723671
-0.00730996
-0.00734329
-0.007374
-0.00742783
-0.00747907
-0.00750988
-0.00754167
-0.00758264
-0.00762008
-0.00765389
-0.00768717
-0.00771741
-0.00774452
-0.00777647
-0.00780734
-0.00783257
-0.00785767
-0.0078837
-0.00790992
-0.00793203
-0.00795475
-0.00797699
-0.00799596
-0.00801885
-0.00804125
-0.00386202
-0.00321468
-0.00240567
-0.00165106
-0.00105629
-0.000658384
-0.000465654
-0.000459477
-0.000598704
-0.000832452
-0.00111122
-0.0014003
-0.00167371
-0.00191578
-0.00211254
-0.00226123
-0.00236871
-0.00244802
-0.00251416
-0.00257713
-0.00265085
-0.00274211
-0.00285506
-0.00298628
-0.00312967
-0.00327937
-0.00342325
-0.00355654
-0.00367891
-0.00379804
-0.00391662
-0.00403242
-0.00414514
-0.00424889
-0.00434703
-0.00444453
-0.0045428
-0.00464159
-0.00473178
-0.00481153
-0.00488881
-0.00497281
-0.00507325
-0.00517206
-0.00524329
-0.00529128
-0.00533956
-0.00541819
-0.0055293
-0.00563187
-0.00569958
-0.00575145
-0.00582083
-0.00590961
-0.00597292
-0.00602318
-0.00612988
-0.00624382
-0.00628078
-0.00629568
-0.00635772
-0.00646249
-0.00657345
-0.00663595
-0.00665307
-0.00668347
-0.00677314
-0.00689853
-0.00694506
-0.00691863
-0.00698232
-0.00711657
-0.00716173
-0.00715791
-0.00721781
-0.00729689
-0.00733291
-0.00736089
-0.00741331
-0.00746731
-0.00750089
-0.0075319
-0.00757163
-0.00761021
-0.0076456
-0.00767944
-0.00770992
-0.00773733
-0.00776982
-0.00780142
-0.00782721
-0.00785262
-0.00787902
-0.00790569
-0.00792817
-0.00795114
-0.00797361
-0.00799278
-0.00801589
-0.00803864
-0.00393143
-0.00329494
-0.00249757
-0.00175476
-0.00117124
-0.000784365
-0.000599342
-0.00059781
-0.000738559
-0.00097257
-0.00124887
-0.00153031
-0.00179083
-0.00201556
-0.00219445
-0.00232405
-0.00241387
-0.00247761
-0.00253389
-0.00259228
-0.00266384
-0.00275482
-0.00286683
-0.00299648
-0.00313351
-0.00327409
-0.00340876
-0.00353371
-0.00364691
-0.0037548
-0.00386603
-0.00397832
-0.00409066
-0.00419721
-0.0042977
-0.00439527
-0.00449237
-0.00459128
-0.00468513
-0.00476804
-0.00484624
-0.00492843
-0.00502386
-0.00512728
-0.00521263
-0.0052722
-0.00532166
-0.00538718
-0.00548827
-0.00559521
-0.00567519
-0.00573531
-0.00579634
-0.00588127
-0.00595736
-0.00600227
-0.00608886
-0.00621292
-0.00627832
-0.00629317
-0.00633224
-0.006427
-0.00654618
-0.00662335
-0.00664932
-0.00666768
-0.00673702
-0.00687242
-0.00694581
-0.00691211
-0.00695219
-0.00709347
-0.00715466
-0.0071457
-0.00719872
-0.0072827
-0.00732262
-0.00734828
-0.00739831
-0.00745408
-0.00749126
-0.00752273
-0.00756051
-0.00759906
-0.00763634
-0.0076714
-0.00770198
-0.00772936
-0.00776223
-0.00779466
-0.00782113
-0.00784685
-0.00787344
-0.00790054
-0.0079235
-0.00794674
-0.00796941
-0.00798879
-0.00801197
-0.00803455
-0.00395164
-0.0033352
-0.0025613
-0.0018417
-0.00127968
-0.000913733
-0.000746887
-0.000758303
-0.000905886
-0.00114059
-0.00141264
-0.0016823
-0.00192428
-0.00212429
-0.0022784
-0.0023856
-0.00245739
-0.00250819
-0.00255736
-0.00261597
-0.00268984
-0.00278308
-0.00289355
-0.00301924
-0.00314861
-0.00327789
-0.00340156
-0.00351754
-0.00362459
-0.00372501
-0.00382928
-0.00393738
-0.00404792
-0.00415496
-0.00425705
-0.00435466
-0.00444985
-0.00454745
-0.00464342
-0.00473126
-0.00481123
-0.00489217
-0.00498218
-0.00508364
-0.00517904
-0.0052501
-0.0053067
-0.00536652
-0.00545389
-0.00555913
-0.00564642
-0.00571684
-0.00577859
-0.00585464
-0.00593886
-0.005989
-0.0060564
-0.0061753
-0.00626466
-0.00629703
-0.00632215
-0.00639384
-0.00651287
-0.00660567
-0.00664766
-0.00666617
-0.00670688
-0.00683324
-0.0069446
-0.00692116
-0.00692682
-0.00706187
-0.00714844
-0.00714154
-0.00718104
-0.00726645
-0.00731399
-0.00733904
-0.00738525
-0.00744113
-0.00748182
-0.00751544
-0.00755196
-0.00758912
-0.00762751
-0.0076645
-0.00769575
-0.00772277
-0.00775559
-0.00778883
-0.00781626
-0.00784224
-0.00786884
-0.0078963
-0.00791977
-0.00794321
-0.00796597
-0.00798551
-0.00800892
-0.0080318
-0.00387513
-0.00328756
-0.0025545
-0.00187629
-0.00135399
-0.00102631
-0.000894514
-0.000931506
-0.00109289
-0.00132889
-0.00159342
-0.00184681
-0.00206508
-0.00223522
-0.00235871
-0.00244119
-0.00249591
-0.00253837
-0.00258477
-0.00264741
-0.00272702
-0.0028241
-0.00293259
-0.00305098
-0.0031708
-0.00328751
-0.00339986
-0.00350661
-0.0036096
-0.00370648
-0.00380548
-0.00390914
-0.00401662
-0.00412256
-0.00422384
-0.00432187
-0.00441564
-0.00451146
-0.00460774
-0.00469943
-0.00478281
-0.00486279
-0.00494943
-0.00504497
-0.00514413
-0.00522612
-0.00529151
-0.00535306
-0.00542706
-0.00552561
-0.00561737
-0.00569423
-0.00576381
-0.00583264
-0.00591739
-0.00598026
-0.00603296
-0.00613457
-0.00623751
-0.00629517
-0.00632456
-0.00636905
-0.00647284
-0.00657931
-0.00663867
-0.00667077
-0.00669142
-0.00678128
-0.00692069
-0.00693935
-0.00691467
-0.0070187
-0.00713302
-0.00714367
-0.00716472
-0.00724436
-0.00730406
-0.00733158
-0.00737159
-0.00742616
-0.00747029
-0.00750661
-0.00754322
-0.00757874
-0.0076164
-0.00765533
-0.00768888
-0.00771576
-0.00774738
-0.00778129
-0.00781035
-0.00783676
-0.00786308
-0.00789093
-0.00791512
-0.00793889
-0.00796171
-0.00798148
-0.00800506
-0.00802795
-0.00384672
-0.00328389
-0.00258438
-0.00194344
-0.00145841
-0.00116547
-0.00106525
-0.00112582
-0.00129908
-0.00153232
-0.00178139
-0.00200987
-0.00219619
-0.00233169
-0.00242277
-0.002483
-0.00252654
-0.00256862
-0.0026193
-0.0026883
-0.00277363
-0.00287226
-0.00297712
-0.00308527
-0.003194
-0.00329882
-0.00340133
-0.0035001
-0.00359884
-0.0036948
-0.0037909
-0.00389081
-0.00399384
-0.00409807
-0.00419791
-0.00429584
-0.00438944
-0.00448299
-0.00457861
-0.00467169
-0.00475962
-0.00484052
-0.00492456
-0.00501414
-0.00511076
-0.00520151
-0.0052756
-0.00534332
-0.00541148
-0.00549869
-0.00559143
-0.00567145
-0.00574899
-0.00581877
-0.00589787
-0.00597354
-0.00602322
-0.00610267
-0.00620726
-0.00628619
-0.00633532
-0.00636604
-0.00643819
-0.00654827
-0.00662783
-0.00667807
-0.0066987
-0.00674375
-0.00687853
-0.00696019
-0.00693017
-0.00697787
-0.00710506
-0.00715361
-0.00715985
-0.00722053
-0.00729288
-0.0073294
-0.00736202
-0.00741294
-0.00746085
-0.00749919
-0.00753628
-0.00757193
-0.00760755
-0.00764607
-0.00768316
-0.00771134
-0.00774052
-0.00777406
-0.00780538
-0.00783239
-0.00785784
-0.00788579
-0.00791074
-0.00793471
-0.00795745
-0.0079773
-0.0080009
-0.00802355
-0.00341703
-0.0029873
-0.00247283
-0.00201234
-0.00167978
-0.00150145
-0.00147077
-0.00155425
-0.00170719
-0.00188572
-0.00205797
-0.00220459
-0.00231753
-0.00239882
-0.00245702
-0.00250554
-0.00255361
-0.0026084
-0.00267165
-0.00274677
-0.00283305
-0.00292681
-0.00302333
-0.00311892
-0.00321519
-0.00330989
-0.00340436
-0.00349799
-0.00359303
-0.00368887
-0.00378322
-0.00387963
-0.00397809
-0.00407944
-0.00417818
-0.00427442
-0.00436812
-0.00445925
-0.00455329
-0.00464646
-0.00473719
-0.00482106
-0.00490308
-0.00498947
-0.00508081
-0.00517407
-0.00525591
-0.00532935
-0.0053997
-0.00547729
-0.00556681
-0.00564955
-0.00572898
-0.00580548
-0.00587988
-0.00595974
-0.00601737
-0.00607877
-0.00617562
-0.00626708
-0.0063334
-0.00636983
-0.00641445
-0.00651353
-0.00661194
-0.00667378
-0.00670491
-0.00672609
-0.00682739
-0.0069541
-0.00695696
-0.00695377
-0.00706629
-0.00715679
-0.00716417
-0.00719916
-0.00727657
-0.00732746
-0.00735556
-0.0074001
-0.00745147
-0.00749227
-0.00752934
-0.00756693
-0.00760112
-0.00763705
-0.00767759
-0.00770903
-0.00773554
-0.0077675
-0.00780144
-0.00782977
-0.00785417
-0.00788202
-0.0079079
-0.00793218
-0.00795479
-0.00797476
-0.00799876
-0.00802186
-0.00251701
-0.00227176
-0.00206557
-0.00193732
-0.0018977
-0.00193473
-0.00202337
-0.00213345
-0.00223769
-0.00232013
-0.00237757
-0.00241671
-0.00244672
-0.00247695
-0.00251347
-0.0025611
-0.00261993
-0.00268772
-0.00276146
-0.0028402
-0.00292369
-0.00300929
-0.003095
-0.00317927
-0.00326452
-0.0033512
-0.00343923
-0.00352856
-0.00361935
-0.003712
-0.00380362
-0.00389601
-0.0039903
-0.00408748
-0.00418412
-0.00427789
-0.00437009
-0.00445974
-0.00455128
-0.00464257
-0.00473213
-0.00481712
-0.00489856
-0.00498307
-0.00507041
-0.005161
-0.0052458
-0.00532143
-0.00539401
-0.00546897
-0.00555398
-0.00563803
-0.00571714
-0.00579627
-0.00587186
-0.00594951
-0.00601132
-0.00606775
-0.00615693
-0.00625317
-0.0063265
-0.00636937
-0.00640551
-0.00649054
-0.00659671
-0.0066666
-0.00670174
-0.00671991
-0.00679777
-0.00693095
-0.00696701
-0.00694885
-0.00703611
-0.00714787
-0.00716768
-0.00718592
-0.00725934
-0.00732127
-0.00734982
-0.00738829
-0.00744011
-0.00748319
-0.00751957
-0.00755818
-0.00759307
-0.00762637
-0.00766715
-0.00770209
-0.00772835
-0.00775813
-0.00779316
-0.00782339
-0.00784754
-0.00787501
-0.00790158
-0.00792643
-0.00794904
-0.00796896
-0.00799282
-0.00801542
)
;

boundaryField
{
    zeroGradPlanes
    {
        type            zeroGradient;
    }
    inlet
    {
        type            zeroGradient;
    }
    plate
    {
        type            zeroGradient;
    }
    frontAndBack
    {
        type            empty;
    }
}


// ************************************************************************* //
