/*--------------------------------*- C++ -*----------------------------------*\
| =========                 |                                                 |
| \\      /  F ield         | OpenFOAM: The Open Source CFD Toolbox           |
|  \\    /   O peration     | Version:  v1906                                 |
|   \\  /    A nd           | Web:      www.OpenFOAM.com                      |
|    \\/     M anipulation  |                                                 |
\*---------------------------------------------------------------------------*/
FoamFile
{
    version     2.0;
    format      ascii;
    class       surfaceScalarField;
    location    "1500";
    object      phi;
}
// * * * * * * * * * * * * * * * * * * * * * * * * * * * * * * * * * * * * * //

dimensions      [1 0 -1 0 0 0 0];
oriented        oriented;


internalField   nonuniform List<scalar> 
3878
(
0.000196918
-4.98662e-05
0.000183948
1.29692e-05
0.000158699
2.52488e-05
0.000137185
2.15135e-05
0.000118485
1.86994e-05
9.94704e-05
1.90137e-05
7.86333e-05
2.08366e-05
5.56931e-05
2.29398e-05
3.10291e-05
2.46637e-05
5.95849e-06
2.50705e-05
-1.67967e-05
2.27551e-05
-3.30827e-05
1.62858e-05
-3.69844e-05
3.90127e-06
-2.19002e-05
-1.50849e-05
-2.19011e-05
-2.43226e-05
2.43204e-05
-4.42372e-05
1.99129e-05
-6.35673e-05
1.9329e-05
-7.34624e-05
9.89445e-06
-7.54356e-05
1.97241e-06
-6.5651e-05
-9.78521e-06
-4.69659e-05
-1.86857e-05
-2.12897e-05
-2.56767e-05
9.21669e-06
-3.0507e-05
4.24887e-05
-3.32725e-05
7.34309e-05
-3.09429e-05
8.54939e-05
-1.20639e-05
6.95598e-05
1.59329e-05
6.95586e-05
-5.47497e-05
5.47467e-05
-9.2144e-05
3.7393e-05
-0.000117493
2.53478e-05
-0.000128641
1.11472e-05
-0.000131486
2.84507e-06
-0.000125977
-5.51017e-06
-0.000115931
-1.00457e-05
-0.000103566
-1.2366e-05
-8.99304e-05
-1.36355e-05
-7.59542e-05
-1.39764e-05
-6.21131e-05
-1.38413e-05
-4.87264e-05
-1.33868e-05
-3.58743e-05
-1.28523e-05
-2.37301e-05
-1.21443e-05
-1.23643e-05
-1.13659e-05
-1.32514e-06
-1.10392e-05
9.90661e-06
-1.12318e-05
2.19542e-05
-1.20476e-05
3.61657e-05
-1.42115e-05
5.52298e-05
-1.90641e-05
-2.73431e-05
0.000113148
-1.59631e-05
0.000124413
1.70378e-06
0.000133594
1.60679e-05
0.000131759
2.33479e-05
0.000122707
2.77519e-05
0.000109383
3.23377e-05
9.31666e-05
3.70524e-05
7.45378e-05
4.15685e-05
5.41278e-05
4.50737e-05
3.2918e-05
4.62803e-05
1.23898e-05
4.32833e-05
-5.17247e-06
3.3848e-05
-1.70856e-05
1.58143e-05
-2.04381e-05
-1.17326e-05
-4.23394e-05
-2.37355e-05
4.80545e-05
-4.60115e-05
4.21879e-05
-6.17772e-05
3.5094e-05
-7.03901e-05
1.8507e-05
-7.1334e-05
2.91597e-06
-6.48226e-05
-1.62969e-05
-5.13033e-05
-3.22052e-05
-3.13354e-05
-4.56448e-05
-6.37869e-06
-5.54639e-05
1.9408e-05
-5.90595e-05
4.19028e-05
-5.3438e-05
5.71349e-05
-2.72965e-05
4.9883e-05
2.31841e-05
0.000119441
-4.77484e-05
0.000102494
-7.96732e-05
6.93172e-05
-9.73982e-05
4.30723e-05
-0.00010518
1.89282e-05
-0.000104916
2.58104e-06
-9.9581e-05
-1.08451e-05
-9.05971e-05
-1.90297e-05
-7.94503e-05
-2.35129e-05
-6.72217e-05
-2.58643e-05
-5.45845e-05
-2.66137e-05
-4.20274e-05
-2.63984e-05
-2.98166e-05
-2.55977e-05
-1.82298e-05
-2.44392e-05
-7.23071e-06
-2.31434e-05
3.4343e-06
-2.20309e-05
1.38076e-05
-2.14126e-05
2.40063e-05
-2.14304e-05
3.4472e-05
-2.25133e-05
4.53856e-05
-2.51251e-05
5.69164e-05
-3.05949e-05
-3.71007e-05
0.000137141
-6.05326e-06
0.000134172
4.67337e-06
0.000135517
1.47222e-05
0.000132697
2.61677e-05
0.000125522
3.49269e-05
0.000114902
4.29576e-05
0.000101533
5.04215e-05
8.59083e-05
5.71934e-05
6.8577e-05
6.2405e-05
5.02328e-05
6.46245e-05
3.17391e-05
6.17769e-05
1.44438e-05
5.11434e-05
-1.00675e-07
3.03587e-05
-8.63221e-06
-3.20106e-06
-5.09715e-05
-2.53946e-05
7.34474e-05
-4.55024e-05
6.22948e-05
-5.89984e-05
4.85892e-05
-6.6939e-05
2.64471e-05
-6.83e-05
4.27668e-06
-6.40409e-05
-2.05563e-05
-5.44433e-05
-4.18031e-05
-3.95545e-05
-6.05337e-05
-2.07384e-05
-7.42802e-05
2.7038e-07
-8.00684e-05
1.95146e-05
-7.26824e-05
3.37292e-05
-4.15115e-05
3.32523e-05
2.36605e-05
0.000152693
-4.4928e-05
0.000147421
-6.82933e-05
9.26822e-05
-8.04881e-05
5.52669e-05
-8.51628e-05
2.36028e-05
-8.36136e-05
1.03176e-06
-7.82089e-05
-1.62499e-05
-7.00077e-05
-2.7231e-05
-5.99824e-05
-3.35383e-05
-4.90249e-05
-3.68218e-05
-3.7666e-05
-3.79727e-05
-2.64016e-05
-3.76628e-05
-1.5522e-05
-3.64772e-05
-5.0332e-06
-3.49281e-05
5.10881e-06
-3.32854e-05
1.48447e-05
-3.17668e-05
2.41954e-05
-3.07633e-05
3.32431e-05
-3.04782e-05
4.20738e-05
-3.13439e-05
5.05958e-05
-3.36472e-05
5.80614e-05
-3.80604e-05
-4.24595e-05
0.000142897
-1.89974e-06
0.000140349
7.22206e-06
0.000137928
1.71431e-05
0.000134321
2.97745e-05
0.000128112
4.11356e-05
0.000119244
5.18254e-05
0.000107965
6.17008e-05
9.46207e-05
7.05376e-05
7.96269e-05
7.73988e-05
6.34701e-05
8.07813e-05
4.67078e-05
7.85393e-05
2.99902e-05
6.7861e-05
1.42799e-05
4.6069e-05
1.86334e-06
9.21559e-06
-4.91079e-05
-2.59665e-05
9.94119e-05
-4.45894e-05
8.09164e-05
-5.65925e-05
6.05916e-05
-6.40831e-05
3.39371e-05
-6.63109e-05
6.50408e-06
-6.41892e-05
-2.26782e-05
-5.77288e-05
-4.82636e-05
-4.71376e-05
-7.11251e-05
-3.33104e-05
-8.81075e-05
-1.70215e-05
-9.63574e-05
8.26591e-08
-8.97867e-05
1.51485e-05
-5.65775e-05
2.08227e-05
1.79859e-05
0.000173515
-3.93847e-05
0.000186806
-5.77897e-05
0.000111087
-6.59652e-05
6.34423e-05
-6.79767e-05
2.56142e-05
-6.51832e-05
-1.76185e-06
-5.9557e-05
-2.18761e-05
-5.18177e-05
-3.49703e-05
-4.26847e-05
-4.26715e-05
-3.2825e-05
-4.66815e-05
-2.27836e-05
-4.80142e-05
-1.27833e-05
-4.76631e-05
-2.88401e-06
-4.63766e-05
6.70738e-06
-4.45195e-05
1.58882e-05
-4.24663e-05
2.46671e-05
-4.05457e-05
3.30161e-05
-3.91123e-05
4.09445e-05
-3.84066e-05
4.8391e-05
-3.87904e-05
5.51434e-05
-4.03996e-05
6.05661e-05
-4.34832e-05
-4.62583e-05
0.000144787
3.63808e-07
0.000142664
9.34493e-06
0.000139766
2.00415e-05
0.000136029
3.35108e-05
0.00013053
4.66348e-05
0.000122959
5.93965e-05
0.000113326
7.13332e-05
0.000101819
8.20453e-05
8.87013e-05
9.05163e-05
7.42678e-05
9.52149e-05
5.8816e-05
9.39911e-05
4.26276e-05
8.40494e-05
2.61319e-05
6.25649e-05
1.07998e-05
2.45479e-05
-3.83075e-05
-2.57417e-05
0.000125151
-4.34517e-05
9.86249e-05
-5.46407e-05
7.17796e-05
-6.12846e-05
4.05804e-05
-6.4462e-05
9.68095e-06
-6.41295e-05
-2.3011e-05
-6.02934e-05
-5.20999e-05
-5.36706e-05
-7.7748e-05
-4.42146e-05
-9.75636e-05
-3.21343e-05
-0.000108438
-1.78748e-05
-0.000104046
-2.83439e-06
-7.16181e-05
7.7011e-06
7.45016e-06
0.000181216
-3.29071e-05
0.000219713
-4.72981e-05
0.000125478
-5.21598e-05
6.8304e-05
-5.18929e-05
2.53472e-05
-4.81044e-05
-5.55032e-06
-4.21964e-05
-2.77842e-05
-3.47557e-05
-4.24111e-05
-2.6394e-05
-5.10332e-05
-1.76565e-05
-5.54189e-05
-8.68778e-06
-5.69829e-05
3.75294e-07
-5.67262e-05
9.23721e-06
-5.52385e-05
1.78013e-05
-5.30836e-05
2.60123e-05
-5.06773e-05
3.38284e-05
-4.83618e-05
4.12017e-05
-4.64856e-05
4.8086e-05
-4.52909e-05
5.4363e-05
-4.50674e-05
5.98193e-05
-4.58558e-05
6.4042e-05
-4.77059e-05
-4.92483e-05
0.000145608
1.80578e-06
0.000143757
1.11967e-05
0.000141004
2.27946e-05
0.000137502
3.70119e-05
0.000132649
5.14878e-05
0.000126143
6.59024e-05
0.000117878
7.95987e-05
0.000107901
9.20221e-05
9.63323e-05
0.000102085
8.32829e-05
0.000108264
6.88183e-05
0.000108456
5.29274e-05
9.99404e-05
3.56602e-05
7.98322e-05
1.74954e-05
4.2713e-05
-2.08113e-05
-2.49851e-05
0.000150133
-4.17138e-05
0.000115352
-5.24137e-05
8.24783e-05
-5.85391e-05
4.6705e-05
-6.19846e-05
1.31259e-05
-6.29451e-05
-2.20508e-05
-6.15468e-05
-5.34986e-05
-5.82694e-05
-8.10255e-05
-5.28022e-05
-0.000103031
-4.48022e-05
-0.000116438
-3.33948e-05
-0.000115454
-1.85686e-05
-8.64444e-05
-2.78831e-06
-8.33029e-06
0.000178428
-2.65269e-05
0.000246239
-3.68109e-05
0.000135762
-3.86863e-05
7.01795e-05
-3.64382e-05
2.3099e-05
-3.17016e-05
-1.02869e-05
-2.55183e-05
-3.39675e-05
-1.85272e-05
-4.94022e-05
-1.09803e-05
-5.85801e-05
-3.01342e-06
-6.33859e-05
5.09839e-06
-6.50948e-05
1.31226e-05
-6.47504e-05
2.09592e-05
-6.30752e-05
2.8529e-05
-6.06533e-05
3.57746e-05
-5.79229e-05
4.26475e-05
-5.52347e-05
4.90834e-05
-5.29215e-05
5.50081e-05
-5.12156e-05
6.02921e-05
-5.03514e-05
6.47595e-05
-5.03232e-05
6.81748e-05
-5.11213e-05
-5.17271e-05
0.00014601
2.84572e-06
0.000144346
1.28612e-05
0.000141853
2.52876e-05
0.000138693
4.01714e-05
0.000134456
5.57253e-05
0.000128871
7.14873e-05
0.000121772
8.66974e-05
0.000113099
0.000100695
0.000102836
0.000112348
9.09202e-05
0.00012018
7.72047e-05
0.000122171
6.14237e-05
0.000115722
4.33175e-05
9.79387e-05
2.27185e-05
6.33124e-05
1.90826e-06
-2.39608e-05
0.00017409
-3.95538e-05
0.000130942
-4.92868e-05
9.22099e-05
-5.50221e-05
5.24393e-05
-5.82776e-05
1.63808e-05
-6.00577e-05
-2.02713e-05
-6.05148e-05
-5.30417e-05
-5.99804e-05
-8.15601e-05
-5.82593e-05
-0.000104752
-5.42969e-05
-0.0001204
-4.63581e-05
-0.000123393
-3.24045e-05
-0.000100398
-1.22119e-05
-2.85229e-05
0.000166216
-1.97276e-05
0.000265967
-2.60864e-05
0.000142121
-2.52133e-05
6.93064e-05
-2.1255e-05
1.91407e-05
-1.57069e-05
-1.58349e-05
-9.38633e-06
-4.0288e-05
-2.61961e-06
-5.61689e-05
4.4036e-06
-6.56033e-05
1.1505e-05
-7.04873e-05
1.86001e-05
-7.21899e-05
2.55926e-05
-7.17428e-05
3.2415e-05
-6.98976e-05
3.90043e-05
-6.72426e-05
4.53051e-05
-6.42237e-05
5.1264e-05
-6.11936e-05
5.68094e-05
-5.8467e-05
6.18573e-05
-5.62635e-05
6.62878e-05
-5.47819e-05
6.99687e-05
-5.40041e-05
7.27832e-05
-5.39357e-05
-5.38248e-05
0.000146231
3.66479e-06
0.000144715
1.43776e-05
0.000142481
2.75215e-05
0.000139675
4.29775e-05
0.000136006
5.93937e-05
0.000131229
7.62641e-05
0.000125143
9.27833e-05
0.0001176
0.000108238
0.000108466
0.000121483
9.75118e-05
0.000131134
8.43941e-05
0.000135289
6.86132e-05
0.000131503
4.96425e-05
0.00011691
2.68819e-05
8.60736e-05
2.87915e-05
-2.26543e-05
0.000196739
-3.67083e-05
0.000144994
-4.5107e-05
0.000100607
-4.99996e-05
5.73308e-05
-5.27087e-05
1.90892e-05
-5.48239e-05
-1.81565e-05
-5.65929e-05
-5.1273e-05
-5.83172e-05
-7.98359e-05
-5.97174e-05
-0.000103352
-5.97483e-05
-0.000120369
-5.6186e-05
-0.000126955
-4.47993e-05
-0.000111785
-2.31028e-05
-5.02192e-05
0.000143113
-1.31774e-05
0.000279145
-1.49042e-05
0.000143848
-1.15075e-05
6.59098e-05
-5.89761e-06
1.35309e-05
4.45244e-07
-2.21778e-05
6.91238e-06
-4.67551e-05
1.32884e-05
-6.25449e-05
1.95712e-05
-7.18861e-05
2.57588e-05
-7.66748e-05
3.18531e-05
-7.82843e-05
3.7829e-05
-7.77187e-05
4.36537e-05
-7.57224e-05
4.92822e-05
-7.28711e-05
5.46644e-05
-6.96059e-05
5.97449e-05
-6.62741e-05
6.44509e-05
-6.3173e-05
6.86986e-05
-6.05112e-05
7.2385e-05
-5.84683e-05
7.54156e-05
-5.70347e-05
7.77455e-05
-5.62657e-05
-5.56032e-05
0.000146369
4.3458e-06
0.000144987
1.57592e-05
0.000142995
2.95136e-05
0.000140527
4.5446e-05
0.000137377
6.25429e-05
0.000133313
8.03284e-05
0.000128119
9.79778e-05
0.000121576
0.000114781
0.000113453
0.000129607
0.000103359
0.000141228
9.0769e-05
0.000147879
7.49516e-05
0.00014732
5.51092e-05
0.000136752
3.03255e-05
0.000110858
5.91185e-05
-2.08592e-05
0.000217594
-3.28554e-05
0.000156987
-3.93983e-05
0.000107148
-4.29701e-05
6.09015e-05
-4.46999e-05
2.08183e-05
-4.66946e-05
-1.61624e-05
-4.92095e-05
-4.87584e-05
-5.25683e-05
-7.64773e-05
-5.66021e-05
-9.93182e-05
-6.03158e-05
-0.000116656
-6.14553e-05
-0.000125815
-5.4493e-05
-0.000118747
-3.25496e-05
-7.21622e-05
0.000110565
-5.40757e-06
0.000284553
-3.80117e-06
0.000142242
2.73962e-06
5.93691e-05
9.97221e-06
6.29838e-06
1.6868e-05
-2.90735e-05
2.32391e-05
-5.31262e-05
2.90777e-05
-6.83835e-05
3.45513e-05
-7.73596e-05
3.97901e-05
-8.19136e-05
4.48788e-05
-8.3373e-05
4.98477e-05
-8.26876e-05
5.4693e-05
-8.05677e-05
5.93851e-05
-7.75632e-05
6.38797e-05
-7.41005e-05
6.81215e-05
-7.05159e-05
7.204e-05
-6.70915e-05
7.55562e-05
-6.40274e-05
7.85845e-05
-6.14966e-05
8.10589e-05
-5.9509e-05
8.29741e-05
-5.81809e-05
-5.70936e-05
0.000146468
4.92785e-06
0.00014522
1.70069e-05
0.000143456
3.12772e-05
0.000141325
4.75776e-05
0.000138634
6.52331e-05
0.000135205
8.37582e-05
0.000130806
0.000102377
0.000125197
0.00012039
0.000118008
0.000136795
0.000108741
0.000150495
9.66962e-05
0.000159924
8.09001e-05
0.000163117
6.02531e-05
0.000157399
3.3504e-05
0.000137608
9.26244e-05
-1.85406e-05
0.00023613
-2.76474e-05
0.000166091
-3.16114e-05
0.000111111
-3.33626e-05
6.26516e-05
-3.38483e-05
2.13034e-05
-3.52601e-05
-1.47511e-05
-3.80192e-05
-4.59996e-05
-4.23995e-05
-7.20971e-05
-4.83266e-05
-9.33912e-05
-5.52038e-05
-0.000109778
-6.0989e-05
-0.00012003
-6.06858e-05
-0.00011905
-4.30403e-05
-8.9807e-05
6.75258e-05
2.10309e-06
0.00028245
8.83742e-06
0.000135508
1.80396e-05
5.01671e-05
2.64502e-05
-2.11207e-06
3.364e-05
-3.62633e-05
3.96799e-05
-5.91661e-05
4.48031e-05
-7.35067e-05
4.93633e-05
-8.19198e-05
5.36031e-05
-8.61533e-05
5.7674e-05
-8.74439e-05
6.1645e-05
-8.66587e-05
6.55323e-05
-8.4455e-05
6.93171e-05
-8.1348e-05
7.29595e-05
-7.77429e-05
7.64053e-05
-7.39617e-05
7.95872e-05
-7.02735e-05
8.24331e-05
-6.68733e-05
8.48718e-05
-6.39354e-05
8.6857e-05
-6.14942e-05
8.84025e-05
-5.97265e-05
-5.83141e-05
0.000146548
5.42944e-06
0.000145441
1.8114e-05
0.000143916
3.28017e-05
0.000142097
4.93971e-05
0.000139828
6.75015e-05
0.000136988
8.65985e-05
0.000133336
0.000106028
0.000128581
0.000125145
0.000122298
0.000143079
0.000113904
0.000158889
0.000102527
0.000171301
8.6926e-05
0.000178718
6.5655e-05
0.000178671
3.69353e-05
0.000166328
0.000129562
-1.5286e-05
0.000251411
-2.09985e-05
0.000171801
-2.16688e-05
0.00011178
-2.06988e-05
6.16807e-05
-1.97483e-05
2.03522e-05
-2.03128e-05
-1.4187e-05
-2.29461e-05
-4.33666e-05
-2.78154e-05
-6.72279e-05
-3.48587e-05
-8.63478e-05
-4.38045e-05
-0.000100833
-5.3413e-05
-0.000110421
-6.03798e-05
-0.000112082
-5.46567e-05
-9.55294e-05
1.28709e-05
1.03556e-05
0.000272095
2.25153e-05
0.000123348
3.44025e-05
3.82801e-05
4.37007e-05
-1.14102e-05
5.08735e-05
-4.3436e-05
5.62649e-05
-6.45574e-05
6.0456e-05
-7.76978e-05
6.39846e-05
-8.54483e-05
6.71737e-05
-8.93424e-05
7.02169e-05
-9.04871e-05
7.3204e-05
-8.96458e-05
7.61601e-05
-8.74111e-05
7.90717e-05
-8.42597e-05
8.19011e-05
-8.05723e-05
8.45953e-05
-7.66559e-05
8.70903e-05
-7.27685e-05
8.93202e-05
-6.91031e-05
9.12252e-05
-6.58404e-05
9.27712e-05
-6.30402e-05
9.39782e-05
-6.09334e-05
-5.9276e-05
0.000146621
5.85786e-06
0.000145665
1.90693e-05
0.000144389
3.40778e-05
0.000142855
5.09315e-05
0.000141008
6.93482e-05
0.000138726
8.8881e-05
0.000135778
0.000108976
0.000131857
0.000129066
0.000126502
0.000148434
0.000119075
0.000166316
0.000108572
0.000181803
9.35021e-05
0.000193788
7.1908e-05
0.000200265
4.12344e-05
0.000197003
0.000170798
-1.08196e-05
0.000262227
-1.11262e-05
0.000172106
-7.96604e-06
0.000108619
-4.33129e-06
5.80453e-05
-2.05008e-06
1.80705e-05
-2.10731e-06
-1.413e-05
-4.53407e-06
-4.094e-05
-9.31796e-06
-6.2444e-05
-1.65819e-05
-7.90838e-05
-2.62738e-05
-9.11405e-05
-3.79081e-05
-9.87869e-05
-4.93017e-05
-0.000100688
-5.29597e-05
-9.18705e-05
-4.00871e-05
2.05591e-05
0.000251536
3.86484e-05
0.000105259
5.25503e-05
2.43786e-05
6.19756e-05
-2.08352e-05
6.85975e-05
-5.00578e-05
7.29256e-05
-6.88854e-05
7.59614e-05
-8.07335e-05
7.83514e-05
-8.78383e-05
8.04526e-05
-9.14436e-05
8.24707e-05
-9.25051e-05
8.44975e-05
-9.16726e-05
8.6557e-05
-8.94706e-05
8.86356e-05
-8.63383e-05
9.06954e-05
-8.2632e-05
9.26838e-05
-7.86443e-05
9.45399e-05
-7.46246e-05
9.62028e-05
-7.07661e-05
9.76208e-05
-6.72584e-05
9.87664e-05
-6.41858e-05
9.96581e-05
-6.18251e-05
-5.99881e-05
0.000146696
6.21096e-06
0.000145904
1.98616e-05
0.000144862
3.51189e-05
0.000143629
5.21652e-05
0.000142197
7.07805e-05
0.000140454
9.06239e-05
0.00013819
0.00011124
0.000135106
0.00013215
0.000130748
0.000152792
0.000124432
0.000172632
0.000115149
0.000191087
0.000101179
0.000207758
8.00541e-05
0.000221391
4.77572e-05
0.000229301
0.000218558
-4.29973e-06
0.000266523
1.63514e-06
0.000166171
1.01766e-05
0.000100077
1.62499e-05
5.19717e-05
1.94787e-05
1.48415e-05
1.97507e-05
-1.44022e-05
1.71408e-05
-3.83303e-05
1.20434e-05
-5.73467e-05
4.76842e-06
-7.18087e-05
-4.32523e-06
-8.20467e-05
-1.5295e-05
-8.78168e-05
-2.72185e-05
-8.87645e-05
-3.47135e-05
-8.43748e-05
-7.47988e-05
3.3144e-05
0.000218393
5.76568e-05
8.07472e-05
7.21879e-05
9.84773e-06
8.12317e-05
-2.98789e-05
8.65709e-05
-5.53969e-05
8.94686e-05
-7.1783e-05
9.11731e-05
-8.24379e-05
9.23615e-05
-8.90267e-05
9.337e-05
-9.2452e-05
9.43872e-05
-9.35223e-05
9.54925e-05
-9.27779e-05
9.66998e-05
-9.06778e-05
9.7992e-05
-8.76304e-05
9.93292e-05
-8.39693e-05
0.000100659
-7.99741e-05
0.000101923
-7.58883e-05
0.000103064
-7.19069e-05
0.000104035
-6.82295e-05
0.000104812
-6.49627e-05
0.000105407
-6.24205e-05
-6.0458e-05
0.000146772
6.4881e-06
0.000146152
2.04813e-05
0.00014534
3.59308e-05
0.000144426
5.30796e-05
0.000143406
7.17999e-05
0.000142193
9.18367e-05
0.000140608
0.000112826
0.000138382
0.000134376
0.000135101
0.000156072
0.000130129
0.000177604
0.000122445
0.000198772
0.00011032
0.000219883
9.05776e-05
0.000241134
5.61128e-05
0.000263767
0.000274672
4.84018e-06
0.000261682
2.14781e-05
0.000149532
3.41885e-05
8.73665e-05
4.14776e-05
4.46825e-05
4.48721e-05
1.14469e-05
4.48252e-05
-1.43553e-05
4.19366e-05
-3.54417e-05
3.68003e-05
-5.22104e-05
2.97692e-05
-6.47775e-05
2.09653e-05
-7.32426e-05
1.0628e-05
-7.74792e-05
-4.45909e-07
-7.76902e-05
-1.01837e-05
-7.46362e-05
-8.49808e-05
4.6514e-05
0.000171881
7.7612e-05
4.965e-05
9.31517e-05
-5.69165e-06
0.000100962
-3.76885e-05
0.000104377
-5.88126e-05
0.000105595
-7.3e-05
0.000105889
-8.27322e-05
0.000105885
-8.90232e-05
0.000105843
-9.24094e-05
0.000105914
-9.35938e-05
0.000106152
-9.30159e-05
0.000106563
-9.10887e-05
0.000107123
-8.81899e-05
0.000107789
-8.4635e-05
0.000108508
-8.06935e-05
0.000109225
-7.66049e-05
0.000109885
-7.25669e-05
0.000110444
-6.87893e-05
0.00011088
-6.5398e-05
0.000111195
-6.27359e-05
-6.06934e-05
0.000146844
6.6925e-06
0.000146399
2.09261e-05
0.000145834
3.64965e-05
0.000145243
5.36698e-05
0.000144637
7.24063e-05
0.000143951
9.25232e-05
0.000143045
0.000113731
0.000141703
0.000135718
0.000139588
0.000158187
0.000136186
0.000181007
0.000130669
0.000204288
0.000121521
0.000229031
0.000105912
0.000256744
7.3935e-05
0.000295744
0.000348609
2.68813e-05
0.000234802
5.21882e-05
0.000124226
6.55802e-05
7.39751e-05
7.21859e-05
3.80772e-05
7.38205e-05
9.81248e-06
7.23496e-05
-1.28844e-05
6.85692e-05
-3.16612e-05
6.31365e-05
-4.67775e-05
5.64829e-05
-5.81237e-05
4.88397e-05
-6.55993e-05
4.03242e-05
-6.89635e-05
3.06601e-05
-6.80257e-05
1.74897e-05
-6.14651e-05
-6.74898e-05
6.77208e-05
0.000104162
0.000102715
1.46561e-05
0.00011574
-1.87162e-05
0.000120324
-4.2272e-05
0.000121396
-5.98845e-05
0.000120914
-7.2518e-05
0.000119876
-8.1694e-05
0.000118775
-8.79221e-05
0.000117789
-9.1423e-05
0.000116997
-9.28025e-05
0.000116444
-9.24621e-05
0.000116125
-9.07699e-05
0.000116012
-8.80766e-05
0.00011606
-8.46831e-05
0.000116218
-8.08515e-05
0.000116431
-7.68185e-05
0.000116649
-7.2785e-05
0.00011683
-6.89697e-05
0.000116947
-6.55154e-05
0.000116997
-6.27862e-05
-6.07018e-05
0.000146916
6.82479e-06
0.000146645
2.11971e-05
0.000146337
3.68045e-05
0.000146075
5.39314e-05
0.000145881
7.26008e-05
0.000145717
9.26871e-05
0.000145489
0.000113959
0.000145046
0.000136162
0.000144156
0.000159076
0.000142479
0.000182685
0.000139476
0.000207291
0.000134101
0.000234407
0.000124048
0.000266798
9.31632e-05
0.00032663
0.000441774
7.02617e-05
0.000164542
9.57701e-05
9.87191e-05
0.00010564
6.41062e-05
0.000107337
3.63806e-05
0.000105254
1.18954e-05
0.000101218
-8.84758e-06
9.59679e-05
-2.64113e-05
8.99362e-05
-4.07458e-05
8.34909e-05
-5.16783e-05
7.69244e-05
-5.90326e-05
7.04796e-05
-6.25185e-05
6.39278e-05
-6.14735e-05
5.39133e-05
-5.145e-05
-1.35757e-05
0.000105041
-8.78065e-07
0.000129151
-9.45329e-06
0.000136249
-2.58141e-05
0.000137565
-4.35873e-05
0.000136796
-5.91154e-05
0.000134965
-7.06876e-05
0.000132932
-7.96608e-05
0.000130921
-8.59112e-05
0.000129126
-8.96273e-05
0.00012759
-9.12664e-05
0.000126338
-9.12105e-05
0.000125366
-8.9798e-05
0.000124645
-8.73551e-05
0.000124131
-8.41697e-05
0.000123777
-8.04972e-05
0.00012353
-7.65718e-05
0.000123343
-7.25975e-05
0.000123173
-6.88002e-05
0.000122995
-6.53367e-05
0.000122794
-6.25854e-05
-6.04912e-05
0.000146987
6.88599e-06
0.000146892
2.12924e-05
0.000146842
3.68538e-05
0.00014691
5.38639e-05
0.000147124
7.2387e-05
0.000147474
9.23365e-05
0.000147914
0.000113519
0.000148365
0.000135711
0.000148718
0.000158723
0.000148862
0.000182542
0.000148714
0.000207439
0.000148504
0.000234617
0.000149246
0.000266056
0.000163944
0.000311932
0.000233419
0.0003723
0.000188652
0.000209311
0.000165442
0.000121931
0.000153161
7.63881e-05
0.000144685
4.48574e-05
0.000137138
1.94424e-05
0.000129968
-1.67709e-06
0.000122961
-1.94039e-05
0.000116132
-3.39165e-05
0.000109661
-4.52076e-05
0.000103828
-5.31993e-05
9.90481e-05
-5.77386e-05
9.57417e-05
-5.81668e-05
9.61864e-05
-5.18944e-05
0.00011362
-3.10091e-05
0.000133102
-2.0359e-05
0.000145293
-2.16442e-05
0.000150432
-3.09533e-05
0.000151205
-4.43599e-05
0.000149934
-5.78437e-05
0.000147517
-6.82709e-05
0.000144873
-7.70169e-05
0.000142246
-8.32837e-05
0.000139817
-8.71988e-05
0.000137666
-8.91151e-05
0.000135819
-8.93633e-05
0.000134276
-8.82552e-05
0.000133014
-8.60932e-05
0.000131996
-8.31518e-05
0.000131178
-7.96788e-05
0.000130512
-7.59059e-05
0.000129953
-7.20385e-05
0.000129461
-6.8308e-05
0.000129006
-6.48818e-05
0.000128567
-6.21467e-05
-6.00699e-05
0.000147057
6.87739e-06
0.000147135
2.12136e-05
0.000147342
3.66475e-05
0.000147733
5.34721e-05
0.000148347
7.17737e-05
0.000149197
9.14866e-05
0.00015028
0.000112436
0.000151587
0.000134404
0.00015312
0.000157189
0.000154954
0.000180708
0.000157327
0.000205066
0.000161124
0.000230821
0.000168408
0.000258773
0.000190658
0.000289683
0.000244756
0.000318203
0.000235014
0.000219054
0.000210139
0.000146807
0.00019136
9.51681e-05
0.00017745
5.87676e-05
0.000166293
3.06002e-05
0.000156789
7.82755e-06
0.000148359
-1.09745e-05
0.000140791
-2.63477e-05
0.000134112
-3.85284e-05
0.000128505
-4.75929e-05
0.000124304
-5.35366e-05
0.000121952
-5.58152e-05
0.000123174
-5.31156e-05
0.000133413
-4.12484e-05
0.000146033
-3.29784e-05
0.000155553
-3.11638e-05
0.000160706
-3.61065e-05
0.000162046
-4.56995e-05
0.000160991
-5.67888e-05
0.000158618
-6.58972e-05
0.000155728
-7.4127e-05
0.00015273
-8.02863e-05
0.000149856
-8.43243e-05
0.000147224
-8.64828e-05
0.000144884
-8.7024e-05
0.000142853
-8.6224e-05
0.000141118
-8.43582e-05
0.000139651
-8.16852e-05
0.000138416
-7.84433e-05
0.00013737
-7.48597e-05
0.000136471
-7.114e-05
0.000135681
-6.7518e-05
0.000134969
-6.41691e-05
0.000134305
-6.14828e-05
-5.94465e-05
0.000147124
6.8011e-06
0.000147372
2.09653e-05
0.000147827
3.61929e-05
0.000148533
5.2766e-05
0.000149531
7.07758e-05
0.000150857
9.01608e-05
0.000152545
0.000110747
0.000154647
0.000132303
0.000157251
0.000154585
0.000160561
0.000177398
0.000165003
0.000200624
0.000171665
0.000224159
0.000182657
0.000247781
0.00020465
0.000267691
0.000243364
0.00027949
0.00024702
0.000215398
0.000233315
0.000160513
0.000217345
0.000111139
0.000203147
7.29655e-05
0.000190969
4.27793e-05
0.000180473
1.83238e-05
0.000171306
-1.80768e-06
0.000163284
-1.8325e-05
0.000156387
-3.16316e-05
0.00015072
-4.19262e-05
0.000146485
-4.93009e-05
0.000144007
-5.33371e-05
0.00014421
-5.33181e-05
0.000149815
-4.68537e-05
0.000157804
-4.09676e-05
0.000165005
-3.83639e-05
0.000169646
-4.07475e-05
0.000171304
-4.73574e-05
0.000170605
-5.60901e-05
0.000168485
-6.37772e-05
0.000165602
-7.12437e-05
0.000162432
-7.71163e-05
0.000159269
-8.11614e-05
0.000156279
-8.34923e-05
0.000153545
-8.42898e-05
0.000151104
-8.37828e-05
0.00014896
-8.22145e-05
0.000147098
-7.9823e-05
0.000145489
-7.68348e-05
0.000144099
-7.34699e-05
0.000142891
-6.99315e-05
0.000141826
-6.64533e-05
0.000140873
-6.32158e-05
0.000139996
-6.06059e-05
-5.86295e-05
0.000147188
6.66028e-06
0.000147599
2.05549e-05
0.00014829
3.55015e-05
0.000149295
5.17607e-05
0.000150657
6.94141e-05
0.000152428
8.83895e-05
0.000154675
0.0001085
0.000157492
0.000129486
0.00016103
0.000151048
0.000165562
0.000172867
0.000171584
0.000194602
0.000180115
0.000215629
0.000192863
0.000235033
0.000212579
0.000247975
0.000240844
0.000251226
0.000249233
0.00020701
0.000244362
0.000165384
0.000233731
0.00012177
0.000221965
8.47323e-05
0.000210732
5.40126e-05
0.000200508
2.85486e-05
0.00019136
7.33978e-06
0.000183285
-1.02498e-05
0.000176311
-2.46572e-05
0.000170515
-3.61302e-05
0.000166014
-4.47999e-05
0.00016303
-5.03533e-05
0.000162095
-5.23827e-05
0.00016466
-4.94184e-05
0.000169424
-4.57312e-05
0.000174474
-4.34144e-05
0.000178188
-4.44611e-05
0.000179767
-4.89366e-05
0.000179287
-5.56095e-05
0.000177433
-6.19231e-05
0.000174664
-6.84745e-05
0.000171447
-7.38995e-05
0.000168114
-7.78282e-05
0.000164867
-8.02454e-05
0.000161823
-8.12457e-05
0.000159042
-8.10025e-05
0.000156549
-7.97209e-05
0.00015434
-7.76146e-05
0.0001524
-7.48942e-05
0.0001507
-7.17699e-05
0.000149208
-6.84402e-05
0.00014789
-6.51352e-05
0.000146712
-6.20377e-05
0.000145634
-5.95277e-05
-5.76277e-05
0.000147248
6.4591e-06
0.000147811
1.99926e-05
0.000148724
3.45885e-05
0.000150008
5.0476e-05
0.000151708
6.77142e-05
0.000153889
8.62084e-05
0.000156641
0.000105749
0.000160087
0.00012604
0.000164412
0.000146723
0.000169911
0.000167368
0.000177062
0.000187452
0.00018667
0.000206021
0.000199772
0.000221931
0.000217315
0.000230433
0.000239276
0.000229266
0.000248834
0.000197453
0.000249483
0.000164736
0.000243777
0.000127477
0.00023529
9.32196e-05
0.000226049
6.32538e-05
0.00021697
3.7628e-05
0.000208468
1.58416e-05
0.000200741
-2.52235e-06
0.000193907
-1.78236e-05
0.000188065
-3.02882e-05
0.000183305
-4.00397e-05
0.000179796
-4.68445e-05
0.000177888
-5.04745e-05
0.000178451
-4.99809e-05
0.00018088
-4.81603e-05
0.000184065
-4.65994e-05
0.000186689
-4.70851e-05
0.000187889
-5.01362e-05
0.00018742
-5.51403e-05
0.000185739
-6.02422e-05
0.000183092
-6.58278e-05
0.000179889
-7.06962e-05
0.000176462
-7.4401e-05
0.000173035
-7.68183e-05
0.00016975
-7.7961e-05
0.000166691
-7.79436e-05
0.0001639
-7.69293e-05
0.000161389
-7.51036e-05
0.000159153
-7.2658e-05
0.000157173
-6.97901e-05
0.000155423
-6.66903e-05
0.00015387
-6.35827e-05
0.000152482
-6.06493e-05
0.000151213
-5.8259e-05
-5.64496e-05
0.000147303
6.20273e-06
0.000148005
1.9291e-05
0.000149121
3.34724e-05
0.000150662
4.89352e-05
0.000152671
6.57053e-05
0.000155223
8.36562e-05
0.000158423
0.000102549
0.000162413
0.00012205
0.000167387
0.000141749
0.000173628
0.000161127
0.000181544
0.000179536
0.000191641
0.000195924
0.00020462
0.000208953
0.000220484
0.000214569
0.000238322
0.000211429
0.000248101
0.000187674
0.000251992
0.000160846
0.000249992
0.000129478
0.000244669
9.85432e-05
0.000237759
7.01636e-05
0.000230284
4.51033e-05
0.000222845
2.32803e-05
0.000215789
4.53393e-06
0.000209325
-1.13591e-05
0.000203592
-2.45559e-05
0.000198695
-3.51419e-05
0.000194789
-4.29387e-05
0.000192126
-4.7812e-05
0.00019134
-4.91942e-05
0.000192081
-4.89015e-05
0.000193698
-4.82161e-05
0.000195236
-4.86228e-05
0.000195892
-5.07921e-05
0.00019525
-5.44982e-05
0.000193621
-5.86134e-05
0.000191051
-6.32582e-05
0.000187874
-6.75185e-05
0.000184394
-7.09209e-05
0.000180838
-7.32629e-05
0.000177366
-7.44884e-05
0.000174077
-7.46552e-05
0.000171031
-7.38835e-05
0.000168256
-7.2328e-05
0.000165756
-7.01584e-05
0.000163523
-6.75567e-05
0.000161536
-6.47032e-05
0.000159766
-6.18126e-05
0.00015818
-5.90636e-05
0.000156731
-5.68099e-05
-5.51035e-05
0.000147352
5.89723e-06
0.000148179
1.84647e-05
0.000149477
3.21746e-05
0.000151247
4.71644e-05
0.000153534
6.34188e-05
0.000156418
8.0772e-05
0.000160013
9.89539e-05
0.000164468
0.000117596
0.000169971
0.000136246
0.00017677
0.000154327
0.000185152
0.000171154
0.000195492
0.000185584
0.00020816
0.000196285
0.0002226
0.000200129
0.000237791
0.000196238
0.000247655
0.00017781
0.000253277
0.000155224
0.000253989
0.000128766
0.000251389
0.000101144
0.000246738
7.48142e-05
0.000241011
5.08305e-05
0.000234854
2.94374e-05
0.000228688
1.07001e-05
0.000222786
-5.45628e-06
0.00021733
-1.91006e-05
0.000212453
-3.02644e-05
0.00020832
-3.88056e-05
0.000205147
-4.46392e-05
0.000203397
-4.74443e-05
0.000202915
-4.8419e-05
0.000203283
-4.8584e-05
0.000203815
-4.91555e-05
0.000203848
-5.08247e-05
0.000202944
-5.35944e-05
0.000201226
-5.68955e-05
0.000198671
-6.0703e-05
0.000195504
-6.43509e-05
0.000191986
-6.7403e-05
0.000188333
-6.96104e-05
0.00018471
-7.08653e-05
0.00018123
-7.11753e-05
0.000177966
-7.06189e-05
0.000174957
-6.93194e-05
0.000172221
-6.74224e-05
0.000169757
-6.50926e-05
0.000167551
-6.24972e-05
0.000165578
-5.98394e-05
0.000163806
-5.72919e-05
0.000162186
-5.51895e-05
-5.35972e-05
0.000147394
5.54952e-06
0.000148329
1.753e-05
0.000149785
3.07185e-05
0.000151758
4.51914e-05
0.000154291
6.08862e-05
0.000157469
7.75932e-05
0.000161412
9.50112e-05
0.000166265
0.000112743
0.000172194
0.000130317
0.000179395
0.000147126
0.000188107
0.000162443
0.000198548
0.000175142
0.000210775
0.000184058
0.000224131
0.000186773
0.000237651
0.000182719
0.000247536
0.000167926
0.000253946
0.000148814
0.000256775
0.000125937
0.000256363
0.000101556
0.000253731
7.74468e-05
0.000249709
5.4852e-05
0.000244903
3.4244e-05
0.000239747
1.58563e-05
0.000234544
-2.53613e-07
0.000229511
-1.40678e-05
0.000224806
-2.5559e-05
0.000220611
-3.46105e-05
0.000217131
-4.11591e-05
0.000214717
-4.50309e-05
0.000213334
-4.70356e-05
0.000212719
-4.79692e-05
0.000212382
-4.88181e-05
0.000211781
-5.0223e-05
0.000210561
-5.23744e-05
0.000208667
-5.50021e-05
0.000206056
-5.8092e-05
0.000202868
-6.11629e-05
0.000199309
-6.38443e-05
0.000195575
-6.58759e-05
0.000191826
-6.71162e-05
0.000188182
-6.75317e-05
0.000184727
-6.71634e-05
0.000181511
-6.61032e-05
0.000178561
-6.44725e-05
0.000175885
-6.24163e-05
0.000173475
-6.00875e-05
0.00017131
-5.76751e-05
0.000169362
-5.53438e-05
0.000167579
-5.34058e-05
-5.19383e-05
0.000147429
5.16733e-06
0.000148454
1.65051e-05
0.000150043
2.91293e-05
0.000152189
4.30447e-05
0.000154938
5.81378e-05
0.000158377
7.41541e-05
0.000162623
9.0765e-05
0.00016781
0.000107556
0.000174089
0.000124038
0.000181622
0.000139593
0.000190571
0.000153494
0.000200992
0.000164722
0.000212809
0.000172241
0.000225359
0.000174223
0.000237794
0.000170285
0.000247607
0.000158113
0.000254664
0.000141757
0.000258829
0.000121772
0.000260217
0.000100169
0.000259322
7.83421e-05
0.00025687
5.7304e-05
0.000253386
3.77283e-05
0.00024928
1.99619e-05
0.00024486
4.16676e-06
0.000240357
-9.56539e-06
0.000235949
-2.1151e-05
0.000231833
-3.04937e-05
0.00022821
-3.75361e-05
0.000225364
-4.21849e-05
0.000223325
-4.49969e-05
0.000221943
-4.65876e-05
0.000220872
-4.7747e-05
0.000219701
-4.90521e-05
0.000218114
-5.0787e-05
0.000215999
-5.28873e-05
0.00021328
-5.53729e-05
0.000210038
-5.79203e-05
0.000206426
-6.02323e-05
0.000202613
-6.20635e-05
0.000198752
-6.32552e-05
0.000194964
-6.37437e-05
0.000191338
-6.35376e-05
0.000187935
-6.26996e-05
0.000184789
-6.13264e-05
0.000181915
-5.9543e-05
0.000179314
-5.74862e-05
0.000176968
-5.53292e-05
0.000174851
-5.32269e-05
0.000172911
-5.14656e-05
-5.01334e-05
0.000147454
4.75935e-06
0.00014855
1.5409e-05
0.000150246
2.74336e-05
0.000152538
4.0753e-05
0.000155471
5.52038e-05
0.000159141
7.04847e-05
0.000163659
8.62473e-05
0.000169149
0.000102066
0.000175742
0.000117445
0.000183546
0.000131789
0.000192645
0.000144395
0.000203015
0.000154351
0.000214492
0.000160765
0.000226456
0.000162259
0.000238175
0.000158566
0.000247947
0.000148341
0.000255514
0.000134189
0.000260573
0.000116714
0.000263307
9.74344e-05
0.000263962
7.76869e-05
0.000262904
5.83622e-05
0.000260656
3.99765e-05
0.000257584
2.30339e-05
0.000253979
7.77143e-06
0.000250076
-5.66236e-06
0.000246057
-1.71317e-05
0.000242128
-2.65649e-05
0.000238492
-3.39001e-05
0.00023539
-3.90821e-05
0.00023289
-4.24978e-05
0.000230922
-4.46194e-05
0.000229251
-4.60753e-05
0.000227571
-4.73722e-05
0.000225617
-4.88331e-05
0.000223255
-5.05251e-05
0.000220392
-5.25102e-05
0.000217065
-5.45931e-05
0.000213384
-5.65514e-05
0.000209491
-5.81706e-05
0.000205525
-5.92897e-05
0.000201606
-5.98241e-05
0.000197825
-5.97566e-05
0.000194249
-5.91236e-05
0.00019092
-5.79978e-05
0.000187861
-5.64841e-05
0.000185078
-5.47024e-05
0.000182557
-5.28089e-05
0.000180278
-5.09472e-05
0.000178186
-4.93742e-05
-4.81888e-05
0.00014747
4.3356e-06
0.000148616
1.42624e-05
0.000150391
2.56589e-05
0.000152801
3.83435e-05
0.000155897
5.2107e-05
0.000159779
6.66032e-05
0.000164551
8.14755e-05
0.000170321
9.62951e-05
0.000177187
0.00011058
0.000185218
0.000123758
0.000194439
0.000135175
0.000204766
0.000144024
0.000215983
0.000149548
0.000227533
0.000150709
0.000238788
0.000147311
0.000248548
0.000138581
0.000256496
0.00012624
0.000262321
0.000110889
0.000266011
9.37447e-05
0.00026788
7.58177e-05
0.000268135
5.81077e-05
0.000267012
4.10999e-05
0.00026492
2.51253e-05
0.000262127
1.05647e-05
0.000258857
-2.39248e-06
0.000255285
-1.35598e-05
0.000251623
-2.2903e-05
0.000248073
-3.035e-05
0.000244847
-3.58562e-05
0.000242041
-3.96913e-05
0.000239636
-4.22144e-05
0.000237483
-4.39226e-05
0.000235364
-4.52528e-05
0.000233064
-4.65331e-05
0.000230448
-4.79092e-05
0.000227421
-4.94829e-05
0.000223987
-5.11591e-05
0.000220223
-5.27875e-05
0.000216244
-5.41923e-05
0.000212177
-5.52224e-05
0.000208134
-5.57812e-05
0.000204209
-5.58312e-05
0.000200472
-5.53864e-05
0.000196971
-5.44969e-05
0.000193735
-5.32482e-05
0.000190775
-5.17424e-05
0.000188085
-5.01187e-05
0.000185646
-4.85081e-05
0.000183407
-4.71355e-05
-4.61096e-05
0.000147474
3.90784e-06
0.000148649
1.3087e-05
0.000150475
2.38324e-05
0.00015298
3.58391e-05
0.000156223
4.88642e-05
0.000160303
6.25231e-05
0.000165316
7.64622e-05
0.00017135
9.02606e-05
0.000178472
0.000103459
0.000186713
0.000115517
0.000196049
0.000125838
0.000206358
0.000133716
0.000217395
0.00013851
0.000228669
0.000139436
0.000239634
0.000136346
0.000249411
0.000128805
0.000257667
0.000117984
0.000264096
0.00010446
0.000268643
8.91979e-05
0.000271409
7.30521e-05
0.000272714
5.68032e-05
0.000272694
4.11192e-05
0.000271512
2.6308e-05
0.000269499
1.25771e-05
0.000266868
2.38443e-07
0.000263773
-1.04643e-05
0.000260429
-1.95587e-05
0.000257036
-2.69578e-05
0.000253788
-3.26077e-05
0.000250793
-3.66968e-05
0.000248074
-3.9495e-05
0.000245545
-4.13936e-05
0.000243056
-4.27642e-05
0.000240443
-4.39193e-05
0.000237581
-4.50477e-05
0.000234381
-4.62828e-05
0.000230827
-4.76049e-05
0.00022697
-4.89299e-05
0.000222901
-5.01241e-05
0.000218734
-5.10547e-05
0.000214573
-5.16205e-05
0.000210511
-5.17693e-05
0.000206621
-5.14965e-05
0.000202956
-5.08315e-05
0.000199549
-4.9841e-05
0.000196416
-4.86101e-05
0.000193558
-4.72605e-05
0.000190961
-4.5911e-05
0.000188577
-4.47514e-05
-4.39003e-05
0.000147463
3.49034e-06
0.000148644
1.19057e-05
0.000150495
2.19817e-05
0.000153075
3.32595e-05
0.000156452
4.54864e-05
0.000160728
5.82478e-05
0.000165981
7.1209e-05
0.000172276
8.39654e-05
0.000179649
9.60859e-05
0.000188095
0.000107071
0.000197556
0.000116377
0.000207879
0.000123393
0.000218812
0.000127578
0.000229915
0.000128332
0.000240718
0.000125543
0.000250547
0.000118976
0.000259054
0.000109477
0.00026598
9.75344e-05
0.00027123
8.39473e-05
0.000274835
6.9447e-05
0.000276929
5.47092e-05
0.0002778
4.02483e-05
0.000277541
2.65671e-05
0.000276264
1.38545e-05
0.000274258
2.24464e-06
0.000271643
-7.84998e-06
0.000268643
-1.6558e-05
0.000265457
-2.37718e-05
0.000262258
-2.94096e-05
0.000259167
-3.36059e-05
0.000256232
-3.65596e-05
0.000253417
-3.85782e-05
0.000250626
-3.99732e-05
0.000247738
-4.10313e-05
0.000244649
-4.19589e-05
0.000241278
-4.29121e-05
0.000237599
-4.39261e-05
0.000233643
-4.49735e-05
0.000229483
-4.5964e-05
0.000225216
-4.67878e-05
0.000220942
-4.73467e-05
0.00021675
-4.75773e-05
0.000212714
-4.74606e-05
0.00020889
-4.70071e-05
0.000205315
-4.62665e-05
0.000202012
-4.53068e-05
0.000198986
-4.42341e-05
0.000196229
-4.31546e-05
0.000193699
-4.22215e-05
-4.15639e-05
0.000147435
3.10115e-06
0.000148596
1.07443e-05
0.000150444
2.01338e-05
0.000153086
3.06177e-05
0.000156598
4.19742e-05
0.000161075
5.37703e-05
0.000166576
6.5708e-05
0.000173138
7.74041e-05
0.000180765
8.84589e-05
0.000189423
9.84127e-05
0.000199024
0.000106775
0.000209398
0.000113019
0.00022029
0.000116686
0.00023131
0.000117312
0.00024204
0.000114813
0.000251941
0.000109075
0.000260674
0.000100744
0.000268029
9.01794e-05
0.00027387
7.81063e-05
0.000278181
6.51364e-05
0.000281041
5.18491e-05
0.00028258
3.87091e-05
0.000283063
2.60843e-05
0.000282559
1.43585e-05
0.000281152
3.65217e-06
0.000279004
-5.70287e-06
0.000276352
-1.39056e-05
0.0002734
-2.08199e-05
0.000270303
-2.6312e-05
0.000267183
-3.04861e-05
0.000264109
-3.34856e-05
0.000261082
-3.55511e-05
0.000258049
-3.69409e-05
0.000254928
-3.79104e-05
0.000251637
-3.86674e-05
0.000248106
-3.93809e-05
0.000244305
-4.01256e-05
0.000240251
-4.09189e-05
0.000236001
-4.17139e-05
0.000231638
-4.24254e-05
0.000227257
-4.29652e-05
0.000222941
-4.32614e-05
0.000218765
-4.32848e-05
0.000214787
-4.30286e-05
0.000211047
-4.25273e-05
0.000207573
-4.18325e-05
0.000204376
-4.10365e-05
0.000201456
-4.02347e-05
0.000198777
-3.95427e-05
-3.91021e-05
0.000147382
2.76455e-06
0.000148494
9.63189e-06
0.000150314
1.83138e-05
0.000153015
2.79165e-05
0.000156674
3.83158e-05
0.000161371
4.90728e-05
0.000167136
5.99432e-05
0.000173975
7.05655e-05
0.000181864
8.05696e-05
0.000190744
8.9533e-05
0.000200505
9.70144e-05
0.000210965
0.000102558
0.000221874
0.000105778
0.000232879
0.000106307
0.000243606
0.000104086
0.000253587
9.9094e-05
0.000262561
9.17697e-05
0.000270292
8.2449e-05
0.000276633
7.17654e-05
0.000281541
6.02278e-05
0.000285055
4.83351e-05
0.000287265
3.64997e-05
0.000288292
2.50572e-05
0.000288401
1.42494e-05
0.000287653
4.40031e-06
0.000285947
-3.99688e-06
0.000283631
-1.15902e-05
0.000280924
-1.81123e-05
0.000277957
-2.33455e-05
0.000274856
-2.73846e-05
0.000271701
-3.03312e-05
0.000268523
-3.23726e-05
0.000265303
-3.37207e-05
0.00026199
-3.45977e-05
0.000258524
-3.52017e-05
0.000254849
-3.5706e-05
0.000250937
-3.62134e-05
0.000246792
-3.67733e-05
0.000242458
-3.73804e-05
0.000238008
-3.7975e-05
0.000233526
-3.84834e-05
0.000229094
-3.88294e-05
0.000224785
-3.89762e-05
0.000220658
-3.8901e-05
0.000216756
-3.86257e-05
0.000213109
-3.81856e-05
0.000209736
-3.76629e-05
0.000206645
-3.7144e-05
0.00020381
-3.6708e-05
-3.65142e-05
0.000147292
2.51743e-06
0.000148324
8.60017e-06
0.000150095
1.65427e-05
0.000152868
2.51433e-05
0.000156701
3.44829e-05
0.000161648
4.4126e-05
0.000167698
5.38933e-05
0.000174826
6.34371e-05
0.000182986
7.24096e-05
0.000192097
8.04217e-05
0.000202037
8.70748e-05
0.000212618
9.19772e-05
0.000223597
9.47983e-05
0.000234632
9.5272e-05
0.000245389
9.33288e-05
0.000255504
8.89788e-05
0.000264726
8.25485e-05
0.000272789
7.43855e-05
0.000279562
6.49923e-05
0.000284983
5.48069e-05
0.000289058
4.42604e-05
0.000291843
3.37141e-05
0.000293433
2.34682e-05
0.000293967
1.37152e-05
0.000293757
4.6099e-06
0.000292538
-2.77805e-06
0.000290543
-9.5948e-06
0.000288073
-1.56426e-05
0.000285251
-2.05239e-05
0.000282198
-2.43308e-05
0.000279004
-2.71376e-05
0.000275721
-2.90892e-05
0.000272357
-3.03573e-05
0.00026889
-3.11308e-05
0.00026528
-3.15916e-05
0.000261484
-3.19091e-05
0.000257475
-3.22048e-05
0.000253252
-3.25505e-05
0.000248848
-3.29759e-05
0.000244322
-3.34493e-05
0.000239752
-3.39131e-05
0.000235214
-3.42919e-05
0.000230782
-3.4544e-05
0.000226512
-3.46309e-05
0.000222451
-3.45651e-05
0.00021863
-3.43645e-05
0.000215074
-3.41068e-05
0.000211801
-3.38715e-05
0.000208799
-3.37057e-05
-3.37963e-05
0.000147141
2.42096e-06
0.000148059
7.68278e-06
0.00014977
1.48318e-05
0.000152651
2.22618e-05
0.000156707
3.04272e-05
0.000161941
3.88916e-05
0.000168298
4.75364e-05
0.000175725
5.60101e-05
0.000184161
6.39739e-05
0.000193515
7.10671e-05
0.000203644
7.69465e-05
0.000214364
8.12573e-05
0.00022543
8.37322e-05
0.000236548
8.41541e-05
0.000247417
8.24595e-05
0.000257717
7.8679e-05
0.000267162
7.3103e-05
0.000275532
6.60163e-05
0.000282686
5.78373e-05
0.000288551
4.89425e-05
0.000293108
3.97029e-05
0.00029639
3.04324e-05
0.000298465
2.13934e-05
0.000299442
1.27381e-05
0.00029954
4.5123e-06
0.000298813
-2.05106e-06
0.000297121
-7.90343e-06
0.000294877
-1.33979e-05
0.000292201
-1.78481e-05
0.000289209
-2.13388e-05
0.000286002
-2.39308e-05
0.000282647
-2.57343e-05
0.000279176
-2.68861e-05
0.000275588
-2.7543e-05
0.000271863
-2.78665e-05
0.000267969
-2.8015e-05
0.000263885
-2.81206e-05
0.000259605
-2.82708e-05
0.000255149
-2.85201e-05
0.000250567
-2.88671e-05
0.000245926
-2.9272e-05
0.000241299
-2.96648e-05
0.000236756
-3.00017e-05
0.000232353
-3.0228e-05
0.000228139
-3.03509e-05
0.000224143
-3.03684e-05
0.000220397
-3.03607e-05
0.000216928
-3.04021e-05
0.000213739
-3.05168e-05
-3.09392e-05
0.000146884
2.58184e-06
0.000147649
6.91779e-06
0.000149312
1.31684e-05
0.000152378
1.91958e-05
0.00015673
2.6075e-05
0.000162296
3.3326e-05
0.000168976
4.08561e-05
0.000176697
4.82894e-05
0.000185396
5.52744e-05
0.000194976
6.14874e-05
0.000205302
6.66204e-05
0.000216191
7.03688e-05
0.000227407
7.2516e-05
0.000238684
7.28769e-05
0.000249713
7.143e-05
0.00026019
6.82025e-05
0.000269864
6.3429e-05
0.000278521
5.73588e-05
0.00028602
5.03392e-05
0.000292271
4.26909e-05
0.000297244
3.473e-05
0.000300951
2.67253e-05
0.000303446
1.88989e-05
0.000304794
1.13896e-05
0.000305123
4.18348e-06
0.000304784
-1.71217e-06
0.000303402
-6.52174e-06
0.000301353
-1.13489e-05
0.000298807
-1.53018e-05
0.000295875
-1.8407e-05
0.000292666
-2.0722e-05
0.00028926
-2.23281e-05
0.000285706
-2.33325e-05
0.000282025
-2.38613e-05
0.000278212
-2.40533e-05
0.000274247
-2.40501e-05
0.000270112
-2.39864e-05
0.000265801
-2.39595e-05
0.000261322
-2.40411e-05
0.000256711
-2.42562e-05
0.000252026
-2.45867e-05
0.000247332
-2.49708e-05
0.000242699
-2.53691e-05
0.000238179
-2.57076e-05
0.000233822
-2.59938e-05
0.000229653
-2.61996e-05
0.00022571
-2.64181e-05
0.000222025
-2.67171e-05
0.000218621
-2.71125e-05
-2.79245e-05
0.000146422
3.20391e-06
0.000146997
6.34312e-06
0.000148677
1.14881e-05
0.000152075
1.57982e-05
0.000156826
2.13239e-05
0.000162755
2.73974e-05
0.000169745
3.38658e-05
0.000177735
4.02989e-05
0.000186679
4.63303e-05
0.000196489
5.16777e-05
0.00020704
5.60692e-05
0.000218136
5.92734e-05
0.000229545
6.11071e-05
0.000240996
6.1426e-05
0.000252208
6.02172e-05
0.000262895
5.7516e-05
0.00027281
5.35136e-05
0.000281747
4.8422e-05
0.000289558
4.25279e-05
0.00029615
3.60997e-05
0.000301477
2.94026e-05
0.000305541
2.26617e-05
0.00030838
1.60594e-05
0.000310037
9.73277e-06
0.000310597
3.62364e-06
0.000310468
-1.58295e-06
0.000309354
-5.40838e-06
0.000307482
-9.47666e-06
0.000305041
-1.28606e-05
0.000302156
-1.55223e-05
0.000298943
-1.75091e-05
0.000295493
-1.8878e-05
0.000291871
-1.97109e-05
0.000288115
-2.01051e-05
0.000284237
-2.01751e-05
0.000280228
-2.00408e-05
0.000276073
-1.98317e-05
0.000271762
-1.96488e-05
0.000267298
-1.95763e-05
0.000262696
-1.96549e-05
0.000258005
-1.98955e-05
0.000253279
-2.02444e-05
0.000248586
-2.06766e-05
0.000243972
-2.10936e-05
0.00023949
-2.15117e-05
0.000235157
-2.18661e-05
0.000231014
-2.2276e-05
0.000227093
-2.27955e-05
0.00022343
-2.34499e-05
-2.47173e-05
0.00014553
4.71823e-06
0.000145872
6.00142e-06
0.000147801
9.55851e-06
0.000151804
1.17949e-05
0.000157069
1.6059e-05
0.00016336
2.1107e-05
0.000170619
2.66061e-05
0.000178835
3.20831e-05
0.000187997
3.71681e-05
0.00019803
4.16448e-05
0.0002088
4.52993e-05
0.000220117
4.79564e-05
0.000231746
4.94777e-05
0.000243421
4.97519e-05
0.000254861
4.87764e-05
0.000265789
4.6588e-05
0.000275962
4.3341e-05
0.000285174
3.92101e-05
0.000293275
3.44272e-05
0.000300164
2.92108e-05
0.000305789
2.37775e-05
0.000310141
1.83092e-05
0.000313247
1.29537e-05
0.000315143
7.83695e-06
0.000315924
2.84232e-06
0.000315879
-1.53824e-06
0.000314939
-4.46804e-06
0.0003132
-7.73764e-06
0.00031083
-1.0491e-05
0.000307968
-1.26597e-05
0.000304735
-1.42766e-05
0.000301235
-1.5378e-05
0.000297548
-1.60238e-05
0.000293727
-1.6284e-05
0.0002898
-1.62487e-05
0.000285771
-1.60114e-05
0.000281628
-1.56889e-05
0.000277357
-1.53775e-05
0.000272954
-1.5174e-05
0.000268416
-1.51169e-05
0.000263774
-1.52533e-05
0.000259067
-1.55369e-05
0.000254361
-1.59708e-05
0.000249691
-1.6424e-05
0.000245115
-1.6936e-05
0.000240636
-1.73864e-05
0.0002363
-1.79401e-05
0.000232122
-1.86179e-05
0.000228139
-1.94665e-05
-2.12514e-05
0.000143591
8.17073e-06
0.000143654
5.93894e-06
0.000146625
6.5872e-06
0.000151738
6.6826e-06
0.000157584
1.02122e-05
0.000164145
1.45462e-05
0.000171564
1.91868e-05
0.000179908
2.37397e-05
0.000189229
2.78466e-05
0.000199459
3.14151e-05
0.000210457
3.43011e-05
0.000222025
3.63887e-05
0.000233917
3.75854e-05
0.000245863
3.78061e-05
0.000257578
3.7061e-05
0.000268784
3.53826e-05
0.000279233
3.28915e-05
0.00028872
2.97234e-05
0.000297088
2.60586e-05
0.000304234
2.20649e-05
0.0003101
1.79122e-05
0.000314672
1.37365e-05
0.000317968
9.65844e-06
0.000320028
5.77632e-06
0.000320946
1.92455e-06
0.00032091
-1.50259e-06
0.00032005
-3.608e-06
0.000318371
-6.05856e-06
0.000316018
-8.13803e-06
0.000313135
-9.77622e-06
0.000309851
-1.09925e-05
0.000306279
-1.18063e-05
0.000302514
-1.2259e-05
0.000298625
-1.23952e-05
0.000294658
-1.22815e-05
0.000290628
-1.19813e-05
0.000286531
-1.15922e-05
0.000282347
-1.11933e-05
0.000278068
-1.0895e-05
0.000273668
-1.0717e-05
0.000269157
-1.07419e-05
0.000264547
-1.0927e-05
0.000259902
-1.13257e-05
0.000255238
-1.17609e-05
0.000250623
-1.23208e-05
0.000246035
-1.27983e-05
0.000241528
-1.34333e-05
0.000237087
-1.41768e-05
0.000232697
-1.5076e-05
-1.73968e-05
0.000137872
1.73423e-05
0.000137837
5.97359e-06
0.00014535
-9.25232e-07
0.000152296
-2.63231e-07
0.000158535
3.97265e-06
0.000165051
8.03055e-06
0.000172393
1.18449e-05
0.000180717
1.5416e-05
0.000190124
1.84389e-05
0.000200529
2.10107e-05
0.000211764
2.30659e-05
0.000223607
2.45453e-05
0.000235818
2.53747e-05
0.000248094
2.55299e-05
0.000260137
2.50179e-05
0.000271659
2.38605e-05
0.000282406
2.21445e-05
0.000292165
1.99642e-05
0.000300776
1.74478e-05
0.000308131
1.47099e-05
0.000314169
1.18741e-05
0.000318881
9.02457e-06
0.000322273
6.26653e-06
0.000324399
3.65024e-06
0.000325368
9.56047e-07
0.000325214
-1.3494e-06
0.000324344
-2.73718e-06
0.000322625
-4.34018e-06
0.000320208
-5.72073e-06
0.000317236
-6.80447e-06
0.000313845
-7.60179e-06
0.000310159
-8.11975e-06
0.000306285
-8.38523e-06
0.000302309
-8.41944e-06
0.000298296
-8.26844e-06
0.000294277
-7.96261e-06
0.000290262
-7.5775e-06
0.000286225
-7.15625e-06
0.000282153
-6.82219e-06
0.000277999
-6.56332e-06
0.000273746
-6.48885e-06
0.000269365
-6.54651e-06
0.000264908
-6.86875e-06
0.000260362
-7.21432e-06
0.000255805
-7.76416e-06
0.000251183
-8.17641e-06
0.000246561
-8.81121e-06
0.000241885
-9.50061e-06
0.000236987
-1.01781e-05
-1.28854e-05
0.000114083
5.03024e-05
0.000128691
-8.63473e-06
0.000144954
-1.71877e-05
0.000154032
-9.34133e-06
0.000159792
-1.78738e-06
0.000165569
2.25317e-06
0.000172417
4.9975e-06
0.000180515
7.31748e-06
0.000189916
9.0382e-06
0.000200469
1.04579e-05
0.000211956
1.15792e-05
0.000224122
1.23794e-05
0.000236693
1.28031e-05
0.000249349
1.28743e-05
0.000261763
1.26039e-05
0.000273628
1.19954e-05
0.000284674
1.10976e-05
0.000294679
9.95927e-06
0.000303475
8.65183e-06
0.000310954
7.23156e-06
0.000317054
5.77342e-06
0.000321776
4.30325e-06
0.000325128
2.91417e-06
0.000327184
1.59425e-06
0.000328
1.40072e-07
0.000327577
-9.26765e-07
0.000326549
-1.70866e-06
0.000324634
-2.42609e-06
0.000322017
-3.1037e-06
0.00031884
-3.62765e-06
0.000315245
-4.00609e-06
0.000311363
-4.23819e-06
0.000307317
-4.33949e-06
0.00030321
-4.3124e-06
0.000299127
-4.18489e-06
0.000295121
-3.9573e-06
0.000291225
-3.68108e-06
0.000287418
-3.3492e-06
0.000283675
-3.07976e-06
0.000279947
-2.83532e-06
0.000276176
-2.7176e-06
0.000272284
-2.65474e-06
0.000268268
-2.85346e-06
0.000264083
-3.02882e-06
0.000259781
-3.46211e-06
0.000255307
-3.70288e-06
0.000250685
-4.18884e-06
0.000245887
-4.70283e-06
0.000240525
-4.81622e-06
-7.1186e-06
0.000197346
0.000188711
0.000171523
0.000162182
0.000160395
0.000162648
0.000167645
0.000174963
0.000184001
0.000194459
0.000206038
0.000218417
0.000231221
0.000244095
0.000256699
0.000268694
0.000279792
0.000289751
0.000298403
0.000305634
0.000311408
0.000315711
0.000318625
0.000320219
0.000320359
0.000319433
0.000317724
0.000315298
0.000312194
0.000308566
0.00030456
0.000300322
0.000295983
0.00029167
0.000287485
0.000283528
0.000279847
0.000276498
0.000273418
0.000270582
0.000267865
0.00026521
0.000262357
0.000259328
0.000255866
0.000252163
0.000247974
0.000243271
0.000238455
)
;

boundaryField
{
    floor
    {
        type            calculated;
        value           uniform 0;
    }
    ceiling
    {
        type            calculated;
        value           nonuniform List<scalar> 
50
(
0
0
0
0
0
0
0
0
0
0
0
0
0
0
0
0
-3.30872e-24
0
0
0
0
-3.30872e-24
0
0
0
0
0
0
0
0
0
-3.30872e-24
0
0
0
0
0
0
0
0
0
0
0
0
0
0
0
0
0
0
)
;
    }
    inlet
    {
        type            calculated;
        value           nonuniform List<scalar> 
40
(
-0.000147052
-0.000147051
-0.000147051
-0.000147051
-0.000147051
-0.00014705
-0.00014705
-0.00014705
-0.00014705
-0.00014705
-0.000147049
-0.000147049
-0.000147049
-0.000147049
-0.000147049
-0.000147048
-0.000147048
-0.000147048
-0.000147048
-0.000147047
-0.000147047
-0.000147047
-0.000147047
-0.000147047
-0.000147046
-0.000147046
-0.000147046
-0.000147046
-0.000147046
-0.000147045
-0.000147045
-0.000147045
-0.000147045
-0.000147045
-0.000147044
-0.000147044
-0.000147044
-0.000147044
-0.000147043
-0.000147043
)
;
    }
    outlet
    {
        type            calculated;
        value           nonuniform List<scalar> 
40
(
8.25729e-05
6.66739e-05
6.34202e-05
6.43649e-05
6.7032e-05
7.06536e-05
7.48809e-05
7.95239e-05
8.44646e-05
8.9623e-05
9.49401e-05
0.00010037
0.000105877
0.00011143
0.000117006
0.000122583
0.000128146
0.000133681
0.000139179
0.000144632
0.000150035
0.000155385
0.00016068
0.00016592
0.000171106
0.000176242
0.000181328
0.000186368
0.000191363
0.000196315
0.000201223
0.000206081
0.000210882
0.000215606
0.000220223
0.000224673
0.000228842
0.000232476
0.000234758
0.000231336
)
;
    }
    fixedWalls
    {
        type            empty;
        value           nonuniform 0();
    }
    baffleFacesThermoBaffle1D_master
    {
        type            calculated;
        value           nonuniform List<scalar> 
16
(
0
0
0
0
0
0
0
-1.35525e-20
0
0
0
0
0
0
0
0
)
;
    }
    baffleFacesThermoBaffle1D_slave
    {
        type            calculated;
        value           nonuniform List<scalar> 
16
(
0
0
0
0
0
0
0
0
0
0
2.71051e-20
0
0
0
0
0
)
;
    }
    baffleFacesThermoBaffle3D_master
    {
        type            calculated;
        value           nonuniform List<scalar> 
16
(
0
0
0
0
0
0
0
0
0
0
-5.42101e-20
0
0
0
0
0
)
;
    }
    baffleFacesThermoBaffle3D_slave
    {
        type            calculated;
        value           nonuniform List<scalar> 
16
(
0
0
0
0
0
0
0
0
0
0
0
0
0
0
1.0842e-19
0
)
;
    }
}


// ************************************************************************* //
