/*--------------------------------*- C++ -*----------------------------------*\
| =========                 |                                                 |
| \\      /  F ield         | OpenFOAM: The Open Source CFD Toolbox           |
|  \\    /   O peration     | Version:  v1906                                 |
|   \\  /    A nd           | Web:      www.OpenFOAM.com                      |
|    \\/     M anipulation  |                                                 |
\*---------------------------------------------------------------------------*/
FoamFile
{
    version     2.0;
    format      ascii;
    class       volVectorField;
    location    "1500";
    object      U;
}
// * * * * * * * * * * * * * * * * * * * * * * * * * * * * * * * * * * * * * //

dimensions      [0 1 -1 0 0 0 0];


internalField   nonuniform List<vector> 
2000
(
(0.0918133 -0.0537081 0)
(0.152804 0.00315233 0)
(0.119009 0.00938947 0)
(0.0977575 0.00829971 0)
(0.0876456 0.00655806 0)
(0.0742315 0.0062277 0)
(0.0610239 0.00674524 0)
(0.0460806 0.00751498 0)
(0.0298045 0.00821238 0)
(0.0125499 0.00838339 0)
(-0.00429641 0.00755429 0)
(-0.0186641 0.00498494 0)
(-0.0260245 0.000690689 0)
(-0.0233245 -0.00625611 0)
(-0.00841499 -0.00648118 0)
(-0.010121 0.00620363 0)
(-0.0240145 0.00522117 0)
(-0.0382737 0.00551601 0)
(-0.0496855 0.00245827 0)
(-0.0524357 0.000340105 0)
(-0.0507806 -0.00368848 0)
(-0.0400802 -0.00642929 0)
(-0.0238221 -0.00874462 0)
(-0.00515499 -0.0105489 0)
(0.0179267 -0.0117078 0)
(0.0397544 -0.0111866 0)
(0.0597131 -0.00404279 0)
(0.0588101 0.00298879 0)
(0.0428508 0.015392 0)
(-0.0268121 0.0128677 0)
(-0.0532052 0.0102992 0)
(-0.0741383 0.00701102 0)
(-0.0869265 0.00256667 0)
(-0.0897605 0.000611681 0)
(-0.0896129 -0.00211273 0)
(-0.0829581 -0.00327818 0)
(-0.0755588 -0.00391784 0)
(-0.0662362 -0.00430933 0)
(-0.0568035 -0.00443025 0)
(-0.0471511 -0.00443375 0)
(-0.03784 -0.00434545 0)
(-0.0288515 -0.0042324 0)
(-0.0202417 -0.0040831 0)
(-0.0121689 -0.00381655 0)
(-0.00483428 -0.00369334 0)
(0.00318398 -0.00375656 0)
(0.0101845 -0.00403997 0)
(0.0207156 -0.00485074 0)
(0.0275637 -0.00651114 0)
(0.0522876 -0.0101661 0)
(0.101146 -0.000128012 0)
(0.0661464 0.00209669 0)
(0.0912212 0.00942781 0)
(0.0910026 0.0100576 0)
(0.0876731 0.0104464 0)
(0.0793782 0.0115634 0)
(0.0693792 0.0129801 0)
(0.0574139 0.0144494 0)
(0.0440388 0.0156082 0)
(0.0296732 0.0159312 0)
(0.0151876 0.0146806 0)
(0.0016654 0.0109908 0)
(-0.00867039 0.00395562 0)
(-0.014686 -0.00647564 0)
(-0.0121456 -0.0151956 0)
(-0.00984038 0.0152662 0)
(-0.0253556 0.013873 0)
(-0.0381715 0.0121635 0)
(-0.0473166 0.00630015 0)
(-0.0499521 0.00104574 0)
(-0.0484141 -0.00593743 0)
(-0.0411944 -0.011647 0)
(-0.0294743 -0.0162902 0)
(-0.0137988 -0.0197204 0)
(0.00500921 -0.0207249 0)
(0.0213845 -0.0188841 0)
(0.0363305 -0.00894272 0)
(0.0414166 0.00962682 0)
(0.0330989 0.042261 0)
(-0.0224768 0.0342802 0)
(-0.0467754 0.0238223 0)
(-0.0627145 0.0154782 0)
(-0.071076 0.00684458 0)
(-0.0728775 0.00141465 0)
(-0.070886 -0.00345261 0)
(-0.0655187 -0.0063751 0)
(-0.0585118 -0.00791673 0)
(-0.0503036 -0.00874888 0)
(-0.0417219 -0.0090107 0)
(-0.0330039 -0.008942 0)
(-0.0245215 -0.00868866 0)
(-0.0162856 -0.00835086 0)
(-0.00865817 -0.00785785 0)
(-0.00122792 -0.00744834 0)
(0.00590897 -0.00727191 0)
(0.0130193 -0.00732265 0)
(0.0197514 -0.00780912 0)
(0.0276156 -0.00892072 0)
(0.0340425 -0.0114646 0)
(0.0447483 -0.0145655 0)
(0.0987831 -0.00547018 0)
(0.0886193 0.00109042 0)
(0.0929919 0.00536003 0)
(0.0916549 0.0101999 0)
(0.0886095 0.0133714 0)
(0.0822217 0.0161753 0)
(0.0740614 0.0188046 0)
(0.0641009 0.0212192 0)
(0.0528143 0.0230729 0)
(0.0405437 0.0237834 0)
(0.0278836 0.0224897 0)
(0.0153257 0.0180885 0)
(0.0043706 0.00967895 0)
(-0.00470046 -0.0036086 0)
(-0.00560258 -0.0212672 0)
(-0.0113482 0.0261339 0)
(-0.0258772 0.0226709 0)
(-0.0368663 0.0181664 0)
(-0.0447536 0.00967024 0)
(-0.0476166 0.00152424 0)
(-0.0466833 -0.00810137 0)
(-0.0418568 -0.016314 0)
(-0.0332748 -0.02332 0)
(-0.0214515 -0.0284676 0)
(-0.00721824 -0.0305061 0)
(0.00736071 -0.0273372 0)
(0.019612 -0.0147019 0)
(0.0261935 0.0104475 0)
(0.0235568 0.061525 0)
(-0.0236927 0.0535278 0)
(-0.0410257 0.0352808 0)
(-0.0526327 0.0213426 0)
(-0.0579144 0.00945785 0)
(-0.0587065 0.000932934 0)
(-0.0560104 -0.00578402 0)
(-0.0511518 -0.00994948 0)
(-0.0447436 -0.012297 0)
(-0.0374225 -0.0135144 0)
(-0.0297049 -0.0139249 0)
(-0.02187 -0.0138361 0)
(-0.0142588 -0.0133855 0)
(-0.00698914 -0.0127507 0)
(0.000102134 -0.0121373 0)
(0.00689483 -0.0115796 0)
(0.0133972 -0.0112335 0)
(0.0197213 -0.011189 0)
(0.0256956 -0.0116308 0)
(0.0319592 -0.0127291 0)
(0.0369415 -0.0148483 0)
(0.042972 -0.0171148 0)
(0.0995265 -0.0013422 0)
(0.0952705 0.00259172 0)
(0.0951154 0.00676459 0)
(0.0927781 0.0118715 0)
(0.0897842 0.0162494 0)
(0.0845228 0.0202922 0)
(0.0776754 0.0240141 0)
(0.0692293 0.0273525 0)
(0.0595358 0.0299262 0)
(0.0488542 0.0311074 0)
(0.037579 0.0299911 0)
(0.0260173 0.0253872 0)
(0.014846 0.0161738 0)
(0.00448078 0.000962429 0)
(-0.000180013 -0.0224436 0)
(-0.012138 0.0374048 0)
(-0.0257678 0.0309974 0)
(-0.0356929 0.0237126 0)
(-0.0425557 0.0130666 0)
(-0.0458357 0.00216677 0)
(-0.0457545 -0.00961516 0)
(-0.0429066 -0.019649 0)
(-0.036828 -0.0288265 0)
(-0.0283776 -0.0356017 0)
(-0.0177174 -0.0386374 0)
(-0.00600704 -0.0355397 0)
(0.00608595 -0.0212756 0)
(0.0141196 0.00992252 0)
(0.0171639 0.0721182 0)
(-0.0211389 0.0735919 0)
(-0.0357042 0.0442222 0)
(-0.043621 0.0258986 0)
(-0.0468904 0.0107809 0)
(-0.0462954 -8.85981e-05 0)
(-0.0431582 -0.00813853 0)
(-0.0384654 -0.0133512 0)
(-0.032535 -0.0163854 0)
(-0.0259434 -0.017973 0)
(-0.0190059 -0.0185282 0)
(-0.012186 -0.0183357 0)
(-0.00531989 -0.0177982 0)
(0.00138123 -0.0170847 0)
(0.0077937 -0.0162882 0)
(0.0139456 -0.0155491 0)
(0.0197876 -0.0150291 0)
(0.0253827 -0.0148254 0)
(0.0305765 -0.0151084 0)
(0.0356648 -0.0159647 0)
(0.0395414 -0.0175619 0)
(0.04369 -0.0190551 0)
(0.0996547 -0.000218125 0)
(0.0974626 0.00355419 0)
(0.0963519 0.00791197 0)
(0.0939135 0.0134685 0)
(0.091037 0.0187226 0)
(0.0865461 0.0237589 0)
(0.0807138 0.0284322 0)
(0.0734814 0.0326099 0)
(0.065075 0.0358779 0)
(0.0556596 0.037588 0)
(0.0454599 0.036821 0)
(0.0346263 0.0323743 0)
(0.0234242 0.0230596 0)
(0.0120823 0.00686803 0)
(0.00516137 -0.0193053 0)
(-0.0122641 0.0486676 0)
(-0.0252089 0.0388336 0)
(-0.0347461 0.0285091 0)
(-0.0406205 0.0162643 0)
(-0.0440096 0.00339536 0)
(-0.0449798 -0.00998242 0)
(-0.0435314 -0.0219837 0)
(-0.0397762 -0.0325749 0)
(-0.0343997 -0.0405147 0)
(-0.0268241 -0.0447849 0)
(-0.0177971 -0.0423433 0)
(-0.00705744 -0.027931 0)
(0.00259251 0.0061272 0)
(0.00915697 0.0801318 0)
(-0.0179675 0.0889905 0)
(-0.0297078 0.0512941 0)
(-0.0351478 0.0286078 0)
(-0.036436 0.0111737 0)
(-0.0347633 -0.00146079 0)
(-0.0312515 -0.0106193 0)
(-0.0265918 -0.0166129 0)
(-0.0210461 -0.0201639 0)
(-0.0151054 -0.0219651 0)
(-0.00907842 -0.0225489 0)
(-0.00281831 -0.0224381 0)
(0.0033368 -0.0218443 0)
(0.00930507 -0.0209745 0)
(0.0150508 -0.0200118 0)
(0.0205382 -0.0191014 0)
(0.0257272 -0.0183916 0)
(0.0306314 -0.0179876 0)
(0.0350995 -0.0180268 0)
(0.0392835 -0.0185413 0)
(0.0423619 -0.019577 0)
(0.0455548 -0.0204648 0)
(0.099767 0.000514504 0)
(0.0983647 0.00438821 0)
(0.0970564 0.00912891 0)
(0.0948245 0.0150197 0)
(0.0921639 0.0209198 0)
(0.0882958 0.026734 0)
(0.0833022 0.0322136 0)
(0.0770826 0.0371515 0)
(0.0697474 0.041099 0)
(0.0613671 0.0434037 0)
(0.0520128 0.0431568 0)
(0.0416892 0.0391791 0)
(0.0303575 0.0302434 0)
(0.0181878 0.0141008 0)
(0.00865035 -0.0130516 0)
(-0.0119677 0.059662 0)
(-0.024323 0.0463036 0)
(-0.0332671 0.0333941 0)
(-0.0389184 0.0187688 0)
(-0.0419479 0.00494746 0)
(-0.0435507 -0.00983216 0)
(-0.0433159 -0.0229948 0)
(-0.0416982 -0.0345844 0)
(-0.0387834 -0.0438126 0)
(-0.034295 -0.0490946 0)
(-0.0278794 -0.047951 0)
(-0.0184247 -0.0344215 0)
(-0.00811712 0.000196411 0)
(0.0048074 0.0804573 0)
(-0.0149546 0.101784 0)
(-0.0235997 0.056659 0)
(-0.0268091 0.0300504 0)
(-0.0263108 0.010573 0)
(-0.0237048 -0.00330873 0)
(-0.0198076 -0.0132078 0)
(-0.0151755 -0.0197158 0)
(-0.0102148 -0.0235279 0)
(-0.00483734 -0.0255021 0)
(0.000719674 -0.0262269 0)
(0.00626277 -0.0260952 0)
(0.0117032 -0.0254095 0)
(0.0169819 -0.0244214 0)
(0.0220532 -0.0233153 0)
(0.0268888 -0.0222389 0)
(0.0314396 -0.0213385 0)
(0.0356935 -0.0207161 0)
(0.0395063 -0.0204812 0)
(0.0429697 -0.0206368 0)
(0.045457 -0.0211814 0)
(0.0480606 -0.0216142 0)
(0.0998394 0.00101642 0)
(0.0987898 0.00513016 0)
(0.097489 0.010246 0)
(0.0955108 0.0164402 0)
(0.0931183 0.0228482 0)
(0.0897937 0.0292916 0)
(0.0855183 0.0354621 0)
(0.080162 0.0410964 0)
(0.0737381 0.0457199 0)
(0.0662217 0.0486914 0)
(0.0575433 0.0491304 0)
(0.0475714 0.045901 0)
(0.0360139 0.0377647 0)
(0.0230414 0.0223611 0)
(0.0113011 -0.00454936 0)
(-0.0115198 0.0703045 0)
(-0.0232076 0.0532966 0)
(-0.0313437 0.0377853 0)
(-0.0365791 0.0214423 0)
(-0.0393201 0.00638991 0)
(-0.0410679 -0.00918603 0)
(-0.0417676 -0.0231425 0)
(-0.0417653 -0.0353383 0)
(-0.0410735 -0.0452369 0)
(-0.0394535 -0.051658 0)
(-0.0358855 -0.052229 0)
(-0.0282685 -0.0408525 0)
(-0.0177991 -0.00776106 0)
(0.00121363 0.0774247 0)
(-0.0115945 0.112297 0)
(-0.0172388 0.0603367 0)
(-0.0183773 0.0302824 0)
(-0.0162943 0.00923757 0)
(-0.0128626 -0.00551006 0)
(-0.00869813 -0.0159073 0)
(-0.00417934 -0.0226438 0)
(0.000598286 -0.0266687 0)
(0.00544163 -0.0287602 0)
(0.010321 -0.0294861 0)
(0.0151517 -0.0293079 0)
(0.019885 -0.0285445 0)
(0.0244784 -0.0274481 0)
(0.0288893 -0.0262089 0)
(0.0330887 -0.0249781 0)
(0.0370244 -0.0238938 0)
(0.0406708 -0.0230522 0)
(0.0438962 -0.0225439 0)
(0.0467677 -0.0223607 0)
(0.0487988 -0.0224969 0)
(0.0509765 -0.0225828 0)
(0.0998851 0.00140046 0)
(0.0990196 0.0058038 0)
(0.0977884 0.0112491 0)
(0.0960457 0.0177078 0)
(0.0939315 0.0245233 0)
(0.0910865 0.0314836 0)
(0.0874369 0.038251 0)
(0.0828275 0.0445289 0)
(0.077195 0.0498287 0)
(0.0704208 0.0535396 0)
(0.0623063 0.0548247 0)
(0.0525899 0.0526055 0)
(0.0407589 0.0456517 0)
(0.0269789 0.0316232 0)
(0.0135672 0.00630744 0)
(-0.0110047 0.080327 0)
(-0.0217556 0.0597238 0)
(-0.0288308 0.0417342 0)
(-0.0333335 0.0237676 0)
(-0.0355626 0.00771593 0)
(-0.0371361 -0.00828858 0)
(-0.0384319 -0.0225861 0)
(-0.0396278 -0.0350064 0)
(-0.0408794 -0.0452125 0)
(-0.0415851 -0.0524684 0)
(-0.0412481 -0.0547592 0)
(-0.0364621 -0.0465421 0)
(-0.026763 -0.0170415 0)
(-0.00555204 0.070558 0)
(-0.00913189 0.118977 0)
(-0.0104022 0.062079 0)
(-0.0097516 0.0293703 0)
(-0.00612193 0.00721852 0)
(-0.00194535 -0.0080894 0)
(0.00255201 -0.0186663 0)
(0.00694232 -0.0254965 0)
(0.0112834 -0.0295326 0)
(0.0155439 -0.0316049 0)
(0.0197463 -0.0323083 0)
(0.0238751 -0.0320813 0)
(0.0279121 -0.0312476 0)
(0.0318314 -0.0300579 0)
(0.0355978 -0.028703 0)
(0.0391812 -0.0273331 0)
(0.0425297 -0.0260786 0)
(0.0456114 -0.0250303 0)
(0.0483101 -0.0242675 0)
(0.0506815 -0.0237825 0)
(0.0523442 -0.0235863 0)
(0.0541748 -0.0234059 0)
(0.0999143 0.00171384 0)
(0.0991654 0.00641899 0)
(0.0980271 0.0121457 0)
(0.0964946 0.0188242 0)
(0.0946508 0.0259711 0)
(0.0922293 0.0333544 0)
(0.089131 0.0406375 0)
(0.0851774 0.0475079 0)
(0.0802532 0.0534931 0)
(0.0741429 0.0580091 0)
(0.0665335 0.0602872 0)
(0.0570338 0.0593252 0)
(0.0449237 0.0539107 0)
(0.0303152 0.0417527 0)
(0.01533 0.0184935 0)
(-0.0103084 0.0899008 0)
(-0.0197997 0.065408 0)
(-0.0254369 0.0449968 0)
(-0.0288543 0.0256221 0)
(-0.0302767 0.00873858 0)
(-0.0313848 -0.00736927 0)
(-0.0329202 -0.0215911 0)
(-0.0349108 -0.033813 0)
(-0.0375934 -0.0439427 0)
(-0.0405291 -0.0515679 0)
(-0.0429667 -0.055214 0)
(-0.0419911 -0.0506834 0)
(-0.0343029 -0.02685 0)
(-0.0122011 0.0554748 0)
(-0.00431271 0.123932 0)
(-0.00424262 0.0621997 0)
(-0.000674224 0.0272997 0)
(0.00444159 0.00441131 0)
(0.0092832 -0.0109624 0)
(0.0138819 -0.0214471 0)
(0.0180179 -0.0281295 0)
(0.021861 -0.0320613 0)
(0.025498 -0.034057 0)
(0.0290141 -0.0347029 0)
(0.0324438 -0.0344215 0)
(0.0357947 -0.0335269 0)
(0.0390545 -0.032261 0)
(0.0421951 -0.03081 0)
(0.0451865 -0.0293203 0)
(0.0479784 -0.0279153 0)
(0.0505363 -0.0266816 0)
(0.0527604 -0.0256933 0)
(0.0546988 -0.0249496 0)
(0.0560514 -0.0244867 0)
(0.0575761 -0.0241009 0)
(0.0999335 0.0019797 0)
(0.0992747 0.006978 0)
(0.0982398 0.0129422 0)
(0.0969063 0.0198125 0)
(0.0953234 0.027197 0)
(0.0932692 0.0349404 0)
(0.090664 0.0426702 0)
(0.0873017 0.0500962 0)
(0.083045 0.0567255 0)
(0.0775505 0.0621251 0)
(0.0704413 0.0655331 0)
(0.0611854 0.0660583 0)
(0.0488523 0.0625346 0)
(0.0334398 0.0527276 0)
(0.016914 0.0321704 0)
(-0.00952166 0.0982444 0)
(-0.0172032 0.0699926 0)
(-0.0207984 0.0473517 0)
(-0.0227489 0.0268439 0)
(-0.0231199 0.00918208 0)
(-0.0235535 -0.00654645 0)
(-0.024973 -0.0203905 0)
(-0.0273919 -0.0320576 0)
(-0.0310397 -0.0416669 0)
(-0.0355988 -0.0491101 0)
(-0.0407207 -0.0536275 0)
(-0.0434651 -0.0524736 0)
(-0.0412158 -0.0366785 0)
(-0.019456 0.0432984 0)
(-0.00146688 0.12395 0)
(0.00350788 0.060463 0)
(0.00922445 0.0238444 0)
(0.0155606 0.00102023 0)
(0.0208322 -0.0140141 0)
(0.0253712 -0.0241414 0)
(0.0290963 -0.0305024 0)
(0.0323489 -0.0342235 0)
(0.0353109 -0.0360918 0)
(0.0381226 -0.0366637 0)
(0.0408542 -0.0363318 0)
(0.0435306 -0.0353906 0)
(0.0461487 -0.0340687 0)
(0.0486857 -0.032544 0)
(0.0511115 -0.0309574 0)
(0.0533784 -0.029426 0)
(0.0554513 -0.0280337 0)
(0.0572453 -0.0268538 0)
(0.0588007 -0.0258953 0)
(0.0598831 -0.0252212 0)
(0.0611255 -0.0246775 0)
(0.0999467 0.00220901 0)
(0.0993679 0.00747964 0)
(0.098451 0.0136453 0)
(0.0973174 0.0206363 0)
(0.0959625 0.0282592 0)
(0.0942554 0.0362703 0)
(0.0921017 0.044376 0)
(0.0893092 0.0522821 0)
(0.0856378 0.0596129 0)
(0.0807834 0.0658755 0)
(0.074236 0.0705294 0)
(0.0653178 0.0727579 0)
(0.0529038 0.0714717 0)
(0.0367859 0.0645226 0)
(0.0186125 0.0469666 0)
(-0.0083319 0.105953 0)
(-0.0136523 0.0733171 0)
(-0.0151606 0.0483554 0)
(-0.0146745 0.0270489 0)
(-0.0137576 0.00910402 0)
(-0.0134431 -0.00614582 0)
(-0.0145073 -0.019183 0)
(-0.0170669 -0.0299721 0)
(-0.0212412 -0.038748 0)
(-0.0267763 -0.0455305 0)
(-0.0337157 -0.0500548 0)
(-0.0399269 -0.0506818 0)
(-0.0436904 -0.0412115 0)
(-0.0321683 0.0193381 0)
(0.00144905 0.122495 0)
(0.0120069 0.0565637 0)
(0.0198344 0.0194063 0)
(0.0273876 -0.00290672 0)
(0.0328052 -0.0171271 0)
(0.0370552 -0.0266332 0)
(0.0401794 -0.0325233 0)
(0.0427314 -0.0359678 0)
(0.0449649 -0.0376858 0)
(0.047055 -0.0381848 0)
(0.0490923 -0.0378164 0)
(0.0511095 -0.0368489 0)
(0.0531076 -0.0354946 0)
(0.0550664 -0.0339212 0)
(0.0569554 -0.0322632 0)
(0.0587295 -0.0306324 0)
(0.0603534 -0.0291113 0)
(0.0617556 -0.0277751 0)
(0.0629666 -0.0266438 0)
(0.0638074 -0.0258052 0)
(0.0647828 -0.0251415 0)
(0.0999567 0.00240537 0)
(0.0994556 0.00791866 0)
(0.0986756 0.0142428 0)
(0.0977249 0.0213525 0)
(0.096595 0.0291298 0)
(0.0952241 0.0373564 0)
(0.0934976 0.0457761 0)
(0.0912296 0.0541296 0)
(0.0881794 0.0620752 0)
(0.0839542 0.0692714 0)
(0.0780877 0.0751932 0)
(0.0696961 0.0793335 0)
(0.057456 0.0806434 0)
(0.0407705 0.0772102 0)
(0.0205229 0.0641338 0)
(-0.00733756 0.111246 0)
(-0.00828033 0.0746691 0)
(-0.00686834 0.0479276 0)
(-0.00408858 0.0260358 0)
(-0.00183216 0.00840065 0)
(-0.000995825 -0.00604784 0)
(-0.00191372 -0.0181115 0)
(-0.004327 -0.0278589 0)
(-0.00849999 -0.035534 0)
(-0.0143144 -0.0412512 0)
(-0.0219499 -0.045133 0)
(-0.0302491 -0.0462234 0)
(-0.0373557 -0.0415648 0)
(-0.0350797 -0.00845641 0)
(0.00599094 0.114674 0)
(0.0218037 0.050183 0)
(0.0323103 0.013648 0)
(0.0399743 -0.00689969 0)
(0.0453431 -0.020195 0)
(0.0488818 -0.0287633 0)
(0.0512119 -0.034093 0)
(0.052958 -0.0372427 0)
(0.0544206 -0.038818 0)
(0.0557813 -0.0392636 0)
(0.0571361 -0.0388828 0)
(0.0585156 -0.0379146 0)
(0.0599202 -0.0365543 0)
(0.0613296 -0.0349592 0)
(0.0627127 -0.0332569 0)
(0.0640262 -0.0315553 0)
(0.0652347 -0.0299364 0)
(0.0662786 -0.028479 0)
(0.067176 -0.0272138 0)
(0.0677971 -0.02625 0)
(0.0685166 -0.0254969 0)
(0.0999656 0.00257431 0)
(0.0995488 0.00829088 0)
(0.098908 0.0147265 0)
(0.0981336 0.0219466 0)
(0.097241 0.0298271 0)
(0.0961931 0.0382108 0)
(0.0948792 0.0468827 0)
(0.0931276 0.0556199 0)
(0.0906968 0.0641518 0)
(0.0872186 0.0721966 0)
(0.082103 0.0794626 0)
(0.0746152 0.0855444 0)
(0.0629774 0.0898145 0)
(0.0463549 0.0905126 0)
(0.0235532 0.081118 0)
(-0.00405556 0.115302 0)
(-0.00214532 0.0737852 0)
(0.00446564 0.0454631 0)
(0.00961277 0.0238465 0)
(0.0127449 0.00714388 0)
(0.0139917 -0.00611908 0)
(0.0131458 -0.0170298 0)
(0.0103961 -0.0257379 0)
(0.00613946 -0.0324057 0)
(0.000387381 -0.0371864 0)
(-0.00639125 -0.0400129 0)
(-0.0145782 -0.0407269 0)
(-0.0224309 -0.0384689 0)
(-0.0229391 -0.0281423 0)
(0.0117161 0.105613 0)
(0.0339529 0.0411396 0)
(0.0461246 0.00731668 0)
(0.0534782 -0.0109471 0)
(0.0582296 -0.0228137 0)
(0.0607063 -0.0303431 0)
(0.0620735 -0.035119 0)
(0.0629435 -0.0380081 0)
(0.0636199 -0.0394773 0)
(0.064262 -0.0399051 0)
(0.0649583 -0.0395436 0)
(0.0657299 -0.0386043 0)
(0.066573 -0.0372665 0)
(0.0674655 -0.0356773 0)
(0.0683751 -0.0339585 0)
(0.0692604 -0.0322149 0)
(0.0700853 -0.0305289 0)
(0.0708004 -0.0289836 0)
(0.07141 -0.0276198 0)
(0.0718286 -0.0265643 0)
(0.0723018 -0.0257472 0)
(0.0999734 0.0027056 0)
(0.099647 0.00859385 0)
(0.0991437 0.0151249 0)
(0.098551 0.0224019 0)
(0.0979054 0.030348 0)
(0.0971736 0.0388384 0)
(0.096265 0.0477006 0)
(0.0950301 0.0567509 0)
(0.0932501 0.0657845 0)
(0.0905814 0.0746244 0)
(0.0865014 0.0831022 0)
(0.0801225 0.0912341 0)
(0.0698767 0.098677 0)
(0.0538425 0.105038 0)
(0.0271169 0.107633 0)
(-0.00245726 0.114675 0)
(0.00919859 0.0689115 0)
(0.0205024 0.0405183 0)
(0.0265772 0.0208226 0)
(0.0303424 0.00554656 0)
(0.0312963 -0.00622671 0)
(0.0302065 -0.0158809 0)
(0.0273508 -0.0235014 0)
(0.0231456 -0.0292498 0)
(0.0177184 -0.0332333 0)
(0.0110528 -0.0354021 0)
(0.00356342 -0.0357308 0)
(-0.00383719 -0.0345408 0)
(-0.00640665 -0.0375276 0)
(0.0180754 0.0850346 0)
(0.0465745 0.028679 0)
(0.0608357 0.00102566 0)
(0.0677471 -0.0148088 0)
(0.0710735 -0.0247596 0)
(0.0722855 -0.0312378 0)
(0.072594 -0.0355406 0)
(0.0725767 -0.0382466 0)
(0.0724931 -0.0396726 0)
(0.0724531 -0.0401245 0)
(0.0725294 -0.0398205 0)
(0.0727317 -0.0389398 0)
(0.0730516 -0.0376527 0)
(0.0734634 -0.0360967 0)
(0.0739338 -0.0343885 0)
(0.0744231 -0.0326309 0)
(0.0748945 -0.0309073 0)
(0.0753075 -0.0293052 0)
(0.0756513 -0.0278743 0)
(0.075882 -0.0267556 0)
(0.0761177 -0.0258955 0)
(0.0999795 0.00280868 0)
(0.0997424 0.00881719 0)
(0.0993833 0.0154208 0)
(0.098983 0.0227226 0)
(0.0985854 0.0306937 0)
(0.0981672 0.0392418 0)
(0.0976612 0.0482301 0)
(0.0969474 0.0575115 0)
(0.0958494 0.0669384 0)
(0.0940843 0.0764244 0)
(0.0912372 0.0859592 0)
(0.0865911 0.0958225 0)
(0.0785692 0.106372 0)
(0.0661318 0.119135 0)
(0.0379697 0.124232 0)
(0.00727338 0.114428 0)
(0.0301453 0.0598569 0)
(0.0416775 0.0347207 0)
(0.0483286 0.0174405 0)
(0.0507402 0.00428677 0)
(0.0505482 -0.00607607 0)
(0.0486499 -0.0144972 0)
(0.045384 -0.0212568 0)
(0.0411913 -0.0263024 0)
(0.0362819 -0.0296341 0)
(0.0306862 -0.0311788 0)
(0.024649 -0.03102 0)
(0.017502 -0.0294162 0)
(0.0118778 -0.0370447 0)
(0.0294416 0.070851 0)
(0.0646159 0.0149165 0)
(0.0774263 -0.0055443 0)
(0.0820444 -0.017545 0)
(0.083388 -0.0257149 0)
(0.083275 -0.0313544 0)
(0.0825741 -0.0353593 0)
(0.0817315 -0.0379951 0)
(0.0809676 -0.0394256 0)
(0.0803083 -0.0399539 0)
(0.0798211 -0.0397371 0)
(0.0795028 -0.038947 0)
(0.079343 -0.0377374 0)
(0.0793134 -0.0362399 0)
(0.0793799 -0.0345678 0)
(0.0795052 -0.0328224 0)
(0.0796517 -0.0310886 0)
(0.0797872 -0.029458 0)
(0.079885 -0.0279881 0)
(0.0799405 -0.0268305 0)
(0.0799475 -0.0259451 0)
(0.0999857 0.00288012 0)
(0.0998355 0.00897072 0)
(0.0996254 0.0156057 0)
(0.0994246 0.0229038 0)
(0.0992753 0.0308637 0)
(0.0991688 0.0394219 0)
(0.099062 0.0484703 0)
(0.0988705 0.0578914 0)
(0.0984736 0.0675808 0)
(0.0976716 0.0775178 0)
(0.0962162 0.0878114 0)
(0.0935737 0.0990541 0)
(0.0887109 0.112317 0)
(0.0807657 0.135287 0)
(0.0491199 0.184997 0)
(0.0410753 0.0724658 0)
(0.0592227 0.0444675 0)
(0.0712183 0.0279724 0)
(0.0737907 0.0151505 0)
(0.0732952 0.00412518 0)
(0.0709713 -0.00496666 0)
(0.0677183 -0.0126168 0)
(0.06378 -0.0188156 0)
(0.0594538 -0.0235004 0)
(0.0549744 -0.0265924 0)
(0.0504385 -0.0279642 0)
(0.0461803 -0.027421 0)
(0.040735 -0.0234507 0)
(0.0394859 -0.0109812 0)
(0.0632243 0.0129145 0)
(0.0844382 -0.0011001 0)
(0.0928136 -0.0102062 0)
(0.0945979 -0.0186584 0)
(0.0944122 -0.0256373 0)
(0.0932665 -0.0308254 0)
(0.0918061 -0.034624 0)
(0.0903275 -0.037282 0)
(0.0889697 -0.0388109 0)
(0.08779 -0.0394355 0)
(0.086808 -0.0393349 0)
(0.0860282 -0.0386575 0)
(0.085437 -0.0375475 0)
(0.0850071 -0.0361307 0)
(0.0847059 -0.0345174 0)
(0.0844988 -0.032808 0)
(0.0843478 -0.031089 0)
(0.0842286 -0.0294552 0)
(0.0840981 -0.0279709 0)
(0.0839901 -0.0267951 0)
(0.083777 -0.0258993 0)
(0.0999917 0.00292111 0)
(0.099928 0.00904845 0)
(0.0998684 0.0156817 0)
(0.099868 0.0229449 0)
(0.0999663 0.030859 0)
(0.100167 0.039381 0)
(0.100453 0.0484232 0)
(0.100777 0.0578872 0)
(0.101082 0.0676916 0)
(0.101269 0.0778408 0)
(0.101319 0.08848 0)
(0.101029 0.100254 0)
(0.101425 0.114343 0)
(0.10052 0.138348 0)
(0.135725 0.17496 0)
(0.15631 0.0844308 0)
(0.117424 0.0447591 0)
(0.108348 0.0283607 0)
(0.10169 0.0164048 0)
(0.0964342 0.0061773 0)
(0.0913896 -0.00256029 0)
(0.0865602 -0.00997788 0)
(0.0818015 -0.0160584 0)
(0.0772112 -0.0207435 0)
(0.0729725 -0.0239654 0)
(0.0692136 -0.0256157 0)
(0.0665498 -0.0253577 0)
(0.0640478 -0.0214802 0)
(0.06952 -0.00973856 0)
(0.0857338 -0.00786214 0)
(0.0970923 -0.00772128 0)
(0.102609 -0.0123253 0)
(0.104021 -0.0188524 0)
(0.103502 -0.0250889 0)
(0.102058 -0.0297615 0)
(0.10014 -0.0335895 0)
(0.0982737 -0.0362532 0)
(0.0964783 -0.0378754 0)
(0.094874 -0.0386245 0)
(0.0934776 -0.0386547 0)
(0.0922989 -0.0381055 0)
(0.0913271 -0.0371117 0)
(0.0905397 -0.0357935 0)
(0.0899068 -0.0342583 0)
(0.089398 -0.0326058 0)
(0.0889754 -0.0309234 0)
(0.0886224 -0.0293089 0)
(0.0882801 -0.0278315 0)
(0.0880192 -0.0266553 0)
(0.087595 -0.0257617 0)
(0.0999974 0.00293212 0)
(0.100019 0.00905163 0)
(0.100109 0.0156478 0)
(0.100306 0.0228465 0)
(0.100648 0.0306819 0)
(0.101149 0.0391236 0)
(0.101814 0.0480959 0)
(0.102633 0.0575076 0)
(0.103608 0.0672797 0)
(0.104729 0.0773989 0)
(0.106153 0.0879556 0)
(0.107895 0.0993416 0)
(0.111797 0.112143 0)
(0.116218 0.128451 0)
(0.149151 0.145688 0)
(0.175205 0.0931739 0)
(0.150527 0.0583881 0)
(0.136485 0.0366763 0)
(0.125484 0.0219095 0)
(0.117255 0.0104643 0)
(0.110282 0.00113938 0)
(0.104225 -0.00661 0)
(0.0987675 -0.0129488 0)
(0.0938773 -0.0179282 0)
(0.0896602 -0.0215478 0)
(0.086198 -0.023775 0)
(0.084009 -0.0243499 0)
(0.0826623 -0.0225012 0)
(0.0865668 -0.0158643 0)
(0.0961049 -0.0118544 0)
(0.104167 -0.0114637 0)
(0.10921 -0.0143868 0)
(0.111182 -0.0192443 0)
(0.110964 -0.024511 0)
(0.109632 -0.0287023 0)
(0.107644 -0.0323491 0)
(0.10556 -0.0350128 0)
(0.103482 -0.0367129 0)
(0.101558 -0.0375796 0)
(0.0998283 -0.037742 0)
(0.0983137 -0.0373272 0)
(0.0970125 -0.0364593 0)
(0.0959095 -0.0352526 0)
(0.09498 -0.0338112 0)
(0.0941989 -0.0322331 0)
(0.0935292 -0.0306062 0)
(0.0929618 -0.0290301 0)
(0.0924228 -0.0275782 0)
(0.0920188 -0.0264166 0)
(0.0913926 -0.0255359 0)
(0.100003 0.00291381 0)
(0.100107 0.00898149 0)
(0.100342 0.0155064 0)
(0.100732 0.0226118 0)
(0.101309 0.0303375 0)
(0.102098 0.0386582 0)
(0.103122 0.0475019 0)
(0.104406 0.056775 0)
(0.105998 0.0663858 0)
(0.107957 0.0762785 0)
(0.110552 0.0864534 0)
(0.113939 0.0970002 0)
(0.120005 0.108001 0)
(0.127833 0.118389 0)
(0.153622 0.125453 0)
(0.174155 0.0932101 0)
(0.164553 0.0667293 0)
(0.153881 0.0445878 0)
(0.143242 0.0283039 0)
(0.134386 0.0156937 0)
(0.126691 0.00555818 0)
(0.120042 -0.00276489 0)
(0.114191 -0.00957033 0)
(0.109089 -0.0150077 0)
(0.104793 -0.0191421 0)
(0.101341 -0.0219972 0)
(0.0990716 -0.0233687 0)
(0.0977998 -0.0228694 0)
(0.0997621 -0.0191871 0)
(0.105277 -0.0161779 0)
(0.110886 -0.0151293 0)
(0.115139 -0.0165461 0)
(0.117262 -0.0199141 0)
(0.117361 -0.0241255 0)
(0.116269 -0.0277132 0)
(0.114395 -0.0310824 0)
(0.112242 -0.033665 0)
(0.110006 -0.0353974 0)
(0.107858 -0.0363572 0)
(0.105869 -0.0366408 0)
(0.104078 -0.0363576 0)
(0.102496 -0.035619 0)
(0.101118 -0.0345317 0)
(0.0999254 -0.0331955 0)
(0.0988996 -0.0317059 0)
(0.0980053 -0.0301505 0)
(0.0972417 -0.0286293 0)
(0.09652 -0.0272186 0)
(0.0959822 -0.0260844 0)
(0.0951629 -0.0252255 0)
(0.100008 0.00286729 0)
(0.100192 0.00884058 0)
(0.100566 0.0152614 0)
(0.101139 0.0222462 0)
(0.101939 0.0298334 0)
(0.102999 0.0379962 0)
(0.104358 0.0466596 0)
(0.106066 0.0557201 0)
(0.108207 0.0650641 0)
(0.110887 0.0745826 0)
(0.11442 0.0841757 0)
(0.119032 0.0936711 0)
(0.126321 0.10279 0)
(0.13574 0.109405 0)
(0.155015 0.112286 0)
(0.171323 0.0900278 0)
(0.169398 0.0701787 0)
(0.163742 0.0502406 0)
(0.155486 0.0339811 0)
(0.14762 0.0208348 0)
(0.140264 0.0100931 0)
(0.133681 0.0012228 0)
(0.127813 -0.00608289 0)
(0.122674 -0.0120164 0)
(0.118318 -0.0166808 0)
(0.114762 -0.0201287 0)
(0.112222 -0.0222056 0)
(0.110614 -0.0226893 0)
(0.111158 -0.0208164 0)
(0.114073 -0.0188095 0)
(0.117776 -0.0177003 0)
(0.121003 -0.0183379 0)
(0.122895 -0.0206258 0)
(0.123132 -0.0238775 0)
(0.122247 -0.0268545 0)
(0.12054 -0.0298557 0)
(0.118408 -0.0322786 0)
(0.116098 -0.0339887 0)
(0.113803 -0.0350064 0)
(0.111619 -0.0353908 0)
(0.109605 -0.035229 0)
(0.107787 -0.0346173 0)
(0.10617 -0.033653 0)
(0.104745 -0.0324296 0)
(0.1035 -0.0310395 0)
(0.102402 -0.0295685 0)
(0.101459 -0.028116 0)
(0.100567 -0.0267597 0)
(0.0999042 -0.0256638 0)
(0.0989008 -0.0248344 0)
(0.100013 0.00279413 0)
(0.100271 0.00863267 0)
(0.100775 0.0149186 0)
(0.101519 0.0217572 0)
(0.102528 0.0291797 0)
(0.103839 0.037152 0)
(0.105505 0.0455911 0)
(0.107592 0.0543791 0)
(0.110209 0.0633768 0)
(0.113485 0.0724231 0)
(0.117733 0.0813297 0)
(0.123181 0.0897432 0)
(0.131018 0.0971638 0)
(0.140618 0.101618 0)
(0.155976 0.101739 0)
(0.168954 0.0861702 0)
(0.1708 0.07071 0)
(0.169103 0.0535751 0)
(0.163616 0.0382965 0)
(0.15748 0.0252539 0)
(0.151139 0.0142739 0)
(0.145131 0.00504358 0)
(0.139587 -0.00266795 0)
(0.134614 -0.00903829 0)
(0.130294 -0.0141741 0)
(0.126652 -0.0181333 0)
(0.12384 -0.0208017 0)
(0.121829 -0.0220574 0)
(0.121367 -0.0213853 0)
(0.122586 -0.0202645 0)
(0.124766 -0.0194132 0)
(0.126963 -0.0196835 0)
(0.128402 -0.021229 0)
(0.128579 -0.0236806 0)
(0.127798 -0.0260984 0)
(0.126233 -0.0286889 0)
(0.124153 -0.0308924 0)
(0.121821 -0.0325287 0)
(0.119432 -0.0335656 0)
(0.117104 -0.0340253 0)
(0.114913 -0.0339699 0)
(0.112897 -0.0334783 0)
(0.111074 -0.0326364 0)
(0.109444 -0.0315303 0)
(0.108003 -0.0302475 0)
(0.10672 -0.0288712 0)
(0.105612 -0.0274987 0)
(0.104562 -0.0262081 0)
(0.103782 -0.0251596 0)
(0.102603 -0.0243662 0)
(0.100017 0.00269631 0)
(0.100343 0.00836262 0)
(0.100967 0.0144852 0)
(0.101868 0.021154 0)
(0.103068 0.0283881 0)
(0.104608 0.0361416 0)
(0.106549 0.04432 0)
(0.108971 0.0527892 0)
(0.111992 0.0613854 0)
(0.115748 0.0699044 0)
(0.120521 0.0780929 0)
(0.126497 0.0854907 0)
(0.134412 0.0916314 0)
(0.143935 0.0944748 0)
(0.156638 0.0934296 0)
(0.167348 0.0819531 0)
(0.171149 0.0696354 0)
(0.172038 0.0550311 0)
(0.168999 0.0411769 0)
(0.16473 0.0286909 0)
(0.159711 0.0178252 0)
(0.154588 0.00847337 0)
(0.149622 0.000515559 0)
(0.145 -0.00617431 0)
(0.140841 -0.0116803 0)
(0.137198 -0.0160488 0)
(0.134199 -0.0191936 0)
(0.131859 -0.0210432 0)
(0.130659 -0.02129 0)
(0.130781 -0.0208704 0)
(0.131744 -0.0203959 0)
(0.133009 -0.0205541 0)
(0.133901 -0.0216185 0)
(0.133879 -0.0234567 0)
(0.133089 -0.0253894 0)
(0.131605 -0.0275693 0)
(0.129573 -0.0295198 0)
(0.127239 -0.0310415 0)
(0.124791 -0.032062 0)
(0.122356 -0.0325706 0)
(0.120022 -0.0326039 0)
(0.117841 -0.0322225 0)
(0.115841 -0.0314995 0)
(0.11403 -0.0305123 0)
(0.112413 -0.0293421 0)
(0.110962 -0.0280685 0)
(0.109701 -0.0267853 0)
(0.108503 -0.0255698 0)
(0.107612 -0.0245764 0)
(0.106266 -0.0238246 0)
(0.100021 0.00257622 0)
(0.100408 0.00803624 0)
(0.101138 0.0139698 0)
(0.102179 0.0204473 0)
(0.103552 0.0274717 0)
(0.105297 0.0349818 0)
(0.107484 0.0428699 0)
(0.110198 0.0509863 0)
(0.113558 0.0591475 0)
(0.117695 0.0671152 0)
(0.122841 0.074593 0)
(0.129089 0.0811505 0)
(0.13703 0.0861276 0)
(0.146181 0.0880752 0)
(0.157095 0.08652 0)
(0.166353 0.077804 0)
(0.171312 0.0673326 0)
(0.173623 0.0552724 0)
(0.172678 0.0428025 0)
(0.170098 0.0311233 0)
(0.166453 0.0206344 0)
(0.162353 0.011382 0)
(0.15812 0.00335212 0)
(0.153989 -0.00351681 0)
(0.150112 -0.00927265 0)
(0.146574 -0.0139405 0)
(0.143498 -0.0174533 0)
(0.140942 -0.0197675 0)
(0.139238 -0.0207053 0)
(0.138563 -0.0208786 0)
(0.138636 -0.020779 0)
(0.139092 -0.0209745 0)
(0.139407 -0.0217745 0)
(0.139135 -0.0230988 0)
(0.13823 -0.0246849 0)
(0.136757 -0.0264731 0)
(0.134747 -0.0281583 0)
(0.132415 -0.0295384 0)
(0.129925 -0.030513 0)
(0.127408 -0.0310457 0)
(0.124958 -0.0311496 0)
(0.122636 -0.030867 0)
(0.120483 -0.0302573 0)
(0.118511 -0.0293883 0)
(0.116735 -0.028334 0)
(0.115129 -0.0271689 0)
(0.113728 -0.0259824 0)
(0.112392 -0.0248498 0)
(0.111396 -0.0239183 0)
(0.109891 -0.0232131 0)
(0.100024 0.00243665 0)
(0.100463 0.00766018 0)
(0.101286 0.0133819 0)
(0.10245 0.0196485 0)
(0.103975 0.0264441 0)
(0.105903 0.0336897 0)
(0.108307 0.0412633 0)
(0.111276 0.0490013 0)
(0.114922 0.0567012 0)
(0.119355 0.0641186 0)
(0.124744 0.0709626 0)
(0.131211 0.0766984 0)
(0.139034 0.080836 0)
(0.147771 0.082191 0)
(0.157475 0.0804782 0)
(0.165915 0.0735534 0)
(0.171351 0.0647713 0)
(0.174587 0.054449 0)
(0.175314 0.0433433 0)
(0.174162 0.0326334 0)
(0.171805 0.0226937 0)
(0.168748 0.0137155 0)
(0.165318 0.0057721 0)
(0.161767 -0.00113662 0)
(0.15827 -0.00701977 0)
(0.154936 -0.0118775 0)
(0.151893 -0.015655 0)
(0.149232 -0.0183225 0)
(0.1472 -0.0197819 0)
(0.145958 -0.0204449 0)
(0.145358 -0.0206921 0)
(0.145149 -0.0209917 0)
(0.144933 -0.021625 0)
(0.14435 -0.0226614 0)
(0.1433 -0.0239069 0)
(0.141762 -0.0253675 0)
(0.139745 -0.0267968 0)
(0.137403 -0.0280209 0)
(0.134877 -0.0289282 0)
(0.132292 -0.0294637 0)
(0.129744 -0.029621 0)
(0.127303 -0.0294252 0)
(0.125013 -0.0289221 0)
(0.122898 -0.0281689 0)
(0.120977 -0.0272319 0)
(0.119229 -0.0261795 0)
(0.117695 -0.0250958 0)
(0.116228 -0.0240528 0)
(0.115134 -0.023189 0)
(0.113476 -0.0225349 0)
(0.100026 0.00228069 0)
(0.100509 0.00724179 0)
(0.101409 0.0127321 0)
(0.102678 0.01877 0)
(0.104334 0.0253185 0)
(0.106424 0.032278 0)
(0.10902 0.0395158 0)
(0.11221 0.0468585 0)
(0.116089 0.0541082 0)
(0.120762 0.0609908 0)
(0.126366 0.067186 0)
(0.132939 0.0722585 0)
(0.140611 0.0757264 0)
(0.14898 0.076703 0)
(0.157865 0.0749984 0)
(0.16578 0.0693589 0)
(0.171464 0.0619153 0)
(0.175416 0.0527657 0)
(0.177234 0.0431902 0)
(0.177364 0.0333238 0)
(0.17614 0.0240479 0)
(0.174074 0.0154713 0)
(0.171457 0.00774455 0)
(0.16853 0.00092032 0)
(0.165479 -0.00497597 0)
(0.162428 -0.00991968 0)
(0.15951 -0.0138649 0)
(0.156838 -0.0167869 0)
(0.154614 -0.0186334 0)
(0.15298 -0.0196855 0)
(0.151873 -0.0202394 0)
(0.151125 -0.02067 0)
(0.150447 -0.0212383 0)
(0.149552 -0.0220509 0)
(0.148314 -0.0230473 0)
(0.146673 -0.0242269 0)
(0.144616 -0.0254203 0)
(0.142249 -0.0264851 0)
(0.139684 -0.0273111 0)
(0.137039 -0.0278327 0)
(0.134406 -0.0280281 0)
(0.131859 -0.0279074 0)
(0.129448 -0.0275035 0)
(0.127202 -0.0268628 0)
(0.125148 -0.0260431 0)
(0.123266 -0.0251064 0)
(0.121608 -0.02413 0)
(0.120016 -0.0231825 0)
(0.118827 -0.0223917 0)
(0.117024 -0.0217932 0)
(0.100027 0.0021118 0)
(0.100544 0.00678884 0)
(0.101505 0.0120309 0)
(0.102858 0.0178232 0)
(0.104626 0.0241072 0)
(0.106857 0.0307664 0)
(0.109625 0.0376539 0)
(0.113011 0.0445909 0)
(0.117108 0.0513619 0)
(0.12199 0.0577152 0)
(0.127748 0.0633452 0)
(0.134378 0.0678356 0)
(0.141909 0.070779 0)
(0.149979 0.0715068 0)
(0.158311 0.0698868 0)
(0.165872 0.0651892 0)
(0.171784 0.0587588 0)
(0.176174 0.0508686 0)
(0.178814 0.0421093 0)
(0.179938 0.0334375 0)
(0.17977 0.0247506 0)
(0.178596 0.0166766 0)
(0.176756 0.00926784 0)
(0.174462 0.0026311 0)
(0.171893 -0.00317833 0)
(0.169179 -0.00811314 0)
(0.166455 -0.0121363 0)
(0.163852 -0.0152228 0)
(0.161538 -0.0173439 0)
(0.159647 -0.0186941 0)
(0.158167 -0.0195016 0)
(0.156993 -0.0200651 0)
(0.155921 -0.0206159 0)
(0.154728 -0.0212875 0)
(0.153287 -0.0220871 0)
(0.151521 -0.0230321 0)
(0.149398 -0.0240147 0)
(0.146989 -0.0249243 0)
(0.14438 -0.0256615 0)
(0.141676 -0.0261568 0)
(0.138966 -0.0263775 0)
(0.136322 -0.0263213 0)
(0.133801 -0.0260089 0)
(0.131435 -0.0254766 0)
(0.129256 -0.0247733 0)
(0.127248 -0.0239539 0)
(0.125471 -0.0230888 0)
(0.123758 -0.0222418 0)
(0.122477 -0.0215291 0)
(0.120534 -0.0209907 0)
(0.100027 0.00193395 0)
(0.100566 0.00631009 0)
(0.101571 0.0112907 0)
(0.102989 0.016822 0)
(0.104852 0.0228242 0)
(0.10721 0.0291582 0)
(0.110139 0.0356749 0)
(0.113711 0.042191 0)
(0.118 0.0484994 0)
(0.123062 0.0543477 0)
(0.128946 0.0594482 0)
(0.135618 0.0634353 0)
(0.143038 0.0659603 0)
(0.15088 0.0665194 0)
(0.158843 0.0650179 0)
(0.166179 0.0610331 0)
(0.172247 0.0554417 0)
(0.177025 0.0485025 0)
(0.180255 0.0408099 0)
(0.182144 0.0327184 0)
(0.182848 0.0249894 0)
(0.182537 0.0173607 0)
(0.181408 0.0103579 0)
(0.179726 0.00399161 0)
(0.177652 -0.00164758 0)
(0.175309 -0.00648927 0)
(0.172826 -0.010509 0)
(0.170348 -0.0136786 0)
(0.168025 -0.0159784 0)
(0.165979 -0.0175441 0)
(0.164233 -0.0185498 0)
(0.16273 -0.0192323 0)
(0.16133 -0.0197924 0)
(0.159868 -0.0203714 0)
(0.158224 -0.0210191 0)
(0.156321 -0.0217711 0)
(0.154116 -0.0225685 0)
(0.15165 -0.0233319 0)
(0.14899 -0.0239776 0)
(0.146227 -0.024438 0)
(0.143444 -0.0246736 0)
(0.140711 -0.0246722 0)
(0.138087 -0.0244441 0)
(0.135608 -0.0240154 0)
(0.133311 -0.0234267 0)
(0.131181 -0.0227254 0)
(0.129289 -0.0219745 0)
(0.127458 -0.0212327 0)
(0.126088 -0.0206031 0)
(0.12401 -0.02013 0)
(0.100025 0.00175169 0)
(0.100574 0.0058142 0)
(0.101606 0.0105222 0)
(0.103069 0.0157748 0)
(0.105014 0.0214744 0)
(0.107489 0.0274654 0)
(0.110571 0.0335949 0)
(0.114319 0.0396816 0)
(0.118791 0.0455246 0)
(0.124018 0.0508869 0)
(0.130019 0.0555023 0)
(0.136734 0.05905 0)
(0.144078 0.0612346 0)
(0.151761 0.0616761 0)
(0.159483 0.0603041 0)
(0.166686 0.0568775 0)
(0.172879 0.0519882 0)
(0.177954 0.0458764 0)
(0.181707 0.0390117 0)
(0.184191 0.0318013 0)
(0.185569 0.0244933 0)
(0.186003 0.0176732 0)
(0.185585 0.0110286 0)
(0.184469 0.00500938 0)
(0.182882 -0.000390663 0)
(0.180921 -0.00506588 0)
(0.178707 -0.00901013 0)
(0.176396 -0.01219 0)
(0.174121 -0.0145861 0)
(0.171998 -0.0162928 0)
(0.170072 -0.0174416 0)
(0.168321 -0.0182194 0)
(0.166656 -0.0187977 0)
(0.164957 -0.0193147 0)
(0.163123 -0.0198444 0)
(0.161079 -0.0204382 0)
(0.158782 -0.021074 0)
(0.15625 -0.0217022 0)
(0.153535 -0.022257 0)
(0.150711 -0.0226769 0)
(0.147857 -0.0229191 0)
(0.145039 -0.0229639 0)
(0.142319 -0.0228129 0)
(0.139732 -0.022483 0)
(0.137322 -0.0220064 0)
(0.135075 -0.0214231 0)
(0.133069 -0.0207887 0)
(0.131122 -0.0201564 0)
(0.129662 -0.019615 0)
(0.127453 -0.019213 0)
(0.100021 0.00157035 0)
(0.100566 0.00531099 0)
(0.101606 0.00973789 0)
(0.103097 0.0146926 0)
(0.105114 0.0200667 0)
(0.107702 0.0256895 0)
(0.110935 0.0314128 0)
(0.114858 0.0370606 0)
(0.119509 0.0424431 0)
(0.124899 0.0473393 0)
(0.131016 0.0515066 0)
(0.137784 0.0546664 0)
(0.14509 0.056569 0)
(0.152672 0.0569256 0)
(0.160249 0.0556827 0)
(0.167388 0.0527059 0)
(0.173691 0.0484023 0)
(0.179005 0.0430214 0)
(0.183179 0.0369088 0)
(0.186207 0.0304057 0)
(0.188136 0.0238401 0)
(0.18914 0.0173418 0)
(0.189354 0.011404 0)
(0.188821 0.00568897 0)
(0.187691 0.000594022 0)
(0.186111 -0.00384907 0)
(0.184175 -0.00765526 0)
(0.182054 -0.0107823 0)
(0.179868 -0.0132032 0)
(0.177726 -0.0149844 0)
(0.175687 -0.0162236 0)
(0.173756 -0.0170677 0)
(0.171881 -0.0176614 0)
(0.169981 -0.0181331 0)
(0.167974 -0.0185691 0)
(0.165796 -0.0190322 0)
(0.163404 -0.0195272 0)
(0.160801 -0.0200318 0)
(0.158027 -0.0204981 0)
(0.155142 -0.020874 0)
(0.152219 -0.0211161 0)
(0.149322 -0.0211995 0)
(0.146509 -0.0211187 0)
(0.143819 -0.0208821 0)
(0.141299 -0.0205144 0)
(0.138937 -0.0200481 0)
(0.136818 -0.0195316 0)
(0.134753 -0.0190129 0)
(0.133203 -0.0185653 0)
(0.130864 -0.0182415 0)
(0.100013 0.00139689 0)
(0.100536 0.00481018 0)
(0.101566 0.00894903 0)
(0.103069 0.0135818 0)
(0.105156 0.0186027 0)
(0.107859 0.0238302 0)
(0.11125 0.0291281 0)
(0.115352 0.0343285 0)
(0.120185 0.039255 0)
(0.125738 0.0437036 0)
(0.131979 0.0474553 0)
(0.138815 0.0502689 0)
(0.146118 0.0519337 0)
(0.153651 0.0522272 0)
(0.161152 0.0511092 0)
(0.168274 0.0485139 0)
(0.174673 0.0447411 0)
(0.180206 0.0399745 0)
(0.184732 0.0345352 0)
(0.188207 0.0287053 0)
(0.190654 0.0227511 0)
(0.192142 0.0168985 0)
(0.192826 0.0112181 0)
(0.192823 0.00613462 0)
(0.192179 0.00130468 0)
(0.190958 -0.00283707 0)
(0.189293 -0.00645033 0)
(0.187375 -0.00947101 0)
(0.185305 -0.0118555 0)
(0.183186 -0.0136524 0)
(0.181085 -0.014933 0)
(0.179027 -0.0158123 0)
(0.17699 -0.0164108 0)
(0.174923 -0.0168444 0)
(0.172767 -0.0172025 0)
(0.170464 -0.0175556 0)
(0.167981 -0.0179282 0)
(0.165307 -0.0183197 0)
(0.162474 -0.0187008 0)
(0.15953 -0.0190299 0)
(0.156541 -0.0192664 0)
(0.153568 -0.0193814 0)
(0.150667 -0.019364 0)
(0.147879 -0.019215 0)
(0.145251 -0.018952 0)
(0.142774 -0.0186006 0)
(0.140541 -0.0182027 0)
(0.138356 -0.0178011 0)
(0.136713 -0.0174532 0)
(0.134244 -0.0172165 0)
(0.100001 0.00123985 0)
(0.100478 0.00432356 0)
(0.10148 0.00816695 0)
(0.102982 0.0124464 0)
(0.105145 0.0170805 0)
(0.107974 0.0218825 0)
(0.111536 0.0267354 0)
(0.115826 0.0314814 0)
(0.120848 0.0359574 0)
(0.126569 0.0399761 0)
(0.132942 0.0433402 0)
(0.139863 0.0458418 0)
(0.147195 0.0473032 0)
(0.154723 0.0475536 0)
(0.162204 0.0465542 0)
(0.169338 0.0442706 0)
(0.175836 0.0409751 0)
(0.181583 0.0367576 0)
(0.186406 0.0319322 0)
(0.190258 0.0267311 0)
(0.193136 0.0213815 0)
(0.195089 0.0160705 0)
(0.196183 0.0109647 0)
(0.19655 0.00609043 0)
(0.196367 0.00182575 0)
(0.195539 -0.00202731 0)
(0.194122 -0.00539405 0)
(0.192403 -0.00826429 0)
(0.190465 -0.0105598 0)
(0.188394 -0.012321 0)
(0.186269 -0.0135984 0)
(0.184126 -0.0144817 0)
(0.181968 -0.0150704 0)
(0.179767 -0.0154661 0)
(0.177484 -0.0157562 0)
(0.175072 -0.0160144 0)
(0.172503 -0.0162797 0)
(0.169766 -0.0165675 0)
(0.166877 -0.0168668 0)
(0.163879 -0.0171469 0)
(0.160829 -0.0173728 0)
(0.157784 -0.0175125 0)
(0.154801 -0.0175516 0)
(0.151918 -0.0174836 0)
(0.149187 -0.0173203 0)
(0.146595 -0.0170802 0)
(0.144246 -0.0168002 0)
(0.141936 -0.0165186 0)
(0.140194 -0.0162769 0)
(0.137592 -0.0161384 0)
(0.0999804 0.00111128 0)
(0.10038 0.00386433 0)
(0.101338 0.00740177 0)
(0.102832 0.011285 0)
(0.105091 0.0154921 0)
(0.108067 0.0198361 0)
(0.111818 0.0242265 0)
(0.116307 0.0285136 0)
(0.121523 0.0325463 0)
(0.127418 0.0361527 0)
(0.133931 0.0391568 0)
(0.140953 0.041375 0)
(0.148348 0.042656 0)
(0.155905 0.0428539 0)
(0.163396 0.0419733 0)
(0.170562 0.0400228 0)
(0.177203 0.0370957 0)
(0.183139 0.0333917 0)
(0.188222 0.0291338 0)
(0.192398 0.024523 0)
(0.195645 0.0197561 0)
(0.197988 0.0149969 0)
(0.199481 0.0103814 0)
(0.200179 0.00601893 0)
(0.200293 0.00192837 0)
(0.199864 -0.00137804 0)
(0.198713 -0.00447346 0)
(0.197174 -0.00716112 0)
(0.195373 -0.00932479 0)
(0.193366 -0.0110059 0)
(0.191241 -0.0122406 0)
(0.189044 -0.0130987 0)
(0.186797 -0.0136611 0)
(0.184491 -0.0140153 0)
(0.182103 -0.0142427 0)
(0.1796 -0.014417 0)
(0.176958 -0.0145871 0)
(0.174165 -0.0147792 0)
(0.171229 -0.015 0)
(0.168186 -0.0152293 0)
(0.165082 -0.0154392 0)
(0.161974 -0.0155966 0)
(0.158915 -0.0156846 0)
(0.155943 -0.0156902 0)
(0.153111 -0.0156202 0)
(0.150406 -0.0154862 0)
(0.147938 -0.0153217 0)
(0.145497 -0.0151616 0)
(0.143648 -0.0150323 0)
(0.140906 -0.0150062 0)
(0.0999443 0.00103035 0)
(0.100218 0.00344662 0)
(0.101125 0.00666102 0)
(0.102614 0.0100883 0)
(0.105008 0.0138215 0)
(0.10816 0.0176766 0)
(0.112122 0.0215918 0)
(0.116819 0.0254218 0)
(0.122232 0.0290206 0)
(0.128306 0.0322289 0)
(0.134968 0.0348798 0)
(0.1421 0.0368333 0)
(0.14957 0.0379576 0)
(0.157173 0.0381737 0)
(0.164721 0.0374058 0)
(0.17199 0.035667 0)
(0.178765 0.0331253 0)
(0.184876 0.0298923 0)
(0.190193 0.0261644 0)
(0.194651 0.0221137 0)
(0.198215 0.0179101 0)
(0.200894 0.0136969 0)
(0.202723 0.00959347 0)
(0.203755 0.00567124 0)
(0.204096 0.00197756 0)
(0.203931 -0.000973205 0)
(0.203101 -0.00370373 0)
(0.201711 -0.00616011 0)
(0.200045 -0.00815398 0)
(0.198106 -0.00971632 0)
(0.195996 -0.0108739 0)
(0.193767 -0.0116802 0)
(0.191454 -0.0122001 0)
(0.189066 -0.0125072 0)
(0.186595 -0.0126748 0)
(0.18402 -0.0127734 0)
(0.181318 -0.0128579 0)
(0.178483 -0.0129628 0)
(0.175514 -0.0131071 0)
(0.172437 -0.0132835 0)
(0.169294 -0.0134714 0)
(0.166133 -0.013639 0)
(0.163009 -0.0137678 0)
(0.159956 -0.0138381 0)
(0.157029 -0.0138535 0)
(0.154211 -0.0138179 0)
(0.151623 -0.013764 0)
(0.149043 -0.0137245 0)
(0.147076 -0.0137133 0)
(0.144179 -0.0138176 0)
(0.0998828 0.00103107 0)
(0.0999431 0.00308318 0)
(0.100816 0.00594747 0)
(0.102322 0.00883472 0)
(0.10492 0.0120437 0)
(0.108284 0.0153864 0)
(0.112478 0.0188222 0)
(0.117384 0.0221955 0)
(0.122987 0.0253688 0)
(0.129229 0.0281943 0)
(0.13603 0.0305491 0)
(0.143289 0.0322648 0)
(0.150859 0.033248 0)
(0.15857 0.0333991 0)
(0.166222 0.0327325 0)
(0.173599 0.0312524 0)
(0.180508 0.0290586 0)
(0.186792 0.026268 0)
(0.192324 0.0230424 0)
(0.19703 0.0195294 0)
(0.200869 0.0158745 0)
(0.203835 0.0122015 0)
(0.205951 0.00861345 0)
(0.207271 0.00516922 0)
(0.207804 0.00186084 0)
(0.207808 -0.000767027 0)
(0.207287 -0.00302508 0)
(0.206037 -0.00524545 0)
(0.204486 -0.00704311 0)
(0.20261 -0.00845457 0)
(0.200518 -0.00950592 0)
(0.198268 -0.0102373 0)
(0.195906 -0.0107002 0)
(0.193455 -0.0109546 0)
(0.190919 -0.0110646 0)
(0.188289 -0.0110946 0)
(0.185547 -0.0111022 0)
(0.182685 -0.0111276 0)
(0.179702 -0.011198 0)
(0.17661 -0.0113193 0)
(0.173447 -0.0114786 0)
(0.170249 -0.0116477 0)
(0.167075 -0.011808 0)
(0.163952 -0.0119324 0)
(0.16094 -0.0120234 0)
(0.158014 -0.0120754 0)
(0.155305 -0.0121241 0)
(0.152576 -0.0122 0)
(0.150476 -0.01231 0)
(0.1474 -0.012567 0)
(0.0997789 0.00116965 0)
(0.0994533 0.00279753 0)
(0.100367 0.00524433 0)
(0.101949 0.00748065 0)
(0.104863 0.0101214 0)
(0.108476 0.012944 0)
(0.112905 0.0159114 0)
(0.118002 0.0188611 0)
(0.123779 0.0216283 0)
(0.130179 0.0240865 0)
(0.137137 0.0261011 0)
(0.144543 0.0275767 0)
(0.152248 0.0284231 0)
(0.16008 0.0285736 0)
(0.167849 0.028012 0)
(0.175357 0.0267549 0)
(0.182416 0.024893 0)
(0.188875 0.0225241 0)
(0.194609 0.019782 0)
(0.199537 0.0167916 0)
(0.203612 0.013676 0)
(0.206822 0.0105402 0)
(0.209177 0.00746992 0)
(0.210725 0.00452422 0)
(0.211445 0.00170134 0)
(0.211572 -0.00069835 0)
(0.211229 -0.00251735 0)
(0.210142 -0.00441507 0)
(0.208682 -0.00598354 0)
(0.206856 -0.00721717 0)
(0.204777 -0.00813834 0)
(0.202508 -0.008776 0)
(0.200105 -0.00916999 0)
(0.197602 -0.00936767 0)
(0.195016 -0.00942296 0)
(0.192346 -0.00939202 0)
(0.189584 -0.00933189 0)
(0.186715 -0.00928565 0)
(0.183742 -0.00928643 0)
(0.180661 -0.00935029 0)
(0.177503 -0.00947442 0)
(0.174294 -0.00963438 0)
(0.171092 -0.0098153 0)
(0.167918 -0.00998101 0)
(0.164836 -0.0101355 0)
(0.16181 -0.0102604 0)
(0.158985 -0.0103993 0)
(0.156095 -0.0105794 0)
(0.153848 -0.0108076 0)
(0.150547 -0.0112442 0)
(0.0996118 0.00156978 0)
(0.0984853 0.00259192 0)
(0.0996952 0.00450733 0)
(0.101507 0.00594566 0)
(0.1049 0.00800555 0)
(0.108778 0.0103497 0)
(0.11342 0.0128823 0)
(0.118676 0.0154039 0)
(0.1246 0.017766 0)
(0.131149 0.0198556 0)
(0.138258 0.0215708 0)
(0.145812 0.0228194 0)
(0.153668 0.0235343 0)
(0.161649 0.0236616 0)
(0.169569 0.0231987 0)
(0.177235 0.0221612 0)
(0.184463 0.020622 0)
(0.191101 0.0186632 0)
(0.197026 0.0163945 0)
(0.202154 0.0139193 0)
(0.206432 0.0113396 0)
(0.209841 0.00874217 0)
(0.212388 0.00619663 0)
(0.2141 0.00375977 0)
(0.214997 0.00139335 0)
(0.215208 -0.000654536 0)
(0.214939 -0.00208712 0)
(0.213981 -0.00365133 0)
(0.212584 -0.00496304 0)
(0.210789 -0.00599605 0)
(0.20871 -0.00676735 0)
(0.206414 -0.00729634 0)
(0.203969 -0.00761288 0)
(0.201418 -0.00775236 0)
(0.198791 -0.00775822 0)
(0.196096 -0.00767637 0)
(0.193331 -0.00755991 0)
(0.19048 -0.00745181 0)
(0.187545 -0.00739074 0)
(0.184511 -0.00739557 0)
(0.181396 -0.00747765 0)
(0.178212 -0.00761647 0)
(0.175017 -0.00780516 0)
(0.171819 -0.00799618 0)
(0.168693 -0.00819942 0)
(0.165581 -0.00837783 0)
(0.162655 -0.00858962 0)
(0.159594 -0.00885339 0)
(0.15719 -0.00918383 0)
(0.153583 -0.00982912 0)
(0.0994026 0.00239061 0)
(0.096275 0.00248899 0)
(0.0986392 0.00350639 0)
(0.101099 0.00404959 0)
(0.105153 0.00564057 0)
(0.10924 0.0075971 0)
(0.11402 0.00974164 0)
(0.11936 0.0118742 0)
(0.125375 0.013834 0)
(0.132047 0.0155501 0)
(0.139301 0.016945 0)
(0.14702 0.0179567 0)
(0.15505 0.0185334 0)
(0.163213 0.0186397 0)
(0.171319 0.0182746 0)
(0.179171 0.0174533 0)
(0.186587 0.0162337 0)
(0.193412 0.014682 0)
(0.199521 0.0128855 0)
(0.204826 0.0109264 0)
(0.209273 0.00888656 0)
(0.212838 0.00683404 0)
(0.215528 0.00482512 0)
(0.217347 0.00290886 0)
(0.218375 0.00102354 0)
(0.218612 -0.000647926 0)
(0.218359 -0.00171326 0)
(0.21747 -0.00293142 0)
(0.216094 -0.00396347 0)
(0.214298 -0.00477725 0)
(0.212191 -0.00538336 0)
(0.209851 -0.00579312 0)
(0.207352 -0.00602769 0)
(0.204748 -0.0061112 0)
(0.202082 -0.00607674 0)
(0.19937 -0.00595808 0)
(0.196621 -0.00580136 0)
(0.193816 -0.00564537 0)
(0.190954 -0.00553443 0)
(0.188014 -0.0054822 0)
(0.184998 -0.00551707 0)
(0.181892 -0.00562061 0)
(0.178759 -0.00580221 0)
(0.175578 -0.00599828 0)
(0.172457 -0.00623224 0)
(0.169279 -0.00643875 0)
(0.16629 -0.00669965 0)
(0.163041 -0.00701459 0)
(0.160499 -0.00740656 0)
(0.156434 -0.00828275 0)
(0.0985741 0.0062231 0)
(0.0897319 0.00283701 0)
(0.0969403 0.00249075 0)
(0.101089 0.00180567 0)
(0.105846 0.00311895 0)
(0.109883 0.00481513 0)
(0.114604 0.00659614 0)
(0.119902 0.00832271 0)
(0.125936 0.00984816 0)
(0.132702 0.0111614 0)
(0.140099 0.012218 0)
(0.147993 0.0129818 0)
(0.156226 0.0134322 0)
(0.164613 0.0135169 0)
(0.172943 0.0132509 0)
(0.181015 0.0126473 0)
(0.188639 0.0117507 0)
(0.195658 0.0106104 0)
(0.201942 0.00929211 0)
(0.2074 0.00785634 0)
(0.211976 0.00636532 0)
(0.215644 0.00486702 0)
(0.218418 0.00340755 0)
(0.220276 0.00202134 0)
(0.22138 0.000639967 0)
(0.22156 -0.000622724 0)
(0.221256 -0.00134507 0)
(0.220364 -0.00221108 0)
(0.218951 -0.00294942 0)
(0.217101 -0.00353088 0)
(0.214927 -0.00396126 0)
(0.212508 -0.00424577 0)
(0.209931 -0.0043985 0)
(0.207256 -0.00443324 0)
(0.204542 -0.00437353 0)
(0.201813 -0.00423964 0)
(0.199097 -0.00406845 0)
(0.196368 -0.00388809 0)
(0.193631 -0.00374846 0)
(0.190844 -0.00365261 0)
(0.188014 -0.00364202 0)
(0.185069 -0.00369866 0)
(0.182099 -0.00385821 0)
(0.179002 -0.00403495 0)
(0.175977 -0.00427744 0)
(0.172762 -0.00447922 0)
(0.169801 -0.00475696 0)
(0.166326 -0.0050749 0)
(0.163749 -0.00544806 0)
(0.158946 -0.00652947 0)
(0.100898 0.000525998 0)
(0.0675576 0.000595051 0)
(0.0957671 -0.0042631 0)
(0.101932 -0.00221221 0)
(0.107044 0.000311922 0)
(0.110456 0.00211494 0)
(0.114726 0.00359665 0)
(0.11981 0.00492077 0)
(0.125764 0.00597838 0)
(0.132589 0.00686389 0)
(0.140128 0.00756039 0)
(0.148219 0.00805162 0)
(0.156689 0.0082931 0)
(0.16533 0.00833094 0)
(0.173917 0.00815042 0)
(0.182233 0.00775563 0)
(0.190077 0.00717675 0)
(0.197283 0.00644597 0)
(0.203711 0.00560713 0)
(0.209275 0.00469793 0)
(0.213911 0.00376126 0)
(0.217603 0.00282142 0)
(0.220364 0.00192252 0)
(0.222176 0.00106886 0)
(0.223238 0.000149317 0)
(0.223231 -0.000560288 0)
(0.222784 -0.00101454 0)
(0.221776 -0.00152103 0)
(0.22023 -0.00196572 0)
(0.21824 -0.00231135 0)
(0.215925 -0.00256273 0)
(0.213367 -0.00272119 0)
(0.210663 -0.00279557 0)
(0.207878 -0.00279045 0)
(0.205094 -0.00272141 0)
(0.202336 -0.00259453 0)
(0.199668 -0.00243669 0)
(0.197047 -0.00225747 0)
(0.194517 -0.00210948 0)
(0.191967 -0.00198228 0)
(0.189485 -0.00192766 0)
(0.186839 -0.00191739 0)
(0.18425 -0.00203011 0)
(0.181354 -0.00214656 0)
(0.178655 -0.00237395 0)
(0.175418 -0.00252184 0)
(0.17275 -0.00279553 0)
(0.168892 -0.00305096 0)
(0.166663 -0.0032827 0)
(0.160637 -0.00446262 0)
(0.0916922 0.0536753 0)
(0.154037 -0.00182366 0)
(0.12392 -0.00717974 0)
(0.110233 -0.00474826 0)
(0.10937 -0.00132236 0)
(0.109469 0.000195392 0)
(0.111779 0.00117285 0)
(0.116265 0.00205504 0)
(0.121803 0.0026004 0)
(0.128497 0.0030214 0)
(0.136039 0.00334592 0)
(0.144247 0.00357487 0)
(0.152879 0.00370221 0)
(0.16167 0.00370847 0)
(0.170399 0.00361537 0)
(0.178827 0.003428 0)
(0.186733 0.00316247 0)
(0.193943 0.00283232 0)
(0.200303 0.00245995 0)
(0.205739 0.0020596 0)
(0.210165 0.00165647 0)
(0.213624 0.00125093 0)
(0.21604 0.000875601 0)
(0.217625 0.000535102 0)
(0.218166 0.000149431 0)
(0.217962 -0.000124046 0)
(0.2169 -0.000387021 0)
(0.215573 -0.000543385 0)
(0.213678 -0.000706749 0)
(0.211363 -0.000836675 0)
(0.208758 -0.00093123 0)
(0.205929 -0.000988165 0)
(0.203008 -0.00101271 0)
(0.200038 -0.00100294 0)
(0.19716 -0.000968557 0)
(0.194354 -0.000904482 0)
(0.191797 -0.00083039 0)
(0.189351 -0.000730783 0)
(0.187269 -0.000658086 0)
(0.185163 -0.000586425 0)
(0.18346 -0.000553175 0)
(0.181445 -0.000527453 0)
(0.179934 -0.000603955 0)
(0.177501 -0.000655258 0)
(0.17598 -0.000814513 0)
(0.172606 -0.000892618 0)
(0.171298 -0.00103573 0)
(0.166408 -0.00125915 0)
(0.165722 -0.00112736 0)
(0.158435 -0.00202516 0)
)
;

boundaryField
{
    floor
    {
        type            noSlip;
    }
    ceiling
    {
        type            noSlip;
    }
    inlet
    {
        type            fixedValue;
        value           uniform (0.1 0 0);
    }
    outlet
    {
        type            inletOutlet;
        inletValue      uniform (0 0 0);
        value           nonuniform List<vector> 
40
(
(0.0522876 -0.0101661 0)
(0.0447483 -0.0145655 0)
(0.042972 -0.0171148 0)
(0.04369 -0.0190551 0)
(0.0455548 -0.0204648 0)
(0.0480606 -0.0216142 0)
(0.0509765 -0.0225828 0)
(0.0541748 -0.0234059 0)
(0.0575761 -0.0241009 0)
(0.0611255 -0.0246775 0)
(0.0647828 -0.0251415 0)
(0.0685166 -0.0254969 0)
(0.0723018 -0.0257472 0)
(0.0761177 -0.0258955 0)
(0.0799475 -0.0259451 0)
(0.083777 -0.0258993 0)
(0.087595 -0.0257617 0)
(0.0913926 -0.0255359 0)
(0.0951629 -0.0252255 0)
(0.0989008 -0.0248344 0)
(0.102603 -0.0243662 0)
(0.106266 -0.0238246 0)
(0.109891 -0.0232131 0)
(0.113476 -0.0225349 0)
(0.117024 -0.0217932 0)
(0.120534 -0.0209907 0)
(0.12401 -0.02013 0)
(0.127453 -0.019213 0)
(0.130864 -0.0182415 0)
(0.134244 -0.0172165 0)
(0.137592 -0.0161384 0)
(0.140906 -0.0150062 0)
(0.144179 -0.0138176 0)
(0.1474 -0.012567 0)
(0.150547 -0.0112442 0)
(0.153583 -0.00982912 0)
(0.156434 -0.00828275 0)
(0.158946 -0.00652947 0)
(0.160637 -0.00446262 0)
(0.158435 -0.00202516 0)
)
;
    }
    fixedWalls
    {
        type            empty;
    }
    baffleFacesThermoBaffle1D_master
    {
        type            fixedValue;
        value           uniform (0 0 0);
    }
    baffleFacesThermoBaffle1D_slave
    {
        type            fixedValue;
        value           uniform (0 0 0);
    }
    baffleFacesThermoBaffle3D_master
    {
        type            fixedValue;
        value           uniform (0 0 0);
    }
    baffleFacesThermoBaffle3D_slave
    {
        type            fixedValue;
        value           uniform (0 0 0);
    }
}


// ************************************************************************* //
