/*--------------------------------*- C++ -*----------------------------------*\
| =========                 |                                                 |
| \\      /  F ield         | OpenFOAM: The Open Source CFD Toolbox           |
|  \\    /   O peration     | Version:  v1906                                 |
|   \\  /    A nd           | Web:      www.OpenFOAM.com                      |
|    \\/     M anipulation  |                                                 |
\*---------------------------------------------------------------------------*/
FoamFile
{
    version     2.0;
    format      ascii;
    class       volScalarField;
    location    "2000";
    object      p;
}
// * * * * * * * * * * * * * * * * * * * * * * * * * * * * * * * * * * * * * //

dimensions      [1 -1 -2 0 0 0 0];


internalField   nonuniform List<scalar> 
2000
(
101325
101325
101325
101325
101325
101325
101325
101325
101325
101325
101325
101325
101325
101325
101325
101325
101325
101325
101325
101325
101325
101325
101325
101325
101325
101325
101325
101325
101325
101325
101325
101325
101325
101325
101325
101325
101325
101325
101325
101325
101325
101325
101325
101325
101325
101325
101325
101325
101325
101325
101325
101325
101325
101325
101325
101325
101325
101325
101325
101325
101325
101325
101325
101325
101325
101325
101325
101325
101325
101325
101325
101325
101325
101325
101325
101325
101325
101325
101325
101325
101325
101325
101325
101325
101325
101325
101325
101325
101325
101325
101325
101325
101325
101325
101325
101325
101325
101325
101325
101325
101325
101325
101325
101325
101325
101325
101325
101325
101325
101325
101325
101325
101325
101325
101325
101325
101325
101325
101325
101325
101325
101325
101325
101325
101325
101325
101325
101325
101325
101325
101325
101325
101325
101325
101325
101325
101325
101325
101325
101325
101325
101325
101325
101325
101325
101325
101325
101325
101325
101325
101325
101325
101325
101325
101325
101325
101325
101325
101325
101325
101325
101325
101325
101325
101325
101324
101324
101324
101324
101324
101324
101324
101324
101324
101324
101324
101324
101324
101324
101324
101324
101324
101324
101324
101324
101324
101324
101324
101324
101324
101324
101324
101324
101324
101324
101324
101324
101324
101324
101324
101324
101324
101324
101324
101324
101324
101324
101324
101324
101324
101324
101324
101324
101324
101324
101324
101324
101324
101324
101324
101324
101324
101324
101324
101324
101324
101324
101324
101324
101324
101324
101324
101324
101324
101324
101324
101324
101324
101324
101324
101324
101324
101324
101324
101324
101324
101324
101324
101324
101324
101324
101324
101324
101324
101324
101324
101324
101324
101324
101324
101324
101324
101324
101324
101324
101324
101324
101324
101324
101324
101324
101324
101324
101324
101324
101324
101324
101324
101324
101324
101324
101324
101324
101324
101324
101324
101324
101324
101324
101324
101324
101324
101324
101324
101324
101324
101324
101324
101324
101324
101324
101324
101324
101324
101324
101324
101324
101324
101324
101324
101324
101324
101324
101324
101324
101324
101324
101324
101324
101324
101324
101324
101324
101324
101324
101324
101324
101324
101324
101324
101324
101324
101324
101324
101324
101324
101324
101324
101324
101324
101324
101324
101324
101324
101324
101324
101324
101324
101324
101324
101324
101324
101324
101324
101324
101324
101324
101324
101324
101324
101324
101324
101324
101324
101324
101324
101324
101324
101324
101324
101324
101324
101324
101324
101324
101324
101324
101324
101324
101324
101324
101324
101324
101324
101324
101324
101324
101324
101324
101324
101324
101324
101324
101324
101324
101324
101324
101324
101324
101324
101324
101324
101324
101324
101324
101324
101324
101324
101324
101324
101324
101324
101324
101324
101324
101324
101324
101324
101324
101324
101324
101324
101324
101324
101324
101324
101324
101324
101324
101324
101324
101324
101324
101324
101324
101324
101324
101324
101324
101324
101324
101324
101324
101324
101324
101324
101324
101324
101324
101324
101324
101324
101324
101324
101324
101324
101324
101324
101324
101324
101324
101324
101324
101324
101324
101324
101324
101324
101324
101324
101324
101324
101324
101324
101324
101324
101324
101324
101324
101324
101324
101324
101324
101324
101324
101324
101324
101324
101324
101324
101324
101324
101324
101324
101324
101324
101324
101324
101324
101324
101324
101324
101324
101324
101324
101324
101324
101324
101324
101324
101324
101324
101324
101324
101324
101323
101323
101323
101323
101323
101323
101323
101323
101323
101323
101323
101323
101323
101323
101323
101323
101323
101323
101323
101323
101323
101323
101323
101323
101323
101323
101323
101323
101323
101323
101323
101323
101323
101323
101323
101323
101323
101323
101323
101323
101323
101323
101323
101323
101323
101323
101323
101323
101323
101323
101323
101323
101323
101323
101323
101323
101323
101323
101323
101323
101323
101323
101323
101323
101323
101323
101323
101323
101323
101323
101323
101323
101323
101323
101323
101323
101323
101323
101323
101323
101323
101323
101323
101323
101323
101323
101323
101323
101323
101323
101323
101323
101323
101323
101323
101323
101323
101323
101323
101323
101323
101323
101323
101323
101323
101323
101323
101323
101323
101323
101323
101323
101323
101323
101323
101323
101323
101323
101323
101323
101323
101323
101323
101323
101323
101323
101323
101323
101323
101323
101323
101323
101323
101323
101323
101323
101323
101323
101323
101323
101323
101323
101323
101323
101323
101323
101323
101323
101323
101323
101323
101323
101323
101323
101323
101323
101323
101323
101323
101323
101323
101323
101323
101323
101323
101323
101323
101323
101323
101323
101323
101323
101323
101323
101323
101323
101323
101323
101323
101323
101323
101323
101323
101323
101323
101323
101323
101323
101323
101323
101323
101323
101323
101323
101323
101323
101323
101323
101323
101323
101323
101323
101323
101323
101323
101323
101323
101323
101323
101323
101323
101323
101323
101323
101323
101323
101323
101323
101323
101323
101323
101323
101323
101323
101323
101323
101323
101323
101323
101323
101323
101323
101323
101323
101323
101323
101323
101323
101323
101323
101323
101323
101323
101323
101323
101323
101323
101323
101323
101323
101323
101323
101323
101323
101323
101323
101323
101323
101323
101323
101323
101323
101323
101323
101323
101323
101323
101323
101323
101323
101323
101323
101323
101323
101323
101323
101323
101323
101323
101323
101323
101323
101323
101323
101323
101323
101323
101323
101323
101323
101323
101323
101323
101323
101323
101323
101323
101323
101323
101323
101323
101323
101323
101323
101323
101323
101323
101323
101323
101323
101323
101323
101323
101323
101323
101323
101323
101323
101323
101323
101323
101323
101323
101323
101323
101323
101323
101323
101323
101323
101323
101323
101323
101323
101323
101323
101323
101323
101323
101323
101323
101323
101323
101323
101323
101323
101323
101323
101323
101323
101322
101322
101322
101322
101322
101322
101322
101322
101322
101322
101322
101322
101322
101322
101322
101322
101322
101322
101322
101322
101322
101322
101322
101322
101322
101322
101322
101322
101322
101322
101322
101322
101322
101322
101322
101322
101322
101322
101322
101322
101322
101322
101322
101322
101322
101322
101322
101322
101322
101322
101322
101322
101322
101322
101322
101322
101322
101322
101322
101322
101322
101322
101322
101322
101322
101322
101322
101322
101322
101322
101322
101322
101322
101322
101322
101322
101322
101322
101322
101322
101322
101322
101322
101322
101322
101322
101322
101322
101322
101322
101322
101322
101322
101322
101322
101322
101322
101322
101322
101322
101322
101322
101322
101322
101322
101322
101322
101322
101322
101322
101322
101322
101322
101322
101322
101322
101322
101322
101322
101322
101322
101322
101322
101322
101322
101322
101322
101322
101322
101322
101322
101322
101322
101322
101322
101322
101322
101322
101322
101322
101322
101322
101322
101322
101322
101322
101322
101322
101322
101322
101322
101322
101322
101322
101322
101322
101322
101322
101322
101322
101322
101322
101322
101322
101322
101322
101322
101322
101322
101322
101322
101322
101322
101322
101322
101322
101322
101322
101322
101322
101322
101322
101322
101322
101322
101322
101322
101322
101322
101322
101322
101322
101322
101322
101322
101322
101322
101322
101322
101322
101322
101322
101322
101322
101322
101322
101322
101322
101322
101322
101322
101322
101322
101322
101322
101322
101322
101322
101322
101322
101322
101322
101322
101322
101322
101322
101322
101322
101322
101322
101322
101322
101322
101322
101322
101322
101322
101322
101322
101322
101322
101322
101322
101322
101322
101322
101322
101322
101322
101322
101322
101322
101322
101322
101322
101322
101322
101322
101322
101322
101322
101322
101322
101322
101322
101322
101322
101322
101322
101322
101322
101322
101322
101322
101322
101322
101322
101322
101322
101322
101322
101322
101322
101322
101322
101322
101322
101322
101322
101322
101322
101322
101322
101322
101322
101322
101322
101322
101322
101322
101322
101322
101322
101322
101322
101322
101322
101322
101322
101322
101322
101322
101322
101322
101322
101322
101322
101322
101322
101322
101322
101322
101322
101322
101322
101322
101322
101322
101322
101322
101322
101322
101322
101322
101322
101322
101322
101322
101322
101322
101322
101322
101322
101322
101322
101322
101322
101322
101322
101322
101321
101321
101321
101321
101321
101321
101321
101321
101321
101321
101321
101321
101321
101321
101321
101321
101321
101321
101321
101321
101321
101321
101321
101321
101321
101321
101321
101321
101321
101321
101321
101321
101321
101321
101321
101321
101321
101321
101321
101321
101321
101321
101321
101321
101321
101321
101321
101321
101321
101321
101321
101321
101321
101321
101321
101321
101321
101321
101321
101321
101321
101321
101321
101321
101321
101321
101321
101321
101321
101321
101321
101321
101321
101321
101321
101321
101321
101321
101321
101321
101321
101321
101321
101321
101321
101321
101321
101321
101321
101321
101321
101321
101321
101321
101321
101321
101321
101321
101321
101321
101321
101321
101321
101321
101321
101321
101321
101321
101321
101321
101321
101321
101321
101321
101321
101321
101321
101321
101321
101321
101321
101321
101321
101321
101321
101321
101321
101321
101321
101321
101321
101321
101321
101321
101321
101321
101321
101321
101321
101321
101321
101321
101321
101321
101321
101321
101321
101321
101321
101321
101321
101321
101321
101321
101321
101321
101321
101321
101321
101321
101321
101321
101321
101321
101321
101321
101321
101321
101321
101321
101321
101321
101321
101321
101321
101321
101321
101321
101321
101321
101321
101321
101321
101321
101321
101321
101321
101321
101321
101321
101321
101321
101321
101321
101321
101321
101321
101321
101321
101321
101321
101321
101321
101321
101321
101321
101321
101321
101321
101321
101321
101321
101321
101321
101321
101321
101321
101321
101321
101321
101321
101321
101321
101321
101321
101321
101321
101321
101321
101321
101321
101321
101321
101321
101321
101321
101321
101321
101321
101321
101321
101321
101321
101321
101321
101321
101321
101321
101321
101321
101321
101321
101321
101321
101321
101321
101321
101321
101321
101321
101321
101321
101321
101321
101321
101321
101321
101321
101321
101321
101321
101321
101321
101321
101321
101321
101321
101321
101321
101321
101321
101321
101321
101321
101321
101321
101321
101321
101321
101321
101321
101321
101321
101321
101321
101321
101321
101321
101321
101321
101321
101321
101321
101321
101321
101321
101321
101321
101321
101321
101321
101321
101321
101321
101321
101321
101321
101321
101321
101321
101321
101321
101321
101321
101321
101321
101321
101321
101321
101321
101321
101321
101321
101321
101321
101321
101321
101321
101321
101321
101321
101321
101321
101321
101321
101321
101321
101320
101320
101320
101320
101320
101320
101320
101320
101320
101320
101320
101320
101320
101320
101320
101320
101320
101320
101320
101320
101320
101320
101320
101320
101320
101320
101320
101320
101320
101320
101320
101320
101320
101320
101320
101320
101320
101320
101320
101320
101320
101320
101320
101320
101320
101320
101320
101320
101320
101320
101320
101320
101320
101320
101320
101320
101320
101320
101320
101320
101320
101320
101320
101320
101320
101320
101320
101320
101320
101320
101320
101320
101320
101320
101320
101320
101320
101320
101320
101320
101320
101320
101320
101320
101320
101320
101320
101320
101320
101320
101320
101320
101320
101320
101320
101320
101320
101320
101320
101320
101320
101320
101320
101320
101320
101320
101320
101320
101320
101320
101320
101320
101320
101320
101320
101320
101320
101320
101320
101320
101320
101320
101320
101320
101320
101320
101320
101320
101320
101320
101320
101320
101320
101320
101320
101320
101320
101320
101320
101320
101320
101320
101320
101320
101320
101320
101320
101320
101320
101320
101320
101320
101320
101320
101320
101320
101320
101320
101320
101320
101320
101320
101320
101320
101320
101320
101320
101320
101320
101320
101320
101320
101320
101320
101320
101320
101320
101320
101320
101320
101320
101320
101320
101320
101320
101320
101320
101320
101320
101320
101320
101320
101320
101320
101320
101320
101320
101320
101320
101320
101320
101320
101320
101320
101320
101320
101320
101320
101320
101320
101320
101320
101320
101320
101320
101320
101320
101320
101320
101320
101320
101320
101320
101320
101320
101320
101320
101320
101320
101320
101320
101320
101320
101320
101320
101320
101320
101320
101320
101320
101320
101320
101320
101320
101320
101320
101320
101320
101320
101320
101320
101320
101320
101320
101320
101320
101320
101320
101320
101320
101320
101320
101320
101320
101320
101320
101320
101320
101320
101320
101320
101320
101320
101320
101320
101320
101320
101320
101320
101320
101320
101320
101320
101320
101320
101320
101320
101320
101320
101320
101320
101320
101320
101320
101320
101320
101320
101320
101320
101320
101320
101320
101320
101320
101320
101320
101320
101320
101320
101320
101320
101320
101320
101320
101320
101320
101320
101320
101320
101320
101320
101320
101320
101320
101320
101320
101320
101320
101320
101320
101320
101320
101320
101320
101320
101320
101320
101320
101319
101320
101320
101320
101320
101320
101320
101320
101320
101320
101320
101320
101320
101319
101319
101319
101319
101319
101319
101319
101319
101319
101319
101319
101319
101319
101319
101319
101319
101319
101319
101319
101319
101319
101319
101319
101319
101319
101319
101319
101319
101319
101319
101319
101319
101319
101319
101319
101319
101319
101319
101319
101319
101319
101319
101319
101319
101319
101319
101319
101319
101319
101319
101319
101319
101319
101319
101319
101319
101319
101319
101319
101319
101319
101319
101319
101319
101319
101319
101319
101319
101319
101319
101319
101319
101319
101319
101319
101319
101319
101319
101319
101319
101319
101319
101319
101319
101319
101319
101319
)
;

boundaryField
{
    floor
    {
        type            calculated;
        value           nonuniform List<scalar> 
50
(
101325
101325
101325
101325
101325
101325
101325
101325
101325
101325
101325
101325
101325
101325
101325
101325
101325
101325
101325
101325
101325
101325
101325
101325
101325
101325
101325
101325
101325
101325
101325
101325
101325
101325
101325
101325
101325
101325
101325
101325
101325
101325
101325
101325
101325
101325
101325
101325
101325
101325
)
;
    }
    ceiling
    {
        type            calculated;
        value           nonuniform List<scalar> 
50
(
101319
101319
101319
101319
101319
101319
101319
101319
101319
101319
101319
101319
101319
101319
101319
101319
101319
101319
101319
101319
101319
101319
101319
101319
101319
101319
101319
101319
101319
101319
101319
101319
101319
101319
101319
101319
101319
101319
101319
101319
101319
101319
101319
101319
101319
101319
101319
101319
101319
101319
)
;
    }
    inlet
    {
        type            calculated;
        value           nonuniform List<scalar> 
40
(
101325
101325
101325
101325
101324
101324
101324
101324
101324
101324
101324
101323
101323
101323
101323
101323
101323
101323
101322
101322
101322
101322
101322
101322
101322
101321
101321
101321
101321
101321
101321
101321
101320
101320
101320
101320
101320
101320
101319
101319
)
;
    }
    outlet
    {
        type            calculated;
        value           nonuniform List<scalar> 
40
(
101325
101325
101325
101324
101324
101324
101324
101324
101324
101324
101323
101323
101323
101323
101323
101323
101323
101322
101322
101322
101322
101322
101322
101322
101321
101321
101321
101321
101321
101321
101321
101320
101320
101320
101320
101320
101320
101320
101319
101319
)
;
    }
    fixedWalls
    {
        type            empty;
    }
    baffleFacesThermoBaffle1D_master
    {
        type            calculated;
        value           nonuniform List<scalar> 
16
(
101325
101325
101325
101324
101324
101324
101324
101324
101324
101324
101323
101323
101323
101323
101323
101323
)
;
    }
    baffleFacesThermoBaffle1D_slave
    {
        type            calculated;
        value           nonuniform List<scalar> 
16
(
101325
101325
101325
101325
101324
101324
101324
101324
101324
101324
101324
101323
101323
101323
101323
101323
)
;
    }
    baffleFacesThermoBaffle3D_master
    {
        type            calculated;
        value           nonuniform List<scalar> 
16
(
101325
101325
101325
101324
101324
101324
101324
101324
101324
101324
101323
101323
101323
101323
101323
101323
)
;
    }
    baffleFacesThermoBaffle3D_slave
    {
        type            calculated;
        value           nonuniform List<scalar> 
16
(
101325
101325
101325
101324
101324
101324
101324
101324
101324
101324
101323
101323
101323
101323
101323
101323
)
;
    }
}


// ************************************************************************* //
