/*--------------------------------*- C++ -*----------------------------------*\
| =========                 |                                                 |
| \\      /  F ield         | OpenFOAM: The Open Source CFD Toolbox           |
|  \\    /   O peration     | Version:  v1906                                 |
|   \\  /    A nd           | Web:      www.OpenFOAM.com                      |
|    \\/     M anipulation  |                                                 |
\*---------------------------------------------------------------------------*/
FoamFile
{
    version     2.0;
    format      ascii;
    class       surfaceScalarField;
    location    "2000";
    object      phi;
}
// * * * * * * * * * * * * * * * * * * * * * * * * * * * * * * * * * * * * * //

dimensions      [1 0 -1 0 0 0 0];
oriented        oriented;


internalField   nonuniform List<scalar> 
3878
(
0.000196916
-4.98641e-05
0.000183932
1.29836e-05
0.000158659
2.52721e-05
0.000137119
2.15399e-05
0.000118392
1.87274e-05
9.93474e-05
1.9044e-05
7.84819e-05
2.08652e-05
5.55153e-05
2.29665e-05
3.08268e-05
2.46884e-05
5.73698e-06
2.50898e-05
-1.70261e-05
2.27631e-05
-3.33031e-05
1.6277e-05
-3.71717e-05
3.86836e-06
-2.20208e-05
-1.51512e-05
-2.20213e-05
-2.56689e-05
2.56666e-05
-4.29539e-05
1.72835e-05
-5.81233e-05
1.51685e-05
-6.42719e-05
6.14806e-06
-6.27894e-05
-1.48307e-06
-5.08744e-05
-1.19154e-05
-3.1524e-05
-1.93507e-05
-5.95052e-06
-2.55737e-05
2.22108e-05
-2.81613e-05
5.11351e-05
-2.89243e-05
7.62337e-05
-2.50984e-05
8.28841e-05
-6.65015e-06
6.68491e-05
1.60353e-05
6.68494e-05
-5.49032e-05
5.49025e-05
-8.79431e-05
3.30394e-05
-0.000114987
2.70439e-05
-0.000131679
1.66916e-05
-0.000139321
7.64179e-06
-0.000141279
1.95785e-06
-0.000137806
-3.47426e-06
-0.000130606
-7.20038e-06
-0.000121685
-8.92089e-06
-0.00011159
-1.00951e-05
-0.000101061
-1.05297e-05
-9.04476e-05
-1.06138e-05
-8.00341e-05
-1.04138e-05
-6.99236e-05
-1.01107e-05
-6.0102e-05
-9.82188e-06
-5.04173e-05
-9.68482e-06
-4.04948e-05
-9.92261e-06
-2.9684e-05
-1.08109e-05
-1.70269e-05
-1.26571e-05
-5.68407e-07
-1.64585e-05
-2.2903e-05
0.000113145
-1.59578e-05
0.000124402
1.7265e-06
0.00013357
1.61034e-05
0.00013172
2.339e-05
0.000122651
2.77968e-05
0.000109313
3.23819e-05
9.30827e-05
3.70952e-05
7.44399e-05
4.16093e-05
5.40159e-05
4.51124e-05
3.27928e-05
4.63129e-05
1.22539e-05
4.3302e-05
-5.31084e-06
3.38417e-05
-1.72142e-05
1.57717e-05
-2.05283e-05
-1.18372e-05
-4.25496e-05
-2.33479e-05
4.90132e-05
-4.26923e-05
3.6627e-05
-5.48183e-05
2.72939e-05
-6.02482e-05
1.15776e-05
-5.84958e-05
-3.23577e-06
-4.99647e-05
-2.04467e-05
-3.5315e-05
-3.40005e-05
-1.59459e-05
-4.49428e-05
6.78513e-06
-5.08924e-05
2.93768e-05
-5.15159e-05
4.7792e-05
-4.35135e-05
5.8537e-05
-1.73949e-05
4.87614e-05
2.58111e-05
0.000115611
-4.71267e-05
0.000102029
-8.07664e-05
6.6679e-05
-0.000102853
4.91304e-05
-0.000115258
2.90967e-05
-0.000120743
1.31263e-05
-0.000121034
2.24884e-06
-0.000117108
-7.40092e-06
-0.000110589
-1.37197e-05
-0.0001022
-1.73099e-05
-9.28188e-05
-1.94764e-05
-8.29525e-05
-2.03961e-05
-7.29981e-05
-2.05684e-05
-6.31889e-05
-2.02231e-05
-5.3656e-05
-1.96437e-05
-4.44279e-05
-1.905e-05
-3.54279e-05
-1.86848e-05
-2.65019e-05
-1.88487e-05
-1.74725e-05
-1.98404e-05
-8.21687e-06
-2.19127e-05
1.57428e-06
-2.62497e-05
-3.10841e-05
0.000137139
-6.04609e-06
0.000134165
4.7008e-06
0.000135504
1.47648e-05
0.000132676
2.62178e-05
0.000125494
3.49789e-05
0.000114868
4.30074e-05
0.000101494
5.04694e-05
8.58635e-05
5.72397e-05
6.8525e-05
6.24509e-05
5.0172e-05
6.46659e-05
3.16686e-05
6.18055e-05
1.43681e-05
5.11422e-05
-1.72511e-07
3.03123e-05
-8.68492e-06
-3.32483e-06
-5.12345e-05
-2.31026e-05
7.21146e-05
-4.09131e-05
5.44368e-05
-5.15675e-05
3.79478e-05
-5.67898e-05
1.67996e-05
-5.58712e-05
-4.15459e-06
-4.97389e-05
-2.65792e-05
-3.88826e-05
-4.48569e-05
-2.39852e-05
-5.98403e-05
-6.23637e-06
-6.86412e-05
1.2401e-05
-7.01533e-05
2.81819e-05
-5.92943e-05
3.83557e-05
-2.75687e-05
3.46976e-05
2.94694e-05
0.000150309
-4.36533e-05
0.000145682
-7.13022e-05
9.43277e-05
-8.94499e-05
6.72781e-05
-9.90826e-05
3.87292e-05
-0.000103395
1.74386e-05
-0.000102606
1.45935e-06
-9.87535e-05
-1.12531e-05
-9.26567e-05
-1.98166e-05
-8.49394e-05
-2.50273e-05
-7.63296e-05
-2.80863e-05
-6.72729e-05
-2.94529e-05
-5.81217e-05
-2.97197e-05
-4.90933e-05
-2.92516e-05
-4.03223e-05
-2.84147e-05
-3.18701e-05
-2.75022e-05
-2.37329e-05
-2.6822e-05
-1.59615e-05
-2.66202e-05
-8.5135e-06
-2.72884e-05
-1.34817e-06
-2.90781e-05
4.8852e-06
-3.2483e-05
-3.55215e-05
0.000142896
-1.89111e-06
0.000140345
7.25195e-06
0.000137921
1.71887e-05
0.000134312
2.98268e-05
0.000128102
4.11881e-05
0.000119236
5.18742e-05
0.000107958
6.17468e-05
9.46151e-05
7.05828e-05
7.96199e-05
7.74462e-05
6.34583e-05
8.08275e-05
4.66874e-05
7.85764e-05
2.99568e-05
6.78728e-05
1.42394e-05
4.60298e-05
1.82839e-06
9.08627e-06
-4.94059e-05
-2.35202e-05
9.56332e-05
-3.94892e-05
7.04049e-05
-4.93036e-05
4.77615e-05
-5.44692e-05
2.19648e-05
-5.46045e-05
-4.01959e-06
-5.06243e-05
-3.05596e-05
-4.27576e-05
-5.27237e-05
-3.1547e-05
-7.1051e-05
-1.79318e-05
-8.22564e-05
-3.10716e-06
-8.49779e-05
1.11899e-05
-7.35913e-05
2.21823e-05
-3.8561e-05
2.2288e-05
2.93638e-05
0.000172597
-4.09216e-05
0.000186603
-6.35767e-05
0.000116983
-7.71613e-05
8.08626e-05
-8.47289e-05
4.62967e-05
-8.73698e-05
2.00795e-05
-8.59051e-05
-5.42732e-09
-8.19294e-05
-1.52288e-05
-7.61116e-05
-2.56345e-05
-6.89481e-05
-3.21909e-05
-6.10283e-05
-3.60061e-05
-5.27365e-05
-3.77448e-05
-4.43708e-05
-3.80855e-05
-3.61302e-05
-3.74922e-05
-2.81399e-05
-3.64051e-05
-2.0513e-05
-3.51291e-05
-1.33375e-05
-3.39976e-05
-6.57692e-06
-3.33807e-05
-2.59604e-07
-3.36057e-05
5.36923e-06
-3.47069e-05
9.79786e-06
-3.69117e-05
-3.85716e-05
0.000144786
3.73661e-07
0.000142662
9.3759e-06
0.000139764
2.0087e-05
0.000136029
3.35611e-05
0.000130534
4.66828e-05
0.00012297
5.94387e-05
0.000113345
7.13715e-05
0.000101844
8.20836e-05
8.87307e-05
9.05598e-05
7.42968e-05
9.52614e-05
5.88395e-05
9.40337e-05
4.26398e-05
8.40725e-05
2.61302e-05
6.25394e-05
1.07904e-05
2.44263e-05
-3.86151e-05
-2.30558e-05
0.000118687
-3.84868e-05
8.58347e-05
-4.78289e-05
5.71029e-05
-5.26367e-05
2.67722e-05
-5.38901e-05
-2.76651e-06
-5.16878e-05
-3.27622e-05
-4.6249e-05
-5.81626e-05
-3.84051e-05
-7.8895e-05
-2.84267e-05
-9.22348e-05
-1.68355e-05
-9.65691e-05
-4.50452e-06
-8.59222e-05
7.15043e-06
-5.02158e-05
1.28654e-05
2.3649e-05
0.000185462
-3.63685e-05
0.000222972
-5.6006e-05
0.00013662
-6.60242e-05
9.08807e-05
-7.12588e-05
5.15313e-05
-7.21186e-05
2.09393e-05
-6.99193e-05
-2.20481e-06
-6.57311e-05
-1.94171e-05
-6.00769e-05
-3.12887e-05
-5.33843e-05
-3.88836e-05
-4.61015e-05
-4.3289e-05
-3.8547e-05
-4.52993e-05
-3.09565e-05
-4.56761e-05
-2.35409e-05
-4.49079e-05
-1.6477e-05
-4.3469e-05
-9.74479e-06
-4.18614e-05
-3.34267e-06
-4.03998e-05
2.5863e-06
-3.93097e-05
7.88113e-06
-3.89006e-05
1.23682e-05
-3.9194e-05
1.57391e-05
-4.02825e-05
-4.08924e-05
0.000145607
1.81666e-06
0.000143756
1.12277e-05
0.000141005
2.28378e-05
0.000137509
3.70569e-05
0.000132665
5.15272e-05
0.00012617
6.59334e-05
0.000117917
7.96244e-05
0.000107952
9.20484e-05
9.63919e-05
0.00010212
8.33466e-05
0.000108307
6.88798e-05
0.000108501
5.29786e-05
9.99739e-05
3.56933e-05
7.98248e-05
1.75088e-05
4.2611e-05
-2.11058e-05
-2.23593e-05
0.000141044
-3.73009e-05
0.000100775
-4.64988e-05
6.62999e-05
-5.1066e-05
3.13388e-05
-5.28857e-05
-9.47233e-07
-5.20389e-05
-3.36092e-05
-4.88713e-05
-6.13303e-05
-4.39856e-05
-8.37808e-05
-3.72007e-05
-9.90197e-05
-2.87445e-05
-0.000105025
-1.84443e-05
-9.62224e-05
-6.9511e-06
-6.17089e-05
2.19467e-06
1.45034e-05
0.000187657
-3.13318e-05
0.000254304
-4.77075e-05
0.000152996
-5.4979e-05
9.81522e-05
-5.77526e-05
5.43049e-05
-5.71145e-05
2.03011e-05
-5.41335e-05
-5.18586e-06
-4.96941e-05
-2.38566e-05
-4.4161e-05
-3.68218e-05
-3.79075e-05
-4.51372e-05
-3.12397e-05
-4.99568e-05
-2.44494e-05
-5.20896e-05
-1.77966e-05
-5.23289e-05
-1.12881e-05
-5.14164e-05
-4.93145e-06
-4.98257e-05
1.10626e-06
-4.78991e-05
6.69471e-06
-4.59882e-05
1.17517e-05
-4.43667e-05
1.61553e-05
-4.33042e-05
1.97583e-05
-4.27969e-05
2.2401e-05
-4.29253e-05
-4.27241e-05
0.00014601
2.85735e-06
0.000144346
1.28914e-05
0.000141857
2.53269e-05
0.000138705
4.02086e-05
0.000134479
5.5753e-05
0.000128909
7.15034e-05
0.000121828
8.67062e-05
0.000113171
0.000100705
0.000102921
0.00011237
9.10139e-05
0.000120214
7.72998e-05
0.000122215
6.15097e-05
0.000115764
4.33822e-05
9.79524e-05
2.27518e-05
6.32417e-05
1.64671e-06
-2.16485e-05
0.000162689
-3.59132e-05
0.000115038
-4.4616e-05
7.50016e-05
-4.905e-05
3.57722e-05
-5.09704e-05
9.72709e-07
-5.10918e-05
-3.34881e-05
-4.97548e-05
-6.26674e-05
-4.73883e-05
-8.61474e-05
-4.36836e-05
-0.000102724
-3.83998e-05
-0.000110309
-3.0415e-05
-0.000104207
-1.91944e-05
-7.29294e-05
-5.65372e-06
9.62876e-07
0.000182004
-2.60358e-05
0.000280339
-3.89708e-05
0.000165931
-4.34989e-05
0.00010268
-4.39915e-05
5.47975e-05
-4.18837e-05
1.81933e-05
-3.82318e-05
-8.83774e-06
-3.35243e-05
-2.85641e-05
-2.8123e-05
-4.22231e-05
-2.23654e-05
-5.08948e-05
-1.65177e-05
-5.58046e-05
-1.06024e-05
-5.80049e-05
-4.62036e-06
-5.8311e-05
1.22427e-06
-5.72611e-05
6.78993e-06
-5.53914e-05
1.2e-05
-5.31092e-05
1.67727e-05
-5.07609e-05
2.10254e-05
-4.86195e-05
2.46424e-05
-4.69212e-05
2.75234e-05
-4.5678e-05
2.9602e-05
-4.50039e-05
-4.41674e-05
0.00014623
3.67689e-06
0.000144716
1.44061e-05
0.000142487
2.75554e-05
0.000139691
4.30049e-05
0.000136037
5.94073e-05
0.000131278
7.62623e-05
0.000125212
9.27717e-05
0.00011769
0.000108227
0.000108573
0.000121488
9.76318e-05
0.000131155
8.45193e-05
0.000135327
6.8731e-05
0.000131553
4.97371e-05
0.000116946
2.69366e-05
8.60426e-05
2.85841e-05
-2.09175e-05
0.000183604
-3.41285e-05
0.000128247
-4.18379e-05
8.27099e-05
-4.57608e-05
3.96943e-05
-4.74588e-05
2.67021e-06
-4.81328e-05
-3.28144e-05
-4.82083e-05
-6.25921e-05
-4.79517e-05
-8.64041e-05
-4.71103e-05
-0.000103566
-4.5082e-05
-0.000112337
-4.0135e-05
-0.000109154
-3.02745e-05
-8.27897e-05
-1.48647e-05
-1.44467e-05
0.000167139
-2.06945e-05
0.000301034
-2.96229e-05
0.000174859
-3.12907e-05
0.000104348
-2.95868e-05
5.30935e-05
-2.62059e-05
1.48124e-05
-2.19248e-05
-1.31189e-05
-1.71044e-05
-3.33845e-05
-1.21233e-05
-4.72042e-05
-6.97252e-06
-5.60457e-05
-1.65528e-06
-6.11219e-05
3.66216e-06
-6.33223e-05
8.8464e-06
-6.34953e-05
1.38417e-05
-6.22564e-05
1.85716e-05
-6.01213e-05
2.2971e-05
-5.75086e-05
2.69575e-05
-5.47475e-05
3.04504e-05
-5.21124e-05
3.33604e-05
-4.98312e-05
3.56218e-05
-4.79394e-05
3.72218e-05
-4.66039e-05
-4.52651e-05
0.000146369
4.35803e-06
0.000144989
1.57854e-05
0.000143004
2.95411e-05
0.000140546
4.54622e-05
0.000137413
6.25404e-05
0.000133369
8.03063e-05
0.000128198
9.79429e-05
0.00012168
0.000114746
0.000113578
0.000129589
0.000103503
0.00014123
9.09217e-05
0.000147908
7.50988e-05
0.000147376
5.52315e-05
0.000136814
3.03991e-05
0.000110875
5.89843e-05
-1.98462e-05
0.000203446
-3.15008e-05
0.0001399
-3.76872e-05
8.88952e-05
-4.05762e-05
4.25826e-05
-4.16548e-05
3.74829e-06
-4.24786e-05
-3.1991e-05
-4.35426e-05
-6.15283e-05
-4.50719e-05
-8.4875e-05
-4.67608e-05
-0.000101877
-4.77735e-05
-0.000111324
-4.64255e-05
-0.000110502
-3.92405e-05
-8.99745e-05
-2.30013e-05
-3.06857e-05
0.000144138
-1.40344e-05
0.000315068
-1.91299e-05
0.000179955
-1.79285e-05
0.000103147
-1.42057e-05
4.93707e-05
-9.79284e-06
1.03995e-05
-5.09211e-06
-1.78197e-05
-3.51162e-07
-3.81255e-05
4.39184e-06
-5.19472e-05
9.08275e-06
-6.07366e-05
1.36534e-05
-6.56925e-05
1.8113e-05
-6.7782e-05
2.24266e-05
-6.78089e-05
2.65563e-05
-6.6386e-05
3.04451e-05
-6.40101e-05
3.40388e-05
-6.11023e-05
3.72605e-05
-5.79693e-05
4.00368e-05
-5.48887e-05
4.22982e-05
-5.20926e-05
4.4006e-05
-4.96471e-05
4.51741e-05
-4.7772e-05
-4.60351e-05
0.000146468
4.93988e-06
0.000145223
1.70301e-05
0.000143467
3.12973e-05
0.000141348
4.75814e-05
0.000138675
6.52131e-05
0.000135267
8.3714e-05
0.000130894
0.000102316
0.000125311
0.000120329
0.00011815
0.00013675
0.000108906
0.000150474
9.68741e-05
0.00015994
8.1075e-05
0.000163175
6.04027e-05
0.000157487
3.35972e-05
0.000137681
9.25827e-05
-1.83762e-05
0.000221819
-2.76014e-05
0.000149124
-3.1523e-05
9.28158e-05
-3.28653e-05
4.39242e-05
-3.29521e-05
3.83455e-06
-3.35899e-05
-3.13535e-05
-3.52843e-05
-5.98341e-05
-3.82043e-05
-8.1955e-05
-4.21261e-05
-9.79553e-05
-4.61802e-05
-0.00010727
-4.85926e-05
-0.00010809
-4.53014e-05
-9.32657e-05
-3.04493e-05
-4.55376e-05
0.000113689
-6.95185e-06
0.00032202
-6.75486e-06
0.000179758
-2.89563e-06
9.92876e-05
2.67258e-06
4.38025e-05
7.9604e-06
5.11172e-06
1.29223e-05
-2.27815e-05
1.74515e-05
-4.26547e-05
2.16111e-05
-5.61069e-05
2.5494e-05
-6.46195e-05
2.91802e-05
-6.93787e-05
3.27195e-05
-7.13213e-05
3.61208e-05
-7.12102e-05
3.93649e-05
-6.96301e-05
4.24066e-05
-6.70518e-05
4.52024e-05
-6.38981e-05
4.76804e-05
-6.04472e-05
4.97764e-05
-5.69847e-05
5.14321e-05
-5.37484e-05
5.26299e-05
-5.08449e-05
5.33924e-05
-4.85345e-05
-4.64844e-05
0.000146548
5.44096e-06
0.000145445
1.81334e-05
0.000143928
3.28138e-05
0.000142122
4.93877e-05
0.000139872
6.74628e-05
0.000137056
8.65309e-05
0.000133431
0.000105941
0.000128706
0.000125054
0.000122453
0.000143003
0.000114086
0.000158841
0.000102728
0.000171299
8.71267e-05
0.000178776
6.58322e-05
0.000178781
3.70503e-05
0.000166464
0.000129634
-1.58943e-05
0.00023771
-2.20544e-05
0.000155282
-2.29726e-05
9.37331e-05
-2.2017e-05
4.29679e-05
-2.08337e-05
2.6509e-06
-2.10771e-05
-3.11104e-05
-2.31404e-05
-5.7771e-05
-2.70879e-05
-7.80075e-05
-3.27198e-05
-9.23235e-05
-3.9414e-05
-0.000100576
-4.57215e-05
-0.000101782
-4.73121e-05
-9.16749e-05
-3.63676e-05
-5.64819e-05
7.73219e-05
2.54707e-06
0.000319473
6.32021e-06
0.000175985
1.38335e-05
9.17744e-05
2.10565e-05
3.65796e-05
2.70433e-05
-8.75088e-07
3.19937e-05
-2.77319e-05
3.59804e-05
-4.66414e-05
3.93021e-05
-5.94286e-05
4.22201e-05
-6.75375e-05
4.49094e-05
-7.2068e-05
4.7459e-05
-7.38709e-05
4.99068e-05
-7.36581e-05
5.22484e-05
-7.19717e-05
5.44389e-05
-6.92424e-05
5.64467e-05
-6.5906e-05
5.82014e-05
-6.22019e-05
5.9649e-05
-5.84323e-05
6.07374e-05
-5.48368e-05
6.14485e-05
-5.1556e-05
6.18224e-05
-4.89085e-05
-4.66163e-05
0.000146622
5.86858e-06
0.00014567
1.90845e-05
0.000144403
3.40816e-05
0.000142882
5.09082e-05
0.000141055
6.929e-05
0.000138797
8.87888e-05
0.000135878
0.00010886
0.000131989
0.000128942
0.000126669
0.000148324
0.000119271
0.000166239
0.00010879
0.00018178
9.37269e-05
0.000193839
7.21136e-05
0.000200395
4.13752e-05
0.000197203
0.000171011
-1.2281e-05
0.000249989
-1.32312e-05
0.000156231
-1.05041e-05
9.10054e-05
-7.21896e-06
3.96824e-05
-5.01466e-06
4.46295e-07
-5.13014e-06
-3.09951e-05
-7.34556e-06
-5.55557e-05
-1.17702e-05
-7.35829e-05
-1.84953e-05
-8.55983e-05
-2.70959e-05
-9.19754e-05
-3.64828e-05
-9.23952e-05
-4.36634e-05
-8.44942e-05
-4.00797e-05
-6.00654e-05
3.72426e-05
1.08604e-05
0.000308613
2.20836e-05
0.000164761
3.30184e-05
8.08397e-05
4.18503e-05
2.77477e-05
4.7871e-05
-6.89578e-06
5.22743e-05
-3.21351e-05
5.52555e-05
-4.96225e-05
5.74425e-05
-6.16156e-05
5.92112e-05
-6.93062e-05
6.07892e-05
-7.3646e-05
6.22839e-05
-7.53656e-05
6.37432e-05
-7.51173e-05
6.51727e-05
-7.34013e-05
6.65202e-05
-7.05899e-05
6.77444e-05
-6.71301e-05
6.87989e-05
-6.32564e-05
6.96216e-05
-5.92549e-05
7.01736e-05
-5.53888e-05
7.04265e-05
-5.18088e-05
7.04217e-05
-4.89037e-05
-4.64323e-05
0.000146697
6.22075e-06
0.000145909
1.9872e-05
0.000144877
3.51139e-05
0.000143658
5.21275e-05
0.000142245
7.07023e-05
0.000140528
9.05064e-05
0.000138294
0.000111094
0.000135244
0.000131992
0.000130922
0.000152646
0.000124641
0.00017252
0.000115384
0.000191037
0.000101429
0.000207795
8.02948e-05
0.000221529
4.79391e-05
0.000229559
0.000218951
-6.06636e-06
0.000256053
-9.66686e-07
0.000151131
6.78722e-06
8.32513e-05
1.23113e-05
3.41581e-05
1.51353e-05
-2.37782e-06
1.49341e-05
-3.0794e-05
1.20368e-05
-5.26585e-05
6.78092e-06
-6.8327e-05
-3.24076e-07
-7.84933e-05
-9.39087e-06
-8.29086e-05
-2.03687e-05
-8.14173e-05
-3.17682e-05
-7.30946e-05
-3.71596e-05
-5.46739e-05
8.33191e-08
2.51684e-05
0.000283444
4.24236e-05
0.000147506
5.61125e-05
6.71509e-05
6.51559e-05
1.87044e-05
7.05465e-05
-1.22863e-05
7.3639e-05
-3.52276e-05
7.5132e-05
-5.11155e-05
7.58978e-05
-6.23813e-05
7.63504e-05
-6.97589e-05
7.67257e-05
-7.40213e-05
7.71206e-05
-7.57605e-05
7.75756e-05
-7.55723e-05
7.80805e-05
-7.39062e-05
7.86033e-05
-7.11126e-05
7.90729e-05
-6.75998e-05
7.94489e-05
-6.36324e-05
7.96742e-05
-5.94802e-05
7.97079e-05
-5.54225e-05
7.95255e-05
-5.16264e-05
7.91529e-05
-4.85311e-05
-4.59342e-05
0.000146773
6.49684e-06
0.000146158
2.0487e-05
0.000145355
3.59164e-05
0.000144455
5.30273e-05
0.000143456
7.17018e-05
0.000142268
9.16939e-05
0.000140714
0.000112648
0.000138523
0.000134183
0.000135281
0.000155888
0.000130346
0.000177455
0.000122696
0.000198687
0.000110595
0.000219896
9.08536e-05
0.000241271
5.63196e-05
0.000264094
0.000275272
4.12498e-06
0.000251928
1.86339e-05
0.000136622
3.02943e-05
7.1591e-05
3.69061e-05
2.75463e-05
3.94632e-05
-4.93492e-06
3.86112e-05
-2.99421e-05
3.50399e-05
-4.90872e-05
2.92029e-05
-6.24901e-05
2.14702e-05
-7.07606e-05
1.20721e-05
-7.35105e-05
1.26932e-06
-7.06145e-05
-1.06938e-05
-6.11314e-05
-2.11016e-05
-4.42659e-05
-2.10179e-05
4.31522e-05
0.000240293
6.96571e-05
0.000121002
8.36209e-05
5.31872e-05
9.11251e-05
1.12003e-05
9.46488e-05
-1.58099e-05
9.56527e-05
-3.62314e-05
9.52591e-05
-5.07219e-05
9.44104e-05
-6.15326e-05
9.34507e-05
-6.87991e-05
9.25778e-05
-7.31483e-05
9.18674e-05
-7.50501e-05
9.1327e-05
-7.50319e-05
9.09315e-05
-7.35108e-05
9.06432e-05
-7.08243e-05
9.03903e-05
-6.73469e-05
9.01188e-05
-6.3361e-05
8.9774e-05
-5.91355e-05
8.93134e-05
-5.49619e-05
8.87121e-05
-5.1025e-05
8.79821e-05
-4.78011e-05
-4.5126e-05
0.000146845
6.70011e-06
0.000146405
2.09273e-05
0.000145849
3.64723e-05
0.000145273
5.36031e-05
0.000144686
7.22886e-05
0.000144025
9.23553e-05
0.00014315
0.000113524
0.000141843
0.00013549
0.000139769
0.000157963
0.000136408
0.000180816
0.000130933
0.000204162
0.000121824
0.000229006
0.000106247
0.000256848
7.42835e-05
0.000296058
0.000349557
2.52439e-05
0.000226685
4.94357e-05
0.000112431
6.17693e-05
5.92577e-05
6.72073e-05
2.21086e-05
6.77818e-05
-5.50925e-06
6.52368e-05
-2.73971e-05
6.04529e-05
-4.43032e-05
5.40517e-05
-5.60888e-05
4.63487e-05
-6.30576e-05
3.76059e-05
-6.47676e-05
2.7782e-05
-6.07905e-05
1.69998e-05
-5.03491e-05
3.38566e-06
-3.06517e-05
-1.7632e-05
6.21268e-05
0.000178166
9.82169e-05
8.49121e-05
0.000113027
3.83773e-05
0.000118409
5.81827e-06
0.000118818
-1.62186e-05
0.000117311
-3.47245e-05
0.000115063
-4.84738e-05
0.000112604
-5.90738e-05
0.000110266
-6.6461e-05
0.000108178
-7.10606e-05
0.0001064
-7.32716e-05
0.000104908
-7.35402e-05
0.000103658
-7.22608e-05
0.000102599
-6.97652e-05
0.000101658
-6.64061e-05
0.000100774
-6.24768e-05
9.98896e-05
-5.8251e-05
9.89597e-05
-5.40319e-05
9.79571e-05
-5.00224e-05
9.68807e-05
-4.67248e-05
-4.40135e-05
0.000146917
6.8312e-06
0.000146651
2.11936e-05
0.000146352
3.6771e-05
0.000146105
5.38507e-05
0.000145929
7.24643e-05
0.000145789
9.2495e-05
0.000145591
0.000113721
0.000145184
0.000135898
0.000144335
0.000158811
0.000142703
0.000182448
0.00013975
0.000207115
0.000134424
0.000234332
0.000124406
0.000266866
9.33694e-05
0.000327095
0.000442927
6.87455e-05
0.000157941
9.35721e-05
8.76053e-05
0.000102099
5.07314e-05
0.000102303
2.19052e-05
9.90069e-05
-2.21309e-06
9.37265e-05
-2.21165e-05
8.72217e-05
-3.77984e-05
8.0045e-05
-4.8912e-05
7.24463e-05
-5.54589e-05
6.47469e-05
-5.70682e-05
5.72392e-05
-5.32828e-05
5.01114e-05
-4.32213e-05
4.18325e-05
-2.23726e-05
2.42006e-05
0.000106576
7.15906e-05
0.000134752
5.67366e-05
0.000142543
3.05861e-05
0.000143231
5.13021e-06
0.00014107
-1.40575e-05
0.000137522
-3.11766e-05
0.000133755
-4.47065e-05
0.000129996
-5.53148e-05
0.000126484
-6.29488e-05
0.000123338
-6.79146e-05
0.000120596
-7.05297e-05
0.000118233
-7.11773e-05
0.000116194
-7.02221e-05
0.000114421
-6.79916e-05
0.000112839
-6.4824e-05
0.000111382
-6.10203e-05
0.000109992
-5.68608e-05
0.00010862
-5.26597e-05
0.000107235
-4.86378e-05
0.000105825
-4.53145e-05
-4.26046e-05
0.000146988
6.89118e-06
0.000146897
2.12843e-05
0.000146857
3.68115e-05
0.000146937
5.37702e-05
0.000147169
7.22327e-05
0.000147543
9.21214e-05
0.000148011
0.000113253
0.000148497
0.000135412
0.000148892
0.000158416
0.000149085
0.000182255
0.000148998
0.000207203
0.000148867
0.000234463
0.000149729
0.000266004
0.000164802
0.000312023
0.000235621
0.000372109
0.000189309
0.000204254
0.000164209
0.000112706
0.000150126
6.48146e-05
0.00013997
3.20623e-05
0.00013101
6.74678e-06
0.000122466
-1.35725e-05
0.000114117
-2.9449e-05
0.000106063
-4.08577e-05
9.84566e-05
-4.78529e-05
9.16318e-05
-5.02434e-05
8.61442e-05
-4.77951e-05
8.27777e-05
-3.98548e-05
8.43943e-05
-2.39892e-05
0.000102401
6.1938e-06
0.000134347
3.96449e-05
0.000153577
3.7507e-05
0.000160681
2.34824e-05
0.000161148
4.66311e-06
0.000159167
-1.2077e-05
0.000155196
-2.72052e-05
0.000150693
-4.0203e-05
0.000146154
-5.07759e-05
0.000141825
-5.86206e-05
0.000137863
-6.39517e-05
0.000134327
-6.6994e-05
0.000131213
-6.80631e-05
0.000128476
-6.74851e-05
0.00012606
-6.55752e-05
0.000123894
-6.2658e-05
0.000121912
-5.90385e-05
0.000120054
-5.50028e-05
0.000118269
-5.08748e-05
0.000116524
-4.68926e-05
0.000114794
-4.35852e-05
-4.09094e-05
0.000147058
6.88136e-06
0.000147141
2.12014e-05
0.000147355
3.65973e-05
0.000147759
5.33666e-05
0.000148388
7.16032e-05
0.000149259
9.12503e-05
0.000150369
0.000112143
0.00015171
0.000134071
0.000153285
0.00015684
0.000155171
0.000180369
0.000157612
0.000204762
0.000161507
0.000230569
0.000168952
0.000258559
0.000191597
0.000289379
0.000246444
0.000317263
0.000235831
0.000214868
0.000209325
0.000139213
0.000188809
8.53318e-05
0.000173205
4.76669e-05
0.000160545
1.94066e-05
0.000149608
-2.63503e-06
0.000139818
-1.96587e-05
0.000131033
-3.20725e-05
0.000123306
-4.01262e-05
0.000116908
-4.3845e-05
0.000112335
-4.32223e-05
0.000110314
-3.78339e-05
0.000112811
-2.64859e-05
0.000125311
-6.30683e-06
0.000147218
1.77386e-05
0.000163215
2.15096e-05
0.000171541
1.51572e-05
0.000173766
2.43791e-06
0.000173053
-1.13643e-05
0.000169943
-2.40951e-05
0.000165568
-3.5828e-05
0.000160826
-4.60334e-05
0.000156092
-5.38869e-05
0.000151603
-5.94625e-05
0.000147482
-6.28732e-05
0.000143768
-6.43485e-05
0.000140444
-6.41617e-05
0.000137471
-6.26019e-05
0.000134788
-5.99752e-05
0.000132334
-5.65845e-05
0.00013005
-5.2719e-05
0.000127885
-4.87098e-05
0.000125803
-4.48106e-05
0.000123772
-4.15536e-05
-3.89406e-05
0.000147125
6.80393e-06
0.000147377
2.09493e-05
0.000147839
3.61359e-05
0.000148555
5.26502e-05
0.000149567
7.05911e-05
0.000150912
8.99057e-05
0.000152625
0.00011043
0.000154758
0.000131939
0.000157402
0.000154196
0.000160765
0.000177006
0.000165279
0.000200249
0.000172046
0.000223801
0.000183207
0.000247398
0.000205507
0.000267079
0.000244638
0.000278132
0.000247759
0.000211748
0.000232741
0.000154232
0.000215231
0.000102842
0.000199438
6.34599e-05
0.000185764
3.30807e-05
0.000173844
9.28566e-06
0.000163352
-9.16633e-06
0.000154175
-2.28953e-05
0.000146351
-3.23021e-05
0.000140087
-3.75815e-05
0.000135743
-3.8878e-05
0.00013386
-3.59512e-05
0.000135518
-2.81441e-05
0.000143723
-1.45117e-05
0.000158617
2.84527e-06
0.000171511
8.61538e-06
0.000179912
6.75622e-06
0.000183579
-1.22899e-06
0.000183929
-1.17141e-05
0.000182119
-2.22851e-05
0.000178425
-3.21337e-05
0.000173948
-4.15568e-05
0.000169189
-4.91279e-05
0.000164467
-5.47401e-05
0.000159983
-5.83892e-05
0.000155835
-6.02006e-05
0.000152051
-6.03774e-05
0.000148616
-5.91678e-05
0.000145492
-5.68503e-05
0.000142624
-5.37169e-05
0.00013996
-5.00555e-05
0.000137451
-4.62e-05
0.000135058
-4.24181e-05
0.000132744
-3.9239e-05
-3.67129e-05
0.000147189
6.6621e-06
0.000147603
2.05358e-05
0.0001483
3.54389e-05
0.000149313
5.16367e-05
0.000150687
6.92177e-05
0.000152474
8.81184e-05
0.000154742
0.000108161
0.000157588
0.000129093
0.000161163
0.000150621
0.000165746
0.000172423
0.000171839
0.000194156
0.000180472
0.000215168
0.000193375
0.000234496
0.000213309
0.000247145
0.000241773
0.000249668
0.000249831
0.000203691
0.000243944
0.00016012
0.00023199
0.000114796
0.000218787
7.66636e-05
0.000206139
4.57294e-05
0.000194556
2.08681e-05
0.000184162
1.22828e-06
0.000175028
-1.37611e-05
0.000167257
-2.45316e-05
0.000161036
-3.13597e-05
0.000156618
-3.44603e-05
0.000154396
-3.37292e-05
0.000155009
-2.8757e-05
0.000160103
-1.96059e-05
0.000170228
-7.27984e-06
0.000180169
-1.32526e-06
0.000187731
-8.05924e-07
0.000191937
-5.43504e-06
0.000193138
-1.2915e-05
0.000192347
-2.14941e-05
0.000189571
-2.93575e-05
0.000185633
-3.76194e-05
0.00018113
-4.46245e-05
0.000176426
-5.00359e-05
0.000171788
-5.37512e-05
0.000167374
-5.57864e-05
0.00016326
-5.62633e-05
0.000159467
-5.5375e-05
0.000155979
-5.33628e-05
0.000152761
-5.04983e-05
0.000149767
-4.70613e-05
0.00014695
-4.33833e-05
0.000144275
-3.97436e-05
0.000141699
-3.66628e-05
-3.42431e-05
0.000147249
6.46012e-06
0.000147814
1.99712e-05
0.000148731
3.45218e-05
0.000150022
5.03458e-05
0.000151731
6.75089e-05
0.000153924
8.59246e-05
0.000156693
0.000105392
0.000160164
0.000125623
0.000164523
0.000146262
0.000170069
0.000166877
0.000177285
0.000186941
0.000186986
0.000205466
0.00020022
0.000221263
0.000217916
0.000229449
0.000239972
0.000227613
0.000249237
0.000194426
0.000249131
0.000160226
0.000242328
0.0001216
0.000232588
8.64036e-05
0.000222059
5.6259e-05
0.000211732
3.11948e-05
0.000202094
1.08666e-05
0.000193425
-5.09155e-06
0.000185928
-1.7035e-05
0.000179806
-2.52378e-05
0.000175268
-2.99226e-05
0.000172621
-3.10822e-05
0.000172332
-2.8468e-05
0.000175205
-2.24789e-05
0.000181948
-1.40221e-05
0.000189344
-8.72177e-06
0.000195657
-7.11878e-06
0.000199758
-9.53596e-06
0.000201495
-1.46519e-05
0.000201297
-2.12964e-05
0.000199361
-2.74208e-05
0.000196084
-3.43423e-05
0.000192005
-4.05457e-05
0.000187508
-4.55389e-05
0.000182893
-4.91365e-05
0.000178366
-5.12596e-05
0.00017405
-5.19467e-05
0.000170002
-5.13268e-05
0.000166234
-4.95947e-05
0.000162729
-4.69937e-05
0.000159455
-4.37878e-05
0.000156372
-4.03e-05
0.000153446
-3.68179e-05
0.000150632
-3.38483e-05
-3.155e-05
0.000147304
6.20319e-06
0.000148007
1.92682e-05
0.000149125
3.34034e-05
0.00015067
4.88012e-05
0.000152685
6.54942e-05
0.000155246
8.33636e-05
0.000158459
0.000102179
0.000162469
0.000121613
0.000167471
0.000141259
0.000173754
0.000160595
0.000181726
0.000178968
0.000191903
0.000195289
0.000204987
0.000208179
0.000220955
0.00021348
0.000238823
0.000209745
0.000248342
0.000184908
0.000251644
0.000156924
0.00024875
0.000124495
0.000242364
9.2789e-05
0.000234318
6.43055e-05
0.000225733
3.97803e-05
0.000217289
1.93102e-05
0.00020942
2.77783e-06
0.000202423
-1.00378e-05
0.000196537
-1.93513e-05
0.000191968
-2.53537e-05
0.000188978
-2.80927e-05
0.000187972
-2.74622e-05
0.000189302
-2.38085e-05
0.00019355
-1.82698e-05
0.000198867
-1.40394e-05
0.000203854
-1.21056e-05
0.000207479
-1.31605e-05
0.000209345
-1.65179e-05
0.000209516
-2.14675e-05
0.000208201
-2.61055e-05
0.000205544
-3.16856e-05
0.000201954
-3.69555e-05
0.000197782
-4.13667e-05
0.000193326
-4.46807e-05
0.000188817
-4.67508e-05
0.000184414
-4.75436e-05
0.000180209
-4.71217e-05
0.000176242
-4.5628e-05
0.000172518
-4.32692e-05
0.000169018
-4.0288e-05
0.00016571
-3.69918e-05
0.000162565
-3.36733e-05
0.000159537
-3.08206e-05
-2.86539e-05
0.000147353
5.89742e-06
0.000148179
1.84415e-05
0.000149478
3.21049e-05
0.00015125
4.70293e-05
0.000153539
6.32054e-05
0.000156427
8.04748e-05
0.000160031
9.85751e-05
0.000164501
0.000117144
0.00017003
0.00013573
0.000176855
0.00015377
0.000185283
0.00017054
0.000195689
0.000184883
0.000208436
0.000195433
0.000222941
0.000198975
0.000238123
0.000194564
0.000247747
0.000175284
0.000252893
0.000151778
0.000252888
0.0001245
0.000249404
9.62737e-05
0.000243771
6.99386e-05
0.000237081
4.647e-05
0.00023006
2.63312e-05
0.000223214
9.62397e-06
0.000216904
-3.72763e-06
0.000211404
-1.38518e-05
0.000206939
-2.08884e-05
0.000203748
-2.49018e-05
0.000202164
-2.5878e-05
0.000202475
-2.41194e-05
0.000204932
-2.07272e-05
0.000208549
-1.76556e-05
0.000212282
-1.58393e-05
0.000215248
-1.61263e-05
0.000216968
-1.82377e-05
0.000217293
-2.17923e-05
0.000216395
-2.5208e-05
0.000214252
-2.95418e-05
0.000211137
-3.38405e-05
0.000207341
-3.75705e-05
0.000203134
-4.04738e-05
0.000198746
-4.23634e-05
0.000194357
-4.31544e-05
0.000190086
-4.28505e-05
0.000185999
-4.1541e-05
0.000182121
-3.93909e-05
0.000178448
-3.66158e-05
0.000174959
-3.35021e-05
0.00017163
-3.03442e-05
0.000168415
-2.76064e-05
-2.55771e-05
0.000147394
5.54975e-06
0.000148328
1.75075e-05
0.000149783
3.06502e-05
0.000151754
4.5058e-05
0.000154285
6.06742e-05
0.000157464
7.72961e-05
0.000161409
9.46302e-05
0.000166268
0.000112285
0.000172205
0.000129794
0.000179429
0.000146545
0.000188183
0.000161786
0.000198675
0.000174392
0.000210956
0.000183152
0.000224346
0.000185585
0.000237828
0.000181082
0.000247499
0.000165613
0.000253509
0.000145768
0.000255759
0.000122251
0.000254627
9.74061e-05
0.000251154
7.34117e-05
0.000246315
5.1309e-05
0.000240786
3.18603e-05
0.000235081
1.53296e-05
0.000229588
1.76534e-06
0.000224607
-8.87069e-06
0.000220379
-1.66611e-05
0.000217139
-2.16612e-05
0.000215176
-2.39156e-05
0.000214754
-2.3697e-05
0.000215939
-2.19122e-05
0.000218212
-1.99291e-05
0.000220837
-1.8464e-05
0.00022309
-1.83795e-05
0.000224501
-1.96483e-05
0.000224815
-2.21065e-05
0.000224148
-2.45412e-05
0.000222403
-2.77965e-05
0.000219705
-3.11428e-05
0.000216288
-3.41532e-05
0.000212377
-3.6563e-05
0.000208185
-3.81718e-05
0.000203893
-3.88619e-05
0.000199636
-3.85936e-05
0.000195502
-3.74069e-05
0.000191534
-3.54229e-05
0.000187744
-3.28257e-05
0.000184117
-2.98757e-05
0.000180639
-2.68665e-05
0.000177267
-2.42343e-05
-2.23433e-05
0.000147428
5.16791e-06
0.000148452
1.64842e-05
0.000150037
2.90642e-05
0.00015218
4.29157e-05
0.000154923
5.79309e-05
0.000158357
7.38621e-05
0.0001626
9.03875e-05
0.000167786
0.000107099
0.000174072
0.000123508
0.000181626
0.000138991
0.000190596
0.000152817
0.000201045
0.000163942
0.000212894
0.000171304
0.000225452
0.000173027
0.000237831
0.000168703
0.000247454
0.000155991
0.000254162
0.00013906
0.00025785
0.000118563
0.000258671
9.65847e-05
0.000257056
7.50265e-05
0.000253924
5.44419e-05
0.000249852
3.59322e-05
0.000245319
1.98621e-05
0.000240715
6.36939e-06
0.000236348
-4.50361e-06
0.000232472
-1.27849e-05
0.000229318
-1.85072e-05
0.000227149
-2.17468e-05
0.000226208
-2.27562e-05
0.000226494
-2.21981e-05
0.000227716
-2.11509e-05
0.000229405
-2.01529e-05
0.00023097
-1.99445e-05
0.000231992
-2.06705e-05
0.000232192
-2.23066e-05
0.000231613
-2.39617e-05
0.00023013
-2.63141e-05
0.000227781
-2.87934e-05
0.000224718
-3.10903e-05
0.00022112
-3.29648e-05
0.000217171
-3.42231e-05
0.00021304
-3.47305e-05
0.000208866
-3.44199e-05
0.000204752
-3.32926e-05
0.000200756
-3.14264e-05
0.000196902
-2.89719e-05
0.000193185
-2.61586e-05
0.000189596
-2.32779e-05
0.000186096
-2.07343e-05
-1.89778e-05
0.000147454
4.76057e-06
0.000148547
1.53909e-05
0.000150238
2.73736e-05
0.000152522
4.06313e-05
0.000155447
5.50058e-05
0.000159107
7.02022e-05
0.000163616
8.58788e-05
0.0001691
0.000101615
0.000175691
0.000116917
0.000183499
0.000131183
0.000192608
0.000143708
0.000202993
0.000153557
0.00021448
0.000159816
0.000226432
0.000161076
0.000238083
0.000157051
0.000247682
0.000146392
0.000254949
0.000131793
0.000259599
0.000113913
0.000261902
9.42822e-05
0.000261929
7.49994e-05
0.000260322
5.60487e-05
0.000257609
3.86447e-05
0.000254221
2.32501e-05
0.000250527
1.00637e-05
0.00024683
-8.06803e-07
0.000243388
-9.34265e-06
0.000240427
-1.55465e-05
0.000238191
-1.95099e-05
0.000236886
-2.1452e-05
0.000236559
-2.18703e-05
0.000236991
-2.15834e-05
0.000237897
-2.10584e-05
0.000238834
-2.08815e-05
0.000239441
-2.12778e-05
0.000239453
-2.23192e-05
0.000238877
-2.33854e-05
0.000237547
-2.49835e-05
0.000235463
-2.67102e-05
0.000232713
-2.83402e-05
0.000229423
-2.96745e-05
0.000225742
-3.0542e-05
0.000221819
-3.08076e-05
0.000217787
-3.03877e-05
0.000213753
-2.92586e-05
0.000209786
-2.74597e-05
0.000205922
-2.51078e-05
0.000202162
-2.23981e-05
0.000198502
-1.96184e-05
0.000194906
-1.71385e-05
-1.55074e-05
0.000147469
4.33772e-06
0.000148612
1.4248e-05
0.00015038
2.56055e-05
0.00015278
3.82315e-05
0.000155864
5.19214e-05
0.000159731
6.63349e-05
0.000164488
8.11217e-05
0.000170246
9.58575e-05
0.0001771
0.000110062
0.000185125
0.000123159
0.000194343
0.00013449
0.000204669
0.000143231
0.000215879
0.000148606
0.0002274
0.000149555
0.000238579
0.000145873
0.000248181
0.00013679
0.000255876
0.000124098
0.000261368
0.000108421
0.000264624
9.10265e-05
0.000266027
7.35955e-05
0.000265855
5.62208e-05
0.000264367
4.01328e-05
0.000262054
2.55634e-05
0.000259251
1.28673e-05
0.000256244
2.1993e-06
0.000253287
-6.3852e-06
0.000250595
-1.28548e-05
0.000248396
-1.7311e-05
0.000246879
-1.99346e-05
0.000246114
-2.11055e-05
0.000245962
-2.14311e-05
0.000246234
-2.13305e-05
0.000246623
-2.1271e-05
0.000246829
-2.14835e-05
0.000246617
-2.21067e-05
0.000245973
-2.27416e-05
0.000244716
-2.37267e-05
0.000242825
-2.48195e-05
0.000240338
-2.58534e-05
0.000237337
-2.66729e-05
0.000233932
-2.71369e-05
0.000230248
-2.71241e-05
0.000226405
-2.65446e-05
0.000222505
-2.5359e-05
0.000218624
-2.35781e-05
0.000214803
-2.12871e-05
0.000211048
-1.86432e-05
0.00020736
-1.59304e-05
0.000203703
-1.34811e-05
-1.19604e-05
0.000147472
3.91103e-06
0.000148643
1.3077e-05
0.000150462
2.37873e-05
0.000152954
3.57392e-05
0.000156181
4.86943e-05
0.000160242
6.22734e-05
0.000165235
7.61288e-05
0.000171249
8.98437e-05
0.000178352
0.00010296
0.000186575
0.000114936
0.000195896
0.000125168
0.000206189
0.000132939
0.000217204
0.000137592
0.000228433
0.000138326
0.000239315
0.000134991
0.000248946
0.000127159
0.000256984
0.000116061
0.000263119
0.000102286
0.00026725
8.68953e-05
0.000269719
7.11259e-05
0.000270676
5.52645e-05
0.000270374
4.04347e-05
0.000269048
2.68897e-05
0.000267089
1.48254e-05
0.000264766
4.52296e-06
0.000262316
-3.93552e-06
0.00025994
-1.04791e-05
0.000257856
-1.52262e-05
0.000256238
-1.83166e-05
0.000255171
-2.00389e-05
0.000254591
-2.08507e-05
0.000254366
-2.1106e-05
0.000254287
-2.11919e-05
0.000254128
-2.13239e-05
0.000253679
-2.16578e-05
0.000252911
-2.19735e-05
0.000251671
-2.24873e-05
0.000249912
-2.30603e-05
0.00024764
-2.35811e-05
0.000244899
-2.39326e-05
0.000241768
-2.40053e-05
0.000238342
-2.36985e-05
0.000234725
-2.29271e-05
0.000231008
-2.16422e-05
0.000227264
-1.98345e-05
0.000223541
-1.75635e-05
0.000219843
-1.4945e-05
0.000216172
-1.22601e-05
0.000212491
-9.79961e-06
-8.3673e-06
0.000147462
3.49473e-06
0.000148638
1.19007e-05
0.000150479
2.1946e-05
0.000153045
3.31739e-05
0.000156404
4.53353e-05
0.000160656
5.80209e-05
0.000165884
7.09014e-05
0.000172152
8.35758e-05
0.000179497
9.56146e-05
0.000187916
0.000106516
0.00019735
0.000115734
0.000207644
0.000122645
0.000218539
0.000126697
0.000229585
0.00012728
0.000240295
0.00012428
0.000249979
0.000117475
0.000258301
0.000107739
0.000264967
9.56199e-05
0.000269888
8.19746e-05
0.000273236
6.77777e-05
0.000275062
5.34384e-05
0.000275731
3.9766e-05
0.000275394
2.72273e-05
0.000274222
1.59974e-05
0.000272551
6.1931e-06
0.00027061
-1.99378e-06
0.000268572
-8.44181e-06
0.000266651
-1.33043e-05
0.000265013
-1.6679e-05
0.000263753
-1.87795e-05
0.000262856
-1.99536e-05
0.000262245
-2.04949e-05
0.000261776
-2.07228e-05
0.000261285
-2.08324e-05
0.000260607
-2.09804e-05
0.000259694
-2.10603e-05
0.000258427
-2.12205e-05
0.000256749
-2.13823e-05
0.000254646
-2.14776e-05
0.000252136
-2.14227e-05
0.000249267
-2.11364e-05
0.000246109
-2.05406e-05
0.000242745
-1.95626e-05
0.000239253
-1.81506e-05
0.000235698
-1.62795e-05
0.000232126
-1.39919e-05
0.00022854
-1.13582e-05
0.000224938
-8.65823e-06
0.000221274
-6.13548e-06
-4.76104e-06
0.000147433
3.10677e-06
0.000148589
1.07446e-05
0.000150427
2.01084e-05
0.000153053
3.05479e-05
0.000156544
4.18445e-05
0.000160995
5.357e-05
0.000166465
6.5431e-05
0.000172993
7.70479e-05
0.000180585
8.80228e-05
0.000189207
9.78947e-05
0.000198771
0.00010617
0.000209103
0.000112312
0.000219945
0.000115855
0.000230897
0.000116328
0.00024153
0.000113647
0.000251297
0.000107707
0.00025986
9.91767e-05
0.000266982
8.84973e-05
0.000272552
7.64051e-05
0.000276643
6.36871e-05
0.000279295
5.07863e-05
0.000280703
3.83579e-05
0.000281167
2.67634e-05
0.000280797
1.63666e-05
0.000279739
7.25207e-06
0.000278288
-5.43218e-07
0.000276591
-6.74441e-06
0.000274857
-1.15709e-05
0.000273254
-1.50761e-05
0.00027188
-1.74054e-05
0.000270754
-1.88276e-05
0.000269841
-1.95819e-05
0.00026905
-1.99312e-05
0.000268266
-2.00491e-05
0.000267368
-2.00826e-05
0.000266304
-1.99957e-05
0.00026498
-1.98969e-05
0.000263343
-1.97452e-05
0.000261368
-1.95024e-05
0.000259056
-1.91112e-05
0.000256434
-1.85138e-05
0.000253546
-1.7653e-05
0.000250454
-1.64708e-05
0.000247224
-1.49206e-05
0.000243907
-1.29616e-05
0.000240543
-1.06285e-05
0.000237127
-7.94205e-06
0.000233651
-5.1821e-06
0.000230051
-2.53586e-06
-1.17804e-06
0.000147381
2.77131e-06
0.000148488
9.63744e-06
0.000150297
1.82992e-05
0.000152981
2.78637e-05
0.000156616
3.82095e-05
0.000161284
4.89019e-05
0.000167014
5.97009e-05
0.000173814
7.02482e-05
0.000181661
8.01753e-05
0.000190497
8.90594e-05
0.000200211
9.64562e-05
0.000210619
0.000101903
0.000221467
0.000105008
0.000232395
0.0001054
0.000243022
0.000103021
0.000252872
9.78572e-05
0.000261673
9.03749e-05
0.000269203
8.09678e-05
0.000275319
7.02892e-05
0.00028004
5.89656e-05
0.000283394
4.7433e-05
0.000285521
3.62301e-05
0.000286588
2.56964e-05
0.000286862
1.60929e-05
0.000286442
7.67277e-06
0.000285455
4.43551e-07
0.000284082
-5.37171e-06
0.000282543
-1.00316e-05
0.000281007
-1.35399e-05
0.000279571
-1.59702e-05
0.000278281
-1.75368e-05
0.000277131
-1.84326e-05
0.000276073
-1.88729e-05
0.000275034
-1.90102e-05
0.000273928
-1.89769e-05
0.000272711
-1.87781e-05
0.000271311
-1.84974e-05
0.000269684
-1.81179e-05
0.000267802
-1.76203e-05
0.000265657
-1.69668e-05
0.000263261
-1.61175e-05
0.00026064
-1.50319e-05
0.000257835
-1.36655e-05
0.000254896
-1.1982e-05
0.000251861
-9.9267e-06
0.000248764
-7.53179e-06
0.000245583
-4.76107e-06
0.000242299
-1.89769e-06
0.000238819
9.44076e-07
2.34078e-06
0.000147291
2.52512e-06
0.000148318
8.61079e-06
0.000150078
1.6539e-05
0.000152833
2.51083e-05
0.000156641
3.44015e-05
0.000161556
4.39869e-05
0.000167568
5.3689e-05
0.000174654
6.3163e-05
0.000182766
7.20627e-05
0.000191827
7.99991e-05
0.000201711
8.65719e-05
0.000212231
9.13832e-05
0.00022314
9.40992e-05
0.000234089
9.445e-05
0.000244741
9.23688e-05
0.000254724
8.7874e-05
0.000263783
8.13159e-05
0.000271665
7.30866e-05
0.000278244
6.37098e-05
0.000283503
5.37063e-05
0.000287453
4.3483e-05
0.000290195
3.34887e-05
0.000291859
2.40317e-05
0.000292601
1.53514e-05
0.000292679
7.59393e-06
0.000292195
9.28247e-07
0.00029112
-4.29719e-06
0.000289765
-8.67596e-06
0.000288308
-1.20835e-05
0.000286844
-1.45064e-05
0.000285433
-1.6125e-05
0.000284094
-1.70944e-05
0.000282812
-1.7591e-05
0.000281548
-1.77461e-05
0.000280248
-1.76763e-05
0.000278878
-1.7408e-05
0.000277389
-1.70086e-05
0.000275746
-1.64754e-05
0.000273926
-1.58005e-05
0.000271919
-1.49595e-05
0.000269726
-1.39246e-05
0.000267362
-1.26678e-05
0.000264851
-1.11542e-05
0.000262228
-9.3595e-06
0.000259518
-7.21624e-06
0.000256748
-4.762e-06
0.000253873
-1.88603e-06
0.000250858
1.11783e-06
0.000247564
4.23783e-06
5.74792e-06
0.000147141
2.42925e-06
0.000148053
7.69798e-06
0.000149754
1.48386e-05
0.000152618
2.22445e-05
0.000156648
3.03711e-05
0.000161849
3.87854e-05
0.000168166
4.73721e-05
0.000175547
5.57819e-05
0.000183932
6.36783e-05
0.00019323
7.07009e-05
0.000203297
7.65052e-05
0.000213948
8.07319e-05
0.000224936
8.31114e-05
0.000235962
8.34241e-05
0.000246721
8.16097e-05
0.000256887
7.77073e-05
0.000266177
7.2026e-05
0.000274377
6.48864e-05
0.00028136
5.6727e-05
0.000287082
4.79845e-05
0.00029154
3.90255e-05
0.000294802
3.02267e-05
0.000296973
2.18607e-05
0.000298182
1.41423e-05
0.000298598
7.17761e-06
0.000298511
1.01549e-06
0.000297757
-3.54344e-06
0.000296567
-7.48633e-06
0.000295187
-1.07032e-05
0.000293709
-1.30281e-05
0.000292201
-1.46175e-05
0.000290706
-1.55987e-05
0.00028923
-1.61156e-05
0.000287764
-1.62798e-05
0.000286279
-1.61914e-05
0.000284757
-1.58864e-05
0.000283168
-1.54197e-05
0.00028149
-1.47965e-05
0.000279704
-1.40153e-05
0.000277805
-1.30599e-05
0.00027579
-1.19102e-05
0.000273668
-1.05459e-05
0.000271452
-8.93787e-06
0.000269164
-7.07186e-06
0.000266815
-4.86634e-06
0.000264433
-2.38051e-06
0.000261941
6.05849e-07
0.000259286
3.77303e-06
0.000256261
7.26239e-06
8.98589e-06
0.000146883
2.59032e-06
0.000147645
6.93678e-06
0.000149298
1.31848e-05
0.000152347
1.91956e-05
0.000156675
2.60438e-05
0.000162207
3.32526e-05
0.000168847
4.07323e-05
0.000176521
4.81085e-05
0.000185166
5.50327e-05
0.000194686
6.11812e-05
0.000204947
6.62448e-05
0.000215761
6.99177e-05
0.000226892
7.198e-05
0.000238071
7.22454e-05
0.000248985
7.06953e-05
0.000259328
6.73647e-05
0.00026885
6.25036e-05
0.000277348
5.63892e-05
0.000284687
4.93872e-05
0.000290809
4.18631e-05
0.000295697
3.41376e-05
0.000299396
2.6527e-05
0.000301991
1.92663e-05
0.000303589
1.25443e-05
0.000304342
6.42462e-06
0.000304455
9.02147e-07
0.000304015
-3.10329e-06
0.000302969
-6.44055e-06
0.000301652
-9.38628e-06
0.00030016
-1.15357e-05
0.000298567
-1.30243e-05
0.00029693
-1.39619e-05
0.000295279
-1.44645e-05
0.000293624
-1.46254e-05
0.000291962
-1.45288e-05
0.000290287
-1.42121e-05
0.000288588
-1.37201e-05
0.000286853
-1.30619e-05
0.000285077
-1.22387e-05
0.000283256
-1.1239e-05
0.000281392
-1.00469e-05
0.000279492
-8.64591e-06
0.000277564
-7.00974e-06
0.000275623
-5.13036e-06
0.000273662
-2.90583e-06
0.00027173
-4.47962e-07
0.000269704
2.63191e-06
0.000267518
5.95871e-06
0.000264871
9.90975e-06
1.198e-05
0.000146423
3.2121e-06
0.000146994
6.36489e-06
0.000148667
1.15127e-05
0.000152049
1.58133e-05
0.000156777
2.13156e-05
0.000162674
2.73551e-05
0.000169626
3.37813e-05
0.000177569
4.01645e-05
0.00018646
4.61425e-05
0.000196208
5.14326e-05
0.000206691
5.57622e-05
0.000217708
5.89009e-05
0.000229027
6.06607e-05
0.000240375
6.08976e-05
0.000251469
5.96011e-05
0.00026202
5.68135e-05
0.000271786
5.27378e-05
0.000280567
4.76081e-05
0.000288228
4.17263e-05
0.000294695
3.53954e-05
0.000299945
2.88877e-05
0.000304006
2.24662e-05
0.000306945
1.63269e-05
0.000308856
1.06333e-05
0.000309864
5.41675e-06
0.000310134
6.323e-07
0.000309875
-2.84477e-06
0.000308977
-5.54171e-06
0.000307695
-8.10514e-06
0.000306171
-1.00116e-05
0.000304486
-1.13391e-05
0.00030271
-1.21858e-05
0.000300889
-1.26435e-05
0.000299052
-1.27882e-05
0.000297212
-1.26889e-05
0.00029538
-1.23801e-05
0.000293557
-1.18978e-05
0.000291748
-1.12521e-05
0.000289954
-1.04447e-05
0.000288182
-9.46692e-06
0.000286439
-8.30456e-06
0.000284735
-6.942e-06
0.000283081
-5.35512e-06
0.000281486
-3.53607e-06
0.000279934
-1.35337e-06
0.000278509
9.76899e-07
0.000277032
4.10875e-06
0.000275446
7.54492e-06
0.000273324
1.20317e-05
1.46207e-05
0.000145531
4.72566e-06
0.000145871
6.02465e-06
0.000147794
9.58931e-06
0.000151785
1.18225e-05
0.000157031
1.607e-05
0.000163294
2.10919e-05
0.000170518
2.65575e-05
0.00017869
3.19924e-05
0.0001878
3.70325e-05
0.000197772
4.14606e-05
0.000208472
4.50626e-05
0.000219708
4.76642e-05
0.000231245
4.91236e-05
0.000242813
4.93298e-05
0.000254133
4.82818e-05
0.000264924
4.60224e-05
0.000274947
4.27147e-05
0.000284004
3.85505e-05
0.000291957
3.37735e-05
0.000298724
2.86291e-05
0.000304272
2.33394e-05
0.000308619
1.81187e-05
0.000311824
1.31223e-05
0.000313964
8.49366e-06
0.000315151
4.22968e-06
0.000315565
2.18102e-07
0.000315315
-2.59489e-06
0.000314521
-4.74809e-06
0.000313252
-6.83567e-06
0.000311668
-8.42814e-06
0.000309872
-9.54305e-06
0.000307946
-1.02591e-05
0.000305949
-1.06465e-05
0.000303924
-1.07635e-05
0.0003019
-1.06649e-05
0.0002999
-1.038e-05
0.000297939
-9.9371e-06
0.000296032
-9.34552e-06
0.000294194
-8.60617e-06
0.000292439
-7.71173e-06
0.000290783
-6.64942e-06
0.000289244
-5.40203e-06
0.00028784
-3.95116e-06
0.000286581
-2.27741e-06
0.000285439
-2.11984e-07
0.000284578
1.83867e-06
0.000283728
4.95873e-06
0.000282889
8.38405e-06
0.000281507
1.34128e-05
1.67128e-05
0.000143593
8.17689e-06
0.000143655
5.96196e-06
0.000146624
6.6211e-06
0.000151728
6.71803e-06
0.000157561
1.02367e-05
0.000164101
1.45521e-05
0.00017149
1.91687e-05
0.000179795
2.36873e-05
0.000189068
2.77592e-05
0.00019924
3.12891e-05
0.000210169
3.41333e-05
0.000221657
3.61765e-05
0.000233456
3.73242e-05
0.000245294
3.74917e-05
0.000256886
3.66898e-05
0.000267953
3.49559e-05
0.000278251
3.24161e-05
0.000287582
2.92198e-05
0.000295801
2.55543e-05
0.00030282
2.16098e-05
0.000308604
1.75561e-05
0.000313162
1.35608e-05
0.000316547
9.73653e-06
0.00031883
6.21112e-06
0.000320119
2.94028e-06
0.000320568
-2.30805e-07
0.000320267
-2.29332e-06
0.000319486
-3.96802e-06
0.00031817
-5.51928e-06
0.000316484
-6.742e-06
0.000314543
-7.60246e-06
0.00031244
-8.15584e-06
0.000310247
-8.45342e-06
0.000308019
-8.53556e-06
0.000305794
-8.43995e-06
0.000303607
-8.19323e-06
0.000301486
-7.81613e-06
0.000299457
-7.31595e-06
0.000297542
-6.69202e-06
0.000295769
-5.93818e-06
0.000294163
-5.04339e-06
0.000292748
-3.98701e-06
0.000291562
-2.76562e-06
0.000290616
-1.33114e-06
0.000289859
5.44812e-07
0.000289578
2.12001e-06
0.000289434
5.10284e-06
0.000289566
8.25167e-06
0.000289253
1.37257e-05
1.79551e-05
0.000137874
1.73466e-05
0.000137842
5.99415e-06
0.000145356
-8.92947e-07
0.000152301
-2.26915e-07
0.000158535
4.00259e-06
0.000165037
8.04975e-06
0.00017236
1.18458e-05
0.000180653
1.53948e-05
0.000190018
1.83939e-05
0.000200369
2.09383e-05
0.000211539
2.29634e-05
0.000223305
2.44101e-05
0.000235425
2.52045e-05
0.000247593
2.53229e-05
0.000259512
2.4771e-05
0.000270894
2.35745e-05
0.000281487
2.18228e-05
0.000291086
1.9621e-05
0.000299541
1.70988e-05
0.00030676
1.43909e-05
0.000312705
1.16115e-05
0.000317383
8.88192e-06
0.00032085
6.27019e-06
0.000323178
3.88319e-06
0.000324465
1.6533e-06
0.000324808
-5.74043e-07
0.000324409
-1.89415e-06
0.0003235
-3.05914e-06
0.000322055
-4.07436e-06
0.000320199
-4.88663e-06
0.000318058
-5.46122e-06
0.00031573
-5.82822e-06
0.000313294
-6.01661e-06
0.000310817
-6.05908e-06
0.000308355
-5.97737e-06
0.000305949
-5.78779e-06
0.000303636
-5.50337e-06
0.00030145
-5.13017e-06
0.000299424
-4.66585e-06
0.000297593
-4.10658e-06
0.000295993
-3.44362e-06
0.00029466
-2.65395e-06
0.000293646
-1.75211e-06
0.000292971
-6.55778e-07
0.000292631
8.84724e-07
0.000292903
1.84834e-06
0.000293559
4.44679e-06
0.000295034
6.77632e-06
0.000296398
1.23615e-05
1.79368e-05
0.000114086
5.03042e-05
0.0001287
-8.6197e-06
0.000144972
-1.7165e-05
0.00015406
-9.3152e-06
0.000159826
-1.764e-06
0.000165604
2.2726e-06
0.000172442
5.00697e-06
0.00018052
7.31701e-06
0.000189888
9.02584e-06
0.000200395
1.04311e-05
0.000211823
1.15356e-05
0.000223917
1.23158e-05
0.000236405
1.2717e-05
0.000248956
1.27717e-05
0.000261246
1.24808e-05
0.000272969
1.18521e-05
0.000283857
1.0934e-05
0.000293694
9.78383e-06
0.000302324
8.46884e-06
0.000309651
7.06401e-06
0.000315638
5.62423e-06
0.0003203
4.22066e-06
0.00032369
2.87939e-06
0.000325893
1.68014e-06
0.000327055
4.91548e-07
0.000327071
-5.90186e-07
0.000326467
-1.28971e-06
0.000325258
-1.85042e-06
0.00032353
-2.34616e-06
0.000321382
-2.73915e-06
0.000318936
-3.01482e-06
0.000316295
-3.18705e-06
0.000313546
-3.26793e-06
0.000310761
-3.27404e-06
0.000307999
-3.21556e-06
0.000305313
-3.10243e-06
0.000302749
-2.9392e-06
0.000300349
-2.72951e-06
0.000298153
-2.46988e-06
0.000296205
-2.15922e-06
0.000294554
-1.79281e-06
0.00029325
-1.34958e-06
0.000292359
-8.61313e-07
0.000291911
-2.07829e-07
0.000292079
7.16934e-07
0.000292792
1.13469e-06
0.000294358
2.88087e-06
0.000297093
4.04174e-06
0.000301203
8.25086e-06
1.40476e-05
0.000197348
0.000188728
0.000171563
0.000162248
0.000160484
0.000162756
0.000167763
0.00017508
0.000184106
0.000194537
0.000206073
0.000218389
0.000231106
0.000243877
0.000256358
0.00026821
0.000279144
0.000288928
0.000297397
0.000304461
0.000310085
0.000314306
0.000317185
0.000318865
0.000319357
0.000318767
0.000317477
0.000315626
0.00031328
0.000310541
0.000307526
0.000304339
0.000301071
0.000297797
0.000294582
0.000291479
0.00028854
0.00028581
0.00028334
0.000281181
0.000279388
0.000278039
0.000277177
0.00027697
0.000277687
0.000278821
0.000281702
0.000285744
0.000293995
)
;

boundaryField
{
    floor
    {
        type            calculated;
        value           uniform 0;
    }
    ceiling
    {
        type            calculated;
        value           nonuniform List<scalar> 
50
(
-1.03398e-25
0
0
3.30872e-24
0
0
0
0
0
0
3.30872e-24
0
0
0
0
0
0
0
0
0
0
0
0
-3.30872e-24
0
0
0
0
0
0
0
0
0
-3.30872e-24
0
0
0
0
0
0
0
0
0
0
0
0
0
0
0
0
)
;
    }
    inlet
    {
        type            calculated;
        value           nonuniform List<scalar> 
40
(
-0.000147052
-0.000147051
-0.000147051
-0.000147051
-0.000147051
-0.00014705
-0.00014705
-0.00014705
-0.00014705
-0.00014705
-0.000147049
-0.000147049
-0.000147049
-0.000147049
-0.000147049
-0.000147048
-0.000147048
-0.000147048
-0.000147048
-0.000147047
-0.000147047
-0.000147047
-0.000147047
-0.000147047
-0.000147046
-0.000147046
-0.000147046
-0.000147046
-0.000147046
-0.000147045
-0.000147045
-0.000147045
-0.000147045
-0.000147045
-0.000147044
-0.000147044
-0.000147044
-0.000147044
-0.000147043
-0.000147043
)
;
    }
    outlet
    {
        type            calculated;
        value           nonuniform List<scalar> 
40
(
2.23346e-05
9.75543e-06
9.32256e-06
1.2848e-05
1.80598e-05
2.42327e-05
3.10452e-05
3.83195e-05
4.59441e-05
5.38417e-05
6.19544e-05
7.02377e-05
7.86548e-05
8.71739e-05
9.57682e-05
0.000104416
0.000113099
0.000121803
0.000130516
0.000139229
0.000147939
0.000156641
0.000165339
0.000174034
0.000182731
0.000191436
0.000200156
0.000208898
0.000217667
0.000226468
0.0002353
0.000244157
0.000253024
0.000261876
0.000270683
0.000279415
0.000288011
0.000296416
0.000305093
0.000308042
)
;
    }
    fixedWalls
    {
        type            empty;
        value           nonuniform 0();
    }
    baffleFacesThermoBaffle1D_master
    {
        type            calculated;
        value           nonuniform List<scalar> 
16
(
0
0
0
0
0
0
-1.35525e-20
1.35525e-20
-1.35525e-20
0
0
1.35525e-20
0
0
0
0
)
;
    }
    baffleFacesThermoBaffle1D_slave
    {
        type            calculated;
        value           nonuniform List<scalar> 
16
(
0
1.35525e-20
0
-1.35525e-20
0
0
0
0
0
0
0
0
0
0
0
1.35525e-20
)
;
    }
    baffleFacesThermoBaffle3D_master
    {
        type            calculated;
        value           nonuniform List<scalar> 
16
(
0
0
0
0
5.42101e-20
0
0
0
5.42101e-20
0
0
0
0
0
0
0
)
;
    }
    baffleFacesThermoBaffle3D_slave
    {
        type            calculated;
        value           nonuniform List<scalar> 
16
(
2.71051e-20
0
0
0
0
0
0
0
0
1.0842e-19
0
0
0
0
0
0
)
;
    }
}


// ************************************************************************* //
