/*--------------------------------*- C++ -*----------------------------------*\
| =========                 |                                                 |
| \\      /  F ield         | OpenFOAM: The Open Source CFD Toolbox           |
|  \\    /   O peration     | Version:  v1906                                 |
|   \\  /    A nd           | Web:      www.OpenFOAM.com                      |
|    \\/     M anipulation  |                                                 |
\*---------------------------------------------------------------------------*/
FoamFile
{
    version     2.0;
    format      ascii;
    class       volVectorField;
    location    "2000";
    object      U;
}
// * * * * * * * * * * * * * * * * * * * * * * * * * * * * * * * * * * * * * //

dimensions      [0 1 -1 0 0 0 0];


internalField   nonuniform List<vector> 
2000
(
(0.0918138 -0.053708 0)
(0.152799 0.00315707 0)
(0.118992 0.00939689 0)
(0.097722 0.00830836 0)
(0.0875911 0.00656716 0)
(0.0741584 0.00623842 0)
(0.0609299 0.00675579 0)
(0.0459683 0.00752541 0)
(0.0296748 0.00822125 0)
(0.0124042 0.00839007 0)
(-0.00445195 0.00755624 0)
(-0.0188226 0.00497878 0)
(-0.026166 0.000677692 0)
(-0.0234366 -0.00627985 0)
(-0.00845748 -0.00652249 0)
(-0.0116097 0.0065426 0)
(-0.0244251 0.00449289 0)
(-0.0359924 0.00452386 0)
(-0.0440556 0.00137361 0)
(-0.0451216 -0.000693909 0)
(-0.0407559 -0.00426632 0)
(-0.0292253 -0.00666724 0)
(-0.0138243 -0.00895902 0)
(0.0062467 -0.00977143 0)
(0.0240096 -0.00995568 0)
(0.0455739 -0.00899287 0)
(0.0582378 -0.00224188 0)
(0.0569803 0.00298512 0)
(0.0400342 0.0152062 0)
(-0.0283107 0.0127874 0)
(-0.0502159 0.00816922 0)
(-0.0717199 0.0075444 0)
(-0.0861207 0.0042134 0)
(-0.0943766 0.00170107 0)
(-0.0967173 0.000154682 0)
(-0.0967985 -0.00112581 0)
(-0.091997 -0.00231942 0)
(-0.086849 -0.00268306 0)
(-0.0799072 -0.00303487 0)
(-0.0729275 -0.00314987 0)
(-0.0655326 -0.0031931 0)
(-0.0583462 -0.00315546 0)
(-0.0512834 -0.00309805 0)
(-0.0444693 -0.00305364 0)
(-0.0378471 -0.00306727 0)
(-0.0311042 -0.00322778 0)
(-0.0245006 -0.00362315 0)
(-0.0154973 -0.00439771 0)
(-0.00853084 -0.00586963 0)
(0.0115382 -0.00879557 0)
(0.101147 -0.000126374 0)
(0.0661421 0.00210519 0)
(0.0912095 0.00944126 0)
(0.0909831 0.0100734 0)
(0.0876388 0.0104635 0)
(0.079336 0.0115805 0)
(0.0693266 0.0129966 0)
(0.0573521 0.014465 0)
(0.0439674 0.0156226 0)
(0.0295922 0.0159428 0)
(0.0150983 0.0146865 0)
(0.0015688 0.0109869 0)
(-0.00876147 0.00393693 0)
(-0.0147697 -0.00651733 0)
(-0.0121871 -0.01527 0)
(-0.010401 0.0157582 0)
(-0.0242111 0.0120195 0)
(-0.0346529 0.00933578 0)
(-0.0410671 0.00395017 0)
(-0.0420726 -0.00111387 0)
(-0.0385647 -0.00738217 0)
(-0.0303545 -0.0121883 0)
(-0.0183219 -0.0161293 0)
(-0.00355841 -0.0180401 0)
(0.0128539 -0.0180012 0)
(0.027366 -0.0154446 0)
(0.0385263 -0.00546863 0)
(0.0413883 0.0101958 0)
(0.0310748 0.040207 0)
(-0.0224707 0.0337693 0)
(-0.0457206 0.021904 0)
(-0.0652044 0.0165985 0)
(-0.0760164 0.010229 0)
(-0.0820799 0.00472394 0)
(-0.0835154 0.00118104 0)
(-0.0823158 -0.00238839 0)
(-0.0783149 -0.00454336 0)
(-0.073192 -0.00575151 0)
(-0.0669053 -0.00650165 0)
(-0.0602725 -0.0068155 0)
(-0.0533996 -0.00688403 0)
(-0.0466049 -0.00677423 0)
(-0.0399591 -0.00659033 0)
(-0.033528 -0.00640845 0)
(-0.0273223 -0.00631806 0)
(-0.021165 -0.00643463 0)
(-0.015171 -0.0069417 0)
(-0.00858051 -0.00783401 0)
(-0.00295886 -0.00983495 0)
(0.00594775 -0.0121506 0)
(0.0987835 -0.00546744 0)
(0.0886167 0.00110133 0)
(0.0929852 0.00537703 0)
(0.091643 0.0102201 0)
(0.0885917 0.0133927 0)
(0.0822002 0.0161959 0)
(0.0740362 0.0188246 0)
(0.0640724 0.0212384 0)
(0.0527816 0.0230914 0)
(0.0405054 0.0237995 0)
(0.0278392 0.0224999 0)
(0.0152732 0.0180865 0)
(0.0043208 0.00966092 0)
(-0.00474947 -0.00365751 0)
(-0.00562557 -0.0213716 0)
(-0.0104205 0.026397 0)
(-0.0235945 0.0197356 0)
(-0.0327618 0.0142151 0)
(-0.0384822 0.00606164 0)
(-0.0398112 -0.00164783 0)
(-0.0372993 -0.0102756 0)
(-0.0313638 -0.0173092 0)
(-0.0223041 -0.0229124 0)
(-0.0107894 -0.0261613 0)
(0.00213792 -0.026626 0)
(0.0148329 -0.0221903 0)
(0.0241632 -0.00963218 0)
(0.0281725 0.0120875 0)
(0.0234463 0.0598348 0)
(-0.0221962 0.0538328 0)
(-0.0407966 0.0350231 0)
(-0.0569292 0.0253098 0)
(-0.0657494 0.0148363 0)
(-0.0703728 0.00653211 0)
(-0.0712988 0.000893706 0)
(-0.0694996 -0.00398633 0)
(-0.0659271 -0.0072172 0)
(-0.0610904 -0.00912678 0)
(-0.0553632 -0.0102537 0)
(-0.0492478 -0.0107471 0)
(-0.0429476 -0.0108391 0)
(-0.0366856 -0.0106624 0)
(-0.0305721 -0.0103553 0)
(-0.024655 -0.010028 0)
(-0.018998 -0.00981538 0)
(-0.0134852 -0.00983392 0)
(-0.00840054 -0.0101745 0)
(-0.00316843 -0.0110417 0)
(0.0011105 -0.012726 0)
(0.00603963 -0.0143739 0)
(0.0995266 -0.00133881 0)
(0.0952687 0.00260404 0)
(0.0951117 0.00678365 0)
(0.0927724 0.0118937 0)
(0.0897773 0.0162722 0)
(0.0845163 0.0203138 0)
(0.07767 0.0240346 0)
(0.0692253 0.0273725 0)
(0.0595319 0.0299465 0)
(0.0488482 0.0311264 0)
(0.0375687 0.0300053 0)
(0.0259995 0.0253892 0)
(0.0148185 0.0161533 0)
(0.0044522 0.000906981 0)
(-0.000198514 -0.022565 0)
(-0.0115774 0.0360025 0)
(-0.0228018 0.0270612 0)
(-0.0315134 0.0185263 0)
(-0.0366263 0.00835489 0)
(-0.0384395 -0.00192506 0)
(-0.0369344 -0.0125925 0)
(-0.0329256 -0.021265 0)
(-0.0261112 -0.0285928 0)
(-0.0174703 -0.032996 0)
(-0.00734743 -0.0339011 0)
(0.00293543 -0.0290155 0)
(0.0125951 -0.0141676 0)
(0.0173949 0.0133623 0)
(0.0161122 0.0719601 0)
(-0.0212734 0.072088 0)
(-0.0377511 0.0457746 0)
(-0.0492452 0.0323343 0)
(-0.056681 0.018321 0)
(-0.0597318 0.00839389 0)
(-0.0600329 0.00034316 0)
(-0.0579015 -0.00565744 0)
(-0.0544658 -0.00975773 0)
(-0.0499042 -0.0123059 0)
(-0.0446363 -0.0137905 0)
(-0.0390173 -0.0144617 0)
(-0.0332627 -0.0145914 0)
(-0.0275343 -0.014359 0)
(-0.021966 -0.0139537 0)
(-0.0165821 -0.0135019 0)
(-0.0115095 -0.0131081 0)
(-0.00674754 -0.0129154 0)
(-0.00228145 -0.0131349 0)
(0.00198189 -0.0137761 0)
(0.0052224 -0.0149685 0)
(0.0085391 -0.0159373 0)
(0.0996546 -0.000214169 0)
(0.0974612 0.00356724 0)
(0.09635 0.00793159 0)
(0.0939122 0.0134907 0)
(0.0910379 0.0187444 0)
(0.086551 0.0237788 0)
(0.0807237 0.0284506 0)
(0.0734967 0.0326281 0)
(0.0650942 0.0358977 0)
(0.05568 0.0376081 0)
(0.0454787 0.0368383 0)
(0.0346393 0.0323818 0)
(0.0234276 0.0230457 0)
(0.0120764 0.00681321 0)
(0.00515792 -0.0194372 0)
(-0.0111934 0.0465832 0)
(-0.0224009 0.033728 0)
(-0.0306654 0.0225897 0)
(-0.0352675 0.0106165 0)
(-0.0373628 -0.00157891 0)
(-0.0369823 -0.0137831 0)
(-0.0343126 -0.0241911 0)
(-0.0295464 -0.0326996 0)
(-0.0235106 -0.0380505 0)
(-0.0158248 -0.0396071 0)
(-0.00756805 -0.0347752 0)
(0.00136205 -0.0193307 0)
(0.00790896 0.012198 0)
(0.0115792 0.079538 0)
(-0.0187902 0.0898648 0)
(-0.0337459 0.0548241 0)
(-0.042828 0.0370861 0)
(-0.0479527 0.0213075 0)
(-0.0498295 0.00889877 0)
(-0.0491652 -0.00039381 0)
(-0.0468092 -0.00740234 0)
(-0.0433643 -0.0122154 0)
(-0.0390361 -0.0152772 0)
(-0.0341729 -0.0170515 0)
(-0.0290267 -0.0178583 0)
(-0.0238091 -0.0180225 0)
(-0.0186159 -0.0177465 0)
(-0.0136306 -0.0171924 0)
(-0.00894005 -0.0165465 0)
(-0.00441448 -0.0159915 0)
(-0.000151945 -0.0156439 0)
(0.00367494 -0.0156098 0)
(0.00715198 -0.0159099 0)
(0.00967581 -0.0165989 0)
(0.0121522 -0.017057 0)
(0.0997668 0.000518939 0)
(0.0983637 0.00440149 0)
(0.097056 0.00914796 0)
(0.0948265 0.0150402 0)
(0.0921706 0.0209388 0)
(0.0883094 0.0267499 0)
(0.0833242 0.0322276 0)
(0.0771134 0.0371656 0)
(0.0697856 0.0411161 0)
(0.0614098 0.043423 0)
(0.0520565 0.0431756 0)
(0.0417289 0.0391911 0)
(0.0303873 0.0302359 0)
(0.0182026 0.0140522 0)
(0.00865772 -0.0131773 0)
(-0.0107557 0.0562376 0)
(-0.0217441 0.0403151 0)
(-0.0297437 0.0266225 0)
(-0.034237 0.0124958 0)
(-0.036268 -0.000805028 0)
(-0.0366308 -0.0144339 0)
(-0.0351525 -0.025989 0)
(-0.0323113 -0.0354097 0)
(-0.0284106 -0.0416202 0)
(-0.0230709 -0.043949 0)
(-0.0167869 -0.0397122 0)
(-0.0087784 -0.0243399 0)
(-0.00134836 0.00865232 0)
(0.00515351 0.0835379 0)
(-0.0163278 0.104267 0)
(-0.0290411 0.0626486 0)
(-0.036201 0.0408898 0)
(-0.0393688 0.0229617 0)
(-0.0399303 0.00901109 0)
(-0.0384887 -0.00149305 0)
(-0.035837 -0.00926258 0)
(-0.0323478 -0.0146142 0)
(-0.0282327 -0.0180521 0)
(-0.0237588 -0.020053 0)
(-0.0190773 -0.0209632 0)
(-0.0144286 -0.0210837 0)
(-0.00996027 -0.0206917 0)
(-0.00551363 -0.020037 0)
(-0.00123614 -0.0192939 0)
(0.00275013 -0.0185748 0)
(0.00642098 -0.0179912 0)
(0.00965686 -0.0176732 0)
(0.0124885 -0.017621 0)
(0.0144828 -0.0178634 0)
(0.0164132 -0.0179301 0)
(0.0998391 0.00102124 0)
(0.0987891 0.00514327 0)
(0.0974898 0.0102636 0)
(0.0955155 0.0164579 0)
(0.0931297 0.0228627 0)
(0.0898143 0.029302 0)
(0.0855499 0.0354698 0)
(0.0802056 0.0411045 0)
(0.0737921 0.0457324 0)
(0.0662833 0.048708 0)
(0.0576088 0.0491494 0)
(0.0476349 0.0459171 0)
(0.0360672 0.0377656 0)
(0.0230763 0.0223231 0)
(0.0113178 -0.00467352 0)
(-0.0103477 0.0657987 0)
(-0.0210345 0.0466458 0)
(-0.0285158 0.0305502 0)
(-0.0328773 0.0144742 0)
(-0.0347769 2.84199e-06 0)
(-0.0354756 -0.0145376 0)
(-0.0349688 -0.0268877 0)
(-0.0336901 -0.0368801 0)
(-0.0317017 -0.0439053 0)
(-0.028714 -0.046909 0)
(-0.0245048 -0.0437225 0)
(-0.0175991 -0.0293483 0)
(-0.0097612 0.00369674 0)
(0.00245477 0.0828309 0)
(-0.013751 0.116857 0)
(-0.0240306 0.069048 0)
(-0.0292421 0.0434593 0)
(-0.0305703 0.0236675 0)
(-0.0298451 0.00842401 0)
(-0.0276985 -0.00297203 0)
(-0.0247881 -0.011206 0)
(-0.0212294 -0.0169822 0)
(-0.0173564 -0.0206576 0)
(-0.0133138 -0.0227459 0)
(-0.00933416 -0.0236489 0)
(-0.00520878 -0.0237599 0)
(-0.0011167 -0.0233527 0)
(0.00279381 -0.0226138 0)
(0.00650812 -0.0217047 0)
(0.00992634 -0.0207878 0)
(0.0130447 -0.019977 0)
(0.0157349 -0.01938 0)
(0.0180225 -0.0189953 0)
(0.0195986 -0.0188618 0)
(0.0211087 -0.0186241 0)
(0.0998848 0.00140554 0)
(0.0990193 0.00581638 0)
(0.0977903 0.0112648 0)
(0.0960526 0.0177217 0)
(0.0939465 0.0245322 0)
(0.0911127 0.0314869 0)
(0.0874763 0.0382507 0)
(0.0828815 0.0445289 0)
(0.0772621 0.0498347 0)
(0.0704988 0.0535516 0)
(0.0623912 0.0548422 0)
(0.0526749 0.0526251 0)
(0.0408338 0.0456621 0)
(0.0270329 0.0316008 0)
(0.0135981 0.00621096 0)
(-0.0100491 0.0749041 0)
(-0.0201851 0.0525954 0)
(-0.0268564 0.0341067 0)
(-0.0307246 0.0163333 0)
(-0.0323294 0.000825774 0)
(-0.0330712 -0.0143163 0)
(-0.033254 -0.0271123 0)
(-0.0332279 -0.0374005 0)
(-0.0329314 -0.0447895 0)
(-0.0321546 -0.0484681 0)
(-0.0303136 -0.0466167 0)
(-0.0252059 -0.0340629 0)
(-0.0175657 -0.00274341 0)
(-0.00290079 0.078243 0)
(-0.0116434 0.127131 0)
(-0.0185829 0.0738196 0)
(-0.0217923 0.0448227 0)
(-0.0212728 0.0234101 0)
(-0.0193697 0.00718487 0)
(-0.0166522 -0.00463298 0)
(-0.0134436 -0.0133086 0)
(-0.0100369 -0.0192206 0)
(-0.00659471 -0.0229721 0)
(-0.00297635 -0.0251143 0)
(0.000712845 -0.0260744 0)
(0.00430979 -0.0261819 0)
(0.00781459 -0.0256829 0)
(0.0111513 -0.0248165 0)
(0.0142911 -0.0237607 0)
(0.0171692 -0.022659 0)
(0.0197487 -0.0216299 0)
(0.0219377 -0.0207693 0)
(0.023749 -0.0200869 0)
(0.0249741 -0.0196421 0)
(0.0261193 -0.0191644 0)
(0.0999141 0.00171905 0)
(0.0991655 0.00643072 0)
(0.09803 0.0121589 0)
(0.0965034 0.0188336 0)
(0.0946688 0.0259736 0)
(0.0922599 0.0333495 0)
(0.0891765 0.0406278 0)
(0.0852399 0.0474983 0)
(0.0803309 0.0534904 0)
(0.0742356 0.0580149 0)
(0.0666359 0.0603017 0)
(0.0571386 0.0593475 0)
(0.0450187 0.0539313 0)
(0.0303867 0.0417489 0)
(0.0153695 0.0184194 0)
(-0.00966154 0.0838957 0)
(-0.0189484 0.0580222 0)
(-0.0244331 0.0371492 0)
(-0.0274212 0.0178439 0)
(-0.0284379 0.00146484 0)
(-0.0289497 -0.0139453 0)
(-0.0295467 -0.0268045 0)
(-0.0304566 -0.0370656 0)
(-0.0317008 -0.0445658 0)
(-0.0328515 -0.0486271 0)
(-0.0332862 -0.0479449 0)
(-0.0309293 -0.0379485 0)
(-0.0241107 -0.00990945 0)
(-0.00828421 0.0697793 0)
(-0.00848899 0.134898 0)
(-0.0123501 0.0770069 0)
(-0.0135314 0.0449461 0)
(-0.0111947 0.0222305 0)
(-0.00831503 0.0055367 0)
(-0.00513469 -0.00661258 0)
(-0.00185634 -0.0153549 0)
(0.00137615 -0.0213054 0)
(0.00465763 -0.0251124 0)
(0.00781012 -0.0272733 0)
(0.0109155 -0.0281858 0)
(0.0139196 -0.0282186 0)
(0.016819 -0.0276386 0)
(0.0195688 -0.0266625 0)
(0.022139 -0.0254706 0)
(0.02448 -0.0241995 0)
(0.0265454 -0.0229668 0)
(0.0282679 -0.0218699 0)
(0.029649 -0.0209302 0)
(0.0305647 -0.0202302 0)
(0.0313695 -0.0195622 0)
(0.0999332 0.0019849 0)
(0.0992752 0.00698857 0)
(0.0982437 0.0129524 0)
(0.0969168 0.0198169 0)
(0.095344 0.0271924 0)
(0.0933034 0.0349264 0)
(0.0907145 0.0426501 0)
(0.0873707 0.050076 0)
(0.0831304 0.0567133 0)
(0.0776577 0.0621202 0)
(0.0705593 0.0655434 0)
(0.0613084 0.0660825 0)
(0.0489667 0.062566 0)
(0.0335291 0.0527462 0)
(0.0169639 0.0321341 0)
(-0.00929168 0.0919126 0)
(-0.0171323 0.0625643 0)
(-0.0208197 0.0394154 0)
(-0.0225377 0.0188174 0)
(-0.0226631 0.0017545 0)
(-0.0227246 -0.0135905 0)
(-0.0234943 -0.0261607 0)
(-0.0250961 -0.0360345 0)
(-0.0275535 -0.0432564 0)
(-0.0305479 -0.0474871 0)
(-0.0333307 -0.0477142 0)
(-0.0338412 -0.040253 0)
(-0.0292848 -0.016872 0)
(-0.0140888 0.0587066 0)
(-0.00664582 0.139712 0)
(-0.00448004 0.0780481 0)
(-0.00415408 0.0439491 0)
(2.1606e-05 0.0202172 0)
(0.00370587 0.00342779 0)
(0.00724788 -0.00871614 0)
(0.0105192 -0.0173847 0)
(0.0134608 -0.0232644 0)
(0.0162096 -0.0269784 0)
(0.0187777 -0.0290535 0)
(0.0212462 -0.0299072 0)
(0.0236161 -0.0298762 0)
(0.0258925 -0.0292198 0)
(0.0280457 -0.0281465 0)
(0.0300477 -0.026837 0)
(0.03186 -0.0254165 0)
(0.0334318 -0.0240052 0)
(0.0347165 -0.0227045 0)
(0.0356988 -0.0215461 0)
(0.0363313 -0.0206402 0)
(0.0368065 -0.0198217 0)
(0.0999465 0.00221406 0)
(0.0993689 0.00748876 0)
(0.0984558 0.0136523 0)
(0.0973292 0.0206352 0)
(0.0959851 0.0282468 0)
(0.0942925 0.0362466 0)
(0.0921562 0.0443447 0)
(0.0893834 0.0522499 0)
(0.0857334 0.0595869 0)
(0.0808973 0.0658622 0)
(0.0743697 0.0705319 0)
(0.0654566 0.0727827 0)
(0.053037 0.0715136 0)
(0.0368943 0.0645663 0)
(0.0186743 0.0469704 0)
(-0.0084725 0.0998267 0)
(-0.0143102 0.0660201 0)
(-0.015969 0.0404736 0)
(-0.0156162 0.0189259 0)
(-0.014609 0.00151948 0)
(-0.0140944 -0.0133921 0)
(-0.0148727 -0.0252958 0)
(-0.0169772 -0.0344802 0)
(-0.0203221 -0.0411141 0)
(-0.0247725 -0.0450478 0)
(-0.029689 -0.0457261 0)
(-0.0334217 -0.0406602 0)
(-0.0321115 -0.0228593 0)
(-0.0200175 0.0419457 0)
(-0.000481843 0.141144 0)
(0.00237818 0.0774533 0)
(0.00692607 0.0415305 0)
(0.0121378 0.0175389 0)
(0.016806 0.000911541 0)
(0.0204636 -0.0108648 0)
(0.0235111 -0.0192547 0)
(0.0259335 -0.024898 0)
(0.0280297 -0.0284569 0)
(0.0299127 -0.0304341 0)
(0.0316875 -0.0312199 0)
(0.0333845 -0.0311333 0)
(0.0350193 -0.0304173 0)
(0.0365703 -0.0292678 0)
(0.0380051 -0.0278617 0)
(0.0392997 -0.0263189 0)
(0.0403951 -0.0247592 0)
(0.0412704 -0.0232834 0)
(0.0418737 -0.0219547 0)
(0.0422387 -0.0208812 0)
(0.0423905 -0.0199449 0)
(0.0999566 0.00241014 0)
(0.0994569 0.00792605 0)
(0.098681 0.0142463 0)
(0.0977377 0.0213456 0)
(0.0966192 0.0291092 0)
(0.0952634 0.0373224 0)
(0.0935552 0.0457327 0)
(0.0913081 0.0540841 0)
(0.0882812 0.0620359 0)
(0.0840782 0.0692445 0)
(0.0782306 0.075188 0)
(0.0698493 0.0793571 0)
(0.0576075 0.0806948 0)
(0.0408989 0.0772817 0)
(0.0205949 0.0642024 0)
(-0.00795417 0.105372 0)
(-0.00964958 0.0676302 0)
(-0.0084184 0.0402032 0)
(-0.00600304 0.0180196 0)
(-0.00386253 0.000758658 0)
(-0.00306722 -0.0133393 0)
(-0.0039764 -0.0243873 0)
(-0.0061362 -0.0326207 0)
(-0.0100436 -0.0383031 0)
(-0.0154379 -0.0415847 0)
(-0.0219783 -0.0421605 0)
(-0.0282903 -0.0387485 0)
(-0.0317474 -0.0262984 0)
(-0.0250059 0.0272097 0)
(0.00149471 0.137223 0)
(0.0122505 0.0740183 0)
(0.019099 0.0375253 0)
(0.0264188 0.0139558 0)
(0.0312135 -0.00166803 0)
(0.0347296 -0.0129773 0)
(0.0371449 -0.0208084 0)
(0.0387932 -0.0261156 0)
(0.0400831 -0.0294832 0)
(0.0411789 -0.0313609 0)
(0.0422028 -0.0320925 0)
(0.0431944 -0.0319735 0)
(0.0441711 -0.0312234 0)
(0.0451258 -0.0300177 0)
(0.0459933 -0.0285553 0)
(0.0467812 -0.0269168 0)
(0.0474193 -0.0252413 0)
(0.0478977 -0.0236342 0)
(0.0481523 -0.0221532 0)
(0.0482591 -0.0209577 0)
(0.0480907 -0.0199325 0)
(0.0999655 0.00257867 0)
(0.0995503 0.00829653 0)
(0.098914 0.0147261 0)
(0.0981472 0.0219336 0)
(0.0972663 0.0297981 0)
(0.0962339 0.0381662 0)
(0.0949388 0.0468267 0)
(0.0932091 0.0555601 0)
(0.0908028 0.0640975 0)
(0.0873491 0.0721564 0)
(0.082255 0.0794471 0)
(0.0747826 0.0855632 0)
(0.0631486 0.0898718 0)
(0.0465115 0.0906089 0)
(0.0236485 0.0812236 0)
(-0.00492994 0.110515 0)
(-0.00371163 0.0669691 0)
(0.00243817 0.0379678 0)
(0.00699861 0.0160499 0)
(0.0099347 -0.000380134 0)
(0.0108219 -0.0132944 0)
(0.00970416 -0.0232921 0)
(0.00682506 -0.0305502 0)
(0.00246727 -0.0353192 0)
(-0.0029293 -0.0376125 0)
(-0.0100312 -0.0374657 0)
(-0.0180099 -0.0342711 0)
(-0.0252107 -0.025721 0)
(-0.0259907 0.00682787 0)
(0.00732516 0.134058 0)
(0.0254138 0.0691528 0)
(0.0344412 0.0324816 0)
(0.0428323 0.00981117 0)
(0.0471493 -0.00422247 0)
(0.049966 -0.0146642 0)
(0.0513196 -0.0218189 0)
(0.0519401 -0.0267772 0)
(0.0522797 -0.0299745 0)
(0.052503 -0.0317847 0)
(0.0527337 -0.0325003 0)
(0.0530032 -0.0323797 0)
(0.0533139 -0.0316391 0)
(0.0536645 -0.0304197 0)
(0.0539971 -0.028908 0)
(0.0542875 -0.0272181 0)
(0.0544877 -0.025461 0)
(0.0545865 -0.0237545 0)
(0.054504 -0.0221664 0)
(0.0543678 -0.0208748 0)
(0.0538816 -0.0197851 0)
(0.0999732 0.00270957 0)
(0.0996485 0.00859706 0)
(0.0991498 0.0151211 0)
(0.0985653 0.0223828 0)
(0.0979314 0.0303105 0)
(0.0972149 0.038783 0)
(0.0963254 0.0476317 0)
(0.0951128 0.0566764 0)
(0.0933582 0.0657143 0)
(0.0907159 0.074569 0)
(0.086661 0.0830736 0)
(0.080303 0.0912454 0)
(0.0700681 0.0987371 0)
(0.0540275 0.105166 0)
(0.0272129 0.107892 0)
(-0.00184238 0.110267 0)
(0.0076594 0.0628226 0)
(0.0180458 0.0334974 0)
(0.0237077 0.0133092 0)
(0.0268914 -0.00172425 0)
(0.0272957 -0.0131256 0)
(0.0256793 -0.0219005 0)
(0.0223935 -0.0281144 0)
(0.0176929 -0.0320499 0)
(0.0117975 -0.0336008 0)
(0.00473941 -0.0326667 0)
(-0.00299022 -0.0288822 0)
(-0.0110596 -0.0217799 0)
(-0.0162488 -0.00736999 0)
(0.0156792 0.111762 0)
(0.0425566 0.058541 0)
(0.054489 0.0254753 0)
(0.0611465 0.00647218 0)
(0.0645773 -0.00633966 0)
(0.0657894 -0.0155905 0)
(0.0657626 -0.0221027 0)
(0.0651656 -0.0267723 0)
(0.0644691 -0.0298687 0)
(0.063771 -0.031682 0)
(0.0632016 -0.0324255 0)
(0.0627441 -0.0323588 0)
(0.0624085 -0.0316529 0)
(0.0621675 -0.0304626 0)
(0.0619767 -0.0289507 0)
(0.0617966 -0.0272352 0)
(0.0615776 -0.0254306 0)
(0.0613156 -0.023659 0)
(0.0609094 -0.0219954 0)
(0.0605402 -0.0206364 0)
(0.0597407 -0.0195039 0)
(0.0999794 0.00281218 0)
(0.0997439 0.00881876 0)
(0.0993896 0.0154125 0)
(0.0989975 0.0226973 0)
(0.0986113 0.0306477 0)
(0.0982082 0.0391756 0)
(0.097721 0.0481481 0)
(0.0970297 0.0574218 0)
(0.0959577 0.0668515 0)
(0.0942207 0.076352 0)
(0.0914025 0.0859145 0)
(0.0867844 0.09582 0)
(0.0787859 0.106423 0)
(0.0663719 0.119266 0)
(0.0381976 0.124456 0)
(0.00664045 0.110101 0)
(0.0285858 0.0545766 0)
(0.0394344 0.0281066 0)
(0.045298 0.0102209 0)
(0.0469018 -0.00248389 0)
(0.0460502 -0.0125326 0)
(0.0433739 -0.0201808 0)
(0.0395196 -0.0254642 0)
(0.0346139 -0.02867 0)
(0.028976 -0.029551 0)
(0.0226398 -0.0280164 0)
(0.0154886 -0.0237397 0)
(0.00838218 -0.0161854 0)
(-0.000183791 -0.0128313 0)
(0.0230418 0.104531 0)
(0.0606295 0.0472821 0)
(0.0757483 0.0203454 0)
(0.0809718 0.00329597 0)
(0.0822626 -0.00727604 0)
(0.0814032 -0.0155669 0)
(0.0799459 -0.0214542 0)
(0.0781612 -0.0260377 0)
(0.0764381 -0.0291442 0)
(0.074857 -0.0310284 0)
(0.0734969 -0.0318845 0)
(0.072353 -0.0319127 0)
(0.0713976 -0.0312929 0)
(0.0705984 -0.0301664 0)
(0.0699076 -0.0286881 0)
(0.0692824 -0.0269815 0)
(0.0686668 -0.0251621 0)
(0.0680636 -0.0233569 0)
(0.0673484 -0.0216487 0)
(0.0667558 -0.0202473 0)
(0.0656494 -0.0190909 0)
(0.0999857 0.00288312 0)
(0.0998372 0.00897021 0)
(0.0996317 0.0155934 0)
(0.0994387 0.0228725 0)
(0.0993005 0.0308096 0)
(0.0992085 0.0393453 0)
(0.09912 0.0483754 0)
(0.0989507 0.0577865 0)
(0.09858 0.0674766 0)
(0.0978075 0.0774267 0)
(0.0963847 0.0877474 0)
(0.0937756 0.099034 0)
(0.088945 0.112358 0)
(0.0810323 0.135476 0)
(0.0490734 0.185666 0)
(0.0399947 0.0692723 0)
(0.0581503 0.0394273 0)
(0.069231 0.0218976 0)
(0.0708032 0.00862486 0)
(0.0693587 -0.00222527 0)
(0.0662654 -0.0109352 0)
(0.0621205 -0.0177634 0)
(0.0573934 -0.0225788 0)
(0.0522956 -0.0253771 0)
(0.0470296 -0.0260001 0)
(0.0417741 -0.0242222 0)
(0.0367703 -0.0196845 0)
(0.0315958 -0.0106771 0)
(0.03133 0.00621395 0)
(0.0592584 0.0470702 0)
(0.0884323 0.0286697 0)
(0.0978394 0.01414 0)
(0.0992085 0.00200291 0)
(0.0982652 -0.00660733 0)
(0.0959202 -0.0142616 0)
(0.0932061 -0.0201506 0)
(0.0905139 -0.0246556 0)
(0.0879289 -0.0278531 0)
(0.0855851 -0.0298814 0)
(0.0835287 -0.0308948 0)
(0.0817561 -0.031072 0)
(0.0802317 -0.0305764 0)
(0.0789169 -0.0295498 0)
(0.077761 -0.0281397 0)
(0.0767208 -0.0264735 0)
(0.075734 -0.0246694 0)
(0.074811 -0.0228595 0)
(0.073803 -0.0211341 0)
(0.0729973 -0.0197124 0)
(0.0715924 -0.0185492 0)
(0.0999917 0.0029236 0)
(0.0999297 0.009046 0)
(0.0998744 0.0156655 0)
(0.0998815 0.0229078 0)
(0.0999901 0.030797 0)
(0.100205 0.0392942 0)
(0.100508 0.0483158 0)
(0.100853 0.0577672 0)
(0.101184 0.0675696 0)
(0.101402 0.0777294 0)
(0.101489 0.0883927 0)
(0.101242 0.100207 0)
(0.101709 0.114352 0)
(0.100877 0.138486 0)
(0.13675 0.175141 0)
(0.1577 0.0821627 0)
(0.11717 0.0403959 0)
(0.106806 0.0229957 0)
(0.0989593 0.0105522 0)
(0.0926509 0.000429751 0)
(0.0867055 -0.00795085 0)
(0.0809312 -0.0145667 0)
(0.075309 -0.0192925 0)
(0.0699278 -0.0221164 0)
(0.0649509 -0.0229045 0)
(0.0606243 -0.0214928 0)
(0.0575622 -0.0175122 0)
(0.0555551 -0.00930566 0)
(0.0614573 0.00648885 0)
(0.080932 0.0198871 0)
(0.102467 0.0191004 0)
(0.109982 0.0116227 0)
(0.111495 0.00219168 0)
(0.11056 -0.00544073 0)
(0.108258 -0.0125327 0)
(0.10506 -0.0182477 0)
(0.101845 -0.0228025 0)
(0.0987087 -0.0261214 0)
(0.0958 -0.0283218 0)
(0.0931869 -0.0295237 0)
(0.0908818 -0.0298794 0)
(0.0888595 -0.0295387 0)
(0.0870846 -0.0286408 0)
(0.0855076 -0.0273277 0)
(0.0840883 -0.0257297 0)
(0.0827597 -0.0239679 0)
(0.0815402 -0.0221788 0)
(0.080257 -0.0204605 0)
(0.0792498 -0.0190377 0)
(0.0775569 -0.0178827 0)
(0.0999974 0.00293408 0)
(0.100021 0.00904731 0)
(0.100114 0.0156281 0)
(0.100319 0.022804 0)
(0.10067 0.0306126 0)
(0.101183 0.0390274 0)
(0.101864 0.0479766 0)
(0.102704 0.0573729 0)
(0.103704 0.0671399 0)
(0.104856 0.0772655 0)
(0.10632 0.0878406 0)
(0.108113 0.099255 0)
(0.112105 0.112086 0)
(0.11663 0.1284 0)
(0.150101 0.14539 0)
(0.176339 0.0911808 0)
(0.150514 0.0548248 0)
(0.13529 0.0321107 0)
(0.123089 0.0168036 0)
(0.113771 0.00535346 0)
(0.105828 -0.00364135 0)
(0.0988096 -0.010611 0)
(0.0924773 -0.015652 0)
(0.0868246 -0.018827 0)
(0.0819637 -0.0201008 0)
(0.0781149 -0.0194242 0)
(0.0758097 -0.0165698 0)
(0.0751884 -0.0108223 0)
(0.0797687 -0.000350842 0)
(0.0931308 0.0115193 0)
(0.108531 0.0124639 0)
(0.116347 0.00838664 0)
(0.119514 0.00175987 0)
(0.119553 -0.00497648 0)
(0.118145 -0.0108597 0)
(0.115248 -0.0162509 0)
(0.111972 -0.0207442 0)
(0.108622 -0.0241268 0)
(0.105383 -0.0264713 0)
(0.102383 -0.0278538 0)
(0.0996665 -0.0283944 0)
(0.0972346 -0.0282238 0)
(0.0950665 -0.0274735 0)
(0.0931206 -0.0262791 0)
(0.0913632 -0.0247718 0)
(0.0897255 -0.0230747 0)
(0.0882352 -0.0213282 0)
(0.0866963 -0.0196375 0)
(0.0855004 -0.0182298 0)
(0.0835323 -0.0170962 0)
(0.100003 0.00291526 0)
(0.100109 0.00897545 0)
(0.100347 0.0154835 0)
(0.100743 0.0225646 0)
(0.101328 0.0302617 0)
(0.102128 0.0385534 0)
(0.103167 0.0473716 0)
(0.104469 0.0566263 0)
(0.106085 0.0662283 0)
(0.108075 0.0761224 0)
(0.110711 0.0863082 0)
(0.114152 0.096869 0)
(0.120311 0.107871 0)
(0.12826 0.11818 0)
(0.154383 0.124923 0)
(0.175037 0.0915769 0)
(0.164636 0.0637581 0)
(0.152945 0.0407255 0)
(0.141202 0.0239109 0)
(0.131284 0.0112339 0)
(0.122608 0.0013968 0)
(0.115015 -0.00618496 0)
(0.108318 -0.0117608 0)
(0.102512 -0.0154807 0)
(0.0976792 -0.0173986 0)
(0.0939979 -0.0175513 0)
(0.0918138 -0.0157994 0)
(0.0914152 -0.0117929 0)
(0.0942975 -0.00479888 0)
(0.103182 0.00388426 0)
(0.114191 0.00613177 0)
(0.121469 0.00462903 0)
(0.125545 0.000341167 0)
(0.12655 -0.00486062 0)
(0.125961 -0.00978103 0)
(0.123876 -0.0144924 0)
(0.120869 -0.0187205 0)
(0.117606 -0.0220482 0)
(0.114269 -0.0244606 0)
(0.111057 -0.0259809 0)
(0.108061 -0.0266872 0)
(0.105319 -0.0266837 0)
(0.102833 -0.0260874 0)
(0.100576 -0.0250247 0)
(0.0985265 -0.0236239 0)
(0.0966154 -0.0220089 0)
(0.094882 -0.0203224 0)
(0.0931089 -0.0186759 0)
(0.0917385 -0.0172967 0)
(0.0895104 -0.0161957 0)
(0.100008 0.00286828 0)
(0.100193 0.00883307 0)
(0.10057 0.0152358 0)
(0.101147 0.022195 0)
(0.101955 0.0297521 0)
(0.103023 0.037884 0)
(0.104395 0.0465195 0)
(0.106119 0.0555586 0)
(0.108282 0.0648899 0)
(0.110992 0.074404 0)
(0.114565 0.0839998 0)
(0.119231 0.0934948 0)
(0.126607 0.102591 0)
(0.136138 0.109086 0)
(0.155608 0.111648 0)
(0.171953 0.0885231 0)
(0.169523 0.0677508 0)
(0.162998 0.0469985 0)
(0.153776 0.0302427 0)
(0.144922 0.0170047 0)
(0.136623 0.00653269 0)
(0.129145 -0.00164269 0)
(0.122487 -0.00779681 0)
(0.116717 -0.0121197 0)
(0.111929 -0.0147208 0)
(0.10827 -0.0156832 0)
(0.105952 -0.0149362 0)
(0.105293 -0.0122685 0)
(0.106873 -0.00755524 0)
(0.112656 -0.00135363 0)
(0.120484 0.0012668 0)
(0.126641 0.00114793 0)
(0.130789 -0.00141803 0)
(0.132449 -0.00518202 0)
(0.132462 -0.00934114 0)
(0.131201 -0.0130583 0)
(0.128672 -0.0168858 0)
(0.125692 -0.0200314 0)
(0.122445 -0.0224104 0)
(0.119182 -0.0240002 0)
(0.116037 -0.0248313 0)
(0.113087 -0.0249744 0)
(0.110363 -0.0245258 0)
(0.107857 -0.0235979 0)
(0.105563 -0.0223122 0)
(0.103417 -0.020791 0)
(0.10147 -0.019177 0)
(0.0994855 -0.0175874 0)
(0.0979562 -0.016247 0)
(0.0954849 -0.015188 0)
(0.100013 0.00279473 0)
(0.100272 0.008624 0)
(0.100778 0.014891 0)
(0.101525 0.0217029 0)
(0.10254 0.029094 0)
(0.103857 0.0370336 0)
(0.105533 0.0454426 0)
(0.107634 0.0542062 0)
(0.11027 0.0631871 0)
(0.113573 0.0722233 0)
(0.117858 0.0811244 0)
(0.123356 0.0895248 0)
(0.13127 0.0969025 0)
(0.140965 0.101224 0)
(0.156443 0.101041 0)
(0.169395 0.0848172 0)
(0.170872 0.0686419 0)
(0.168499 0.0508499 0)
(0.162184 0.0351358 0)
(0.155164 0.0220061 0)
(0.147951 0.0112743 0)
(0.141122 0.00269048 0)
(0.134863 -0.00395237 0)
(0.129342 -0.0088297 0)
(0.124686 -0.0120655 0)
(0.121039 -0.0137576 0)
(0.118543 -0.0138847 0)
(0.117513 -0.012306 0)
(0.118169 -0.00920149 0)
(0.121759 -0.00483936 0)
(0.127248 -0.00239188 0)
(0.132143 -0.00183997 0)
(0.135881 -0.00324539 0)
(0.137827 -0.00587553 0)
(0.138259 -0.00910523 0)
(0.13752 -0.012079 0)
(0.135579 -0.0153318 0)
(0.132972 -0.018174 0)
(0.129948 -0.020417 0)
(0.126763 -0.0219964 0)
(0.123584 -0.0228969 0)
(0.120523 -0.0231526 0)
(0.11764 -0.0228334 0)
(0.114948 -0.0220336 0)
(0.11246 -0.0208644 0)
(0.110119 -0.0194427 0)
(0.10799 -0.0179091 0)
(0.105819 -0.016385 0)
(0.104148 -0.0150905 0)
(0.101452 -0.0140808 0)
(0.100017 0.00269661 0)
(0.100344 0.00835314 0)
(0.100968 0.0144562 0)
(0.101871 0.0210976 0)
(0.103075 0.0282992 0)
(0.104619 0.0360186 0)
(0.106568 0.0441648 0)
(0.109 0.052607 0)
(0.112037 0.0611829 0)
(0.115816 0.0696882 0)
(0.12062 0.0778618 0)
(0.126641 0.0852351 0)
(0.134621 0.0913201 0)
(0.144215 0.0940262 0)
(0.156991 0.0927095 0)
(0.167644 0.0807147 0)
(0.171153 0.0678402 0)
(0.171513 0.0527277 0)
(0.167782 0.0385111 0)
(0.162747 0.025963 0)
(0.156948 0.0153313 0)
(0.151096 0.00657926 0)
(0.145502 -0.000393219 0)
(0.140418 -0.00571084 0)
(0.136013 -0.00948098 0)
(0.132442 -0.011794 0)
(0.129831 -0.0126622 0)
(0.128444 -0.0120201 0)
(0.128487 -0.00999514 0)
(0.130482 -0.00713031 0)
(0.134235 -0.00506504 0)
(0.137946 -0.004251 0)
(0.14107 -0.00492064 0)
(0.142981 -0.00667408 0)
(0.143627 -0.00912208 0)
(0.143234 -0.0113969 0)
(0.141793 -0.0140636 0)
(0.139577 -0.0165234 0)
(0.136845 -0.0185463 0)
(0.13383 -0.0200374 0)
(0.130712 -0.0209458 0)
(0.127625 -0.021271 0)
(0.124657 -0.021054 0)
(0.121842 -0.0203675 0)
(0.119211 -0.0193087 0)
(0.116715 -0.0179864 0)
(0.114436 -0.0165361 0)
(0.112105 -0.0150821 0)
(0.110309 -0.0138375 0)
(0.10741 -0.0128825 0)
(0.100021 0.00257635 0)
(0.100408 0.00802638 0)
(0.101138 0.0139402 0)
(0.10218 0.0203898 0)
(0.103554 0.0273811 0)
(0.105301 0.0348559 0)
(0.107492 0.0427099 0)
(0.110213 0.0507963 0)
(0.113587 0.0589318 0)
(0.117743 0.0668738 0)
(0.122908 0.0743395 0)
(0.129196 0.0808637 0)
(0.137187 0.0857772 0)
(0.14639 0.0875918 0)
(0.157342 0.0857982 0)
(0.166533 0.0766764 0)
(0.171233 0.0657705 0)
(0.173138 0.0533146 0)
(0.171623 0.0405517 0)
(0.168393 0.0288478 0)
(0.164067 0.0185835 0)
(0.159336 0.00988728 0)
(0.154567 0.00276195 0)
(0.15006 -0.00285366 0)
(0.14602 -0.00703283 0)
(0.142616 -0.0098466 0)
(0.139984 -0.0113212 0)
(0.138332 -0.0114338 0)
(0.137882 -0.0103266 0)
(0.138879 -0.0084815 0)
(0.141262 -0.00693001 0)
(0.143949 -0.00609814 0)
(0.146401 -0.00633595 0)
(0.148078 -0.00745764 0)
(0.148763 -0.00924254 0)
(0.148569 -0.0109358 0)
(0.147506 -0.0130439 0)
(0.145643 -0.0150871 0)
(0.143221 -0.0168331 0)
(0.140428 -0.0181717 0)
(0.137441 -0.0190287 0)
(0.134401 -0.0193764 0)
(0.131415 -0.0192285 0)
(0.128535 -0.0186342 0)
(0.125811 -0.0176736 0)
(0.123202 -0.0164452 0)
(0.120806 -0.0150765 0)
(0.118342 -0.0136932 0)
(0.11644 -0.0124992 0)
(0.11336 -0.0116024 0)
(0.100024 0.00243673 0)
(0.100463 0.00765037 0)
(0.101285 0.0133524 0)
(0.102448 0.0195912 0)
(0.103972 0.0263533 0)
(0.105899 0.0335628 0)
(0.108304 0.041101 0)
(0.111275 0.0488068 0)
(0.114926 0.05648 0)
(0.119363 0.0638878 0)
(0.124781 0.0706911 0)
(0.131275 0.0763868 0)
(0.139136 0.0804575 0)
(0.147906 0.0816873 0)
(0.157622 0.0797679 0)
(0.165989 0.0725213 0)
(0.171203 0.0633884 0)
(0.174105 0.0527638 0)
(0.174378 0.0414332 0)
(0.172681 0.0307457 0)
(0.169737 0.0210219 0)
(0.166149 0.0125587 0)
(0.162275 0.00544345 0)
(0.158432 -0.000325925 0)
(0.154845 -0.00478337 0)
(0.151698 -0.00797561 0)
(0.149136 -0.00992935 0)
(0.14734 -0.0106533 0)
(0.146525 -0.0102678 0)
(0.146842 -0.00921699 0)
(0.148203 -0.00814681 0)
(0.150034 -0.0074343 0)
(0.151838 -0.00744684 0)
(0.153183 -0.00813355 0)
(0.153784 -0.00938834 0)
(0.153666 -0.010621 0)
(0.152862 -0.0122132 0)
(0.151295 -0.0138449 0)
(0.149164 -0.0152865 0)
(0.146614 -0.0164277 0)
(0.143803 -0.0171832 0)
(0.140866 -0.0175085 0)
(0.137918 -0.0173939 0)
(0.135027 -0.0168664 0)
(0.132256 -0.0159873 0)
(0.129576 -0.0148425 0)
(0.127097 -0.0135492 0)
(0.124528 -0.0122333 0)
(0.122541 -0.0110875 0)
(0.119303 -0.0102502 0)
(0.100026 0.00228085 0)
(0.100509 0.00723249 0)
(0.101407 0.0127035 0)
(0.102672 0.018714 0)
(0.104326 0.0252291 0)
(0.106411 0.0321522 0)
(0.109005 0.0393539 0)
(0.112192 0.0466631 0)
(0.116072 0.0538831 0)
(0.120756 0.0607291 0)
(0.126373 0.0668991 0)
(0.132962 0.0719302 0)
(0.140656 0.0753303 0)
(0.149041 0.0761913 0)
(0.157919 0.074309 0)
(0.165759 0.0684136 0)
(0.171256 0.0606946 0)
(0.174908 0.0512998 0)
(0.176383 0.0415528 0)
(0.176059 0.0317697 0)
(0.174331 0.0226955 0)
(0.171831 0.0145931 0)
(0.168855 0.00762288 0)
(0.165715 0.00183054 0)
(0.162639 -0.00278126 0)
(0.159819 -0.00623484 0)
(0.157409 -0.0085493 0)
(0.155578 -0.00975221 0)
(0.154514 -0.00995787 0)
(0.154362 -0.00948208 0)
(0.154965 -0.0088662 0)
(0.156101 -0.0083342 0)
(0.157324 -0.00825281 0)
(0.158304 -0.00865346 0)
(0.158743 -0.0095018 0)
(0.158635 -0.0103523 0)
(0.157957 -0.0115391 0)
(0.156628 -0.0127701 0)
(0.154752 -0.0139003 0)
(0.152442 -0.0148175 0)
(0.14983 -0.0154355 0)
(0.147037 -0.0156984 0)
(0.144175 -0.015582 0)
(0.141321 -0.0150941 0)
(0.138548 -0.0142767 0)
(0.135835 -0.0132015 0)
(0.133308 -0.0119736 0)
(0.130664 -0.0107181 0)
(0.128612 -0.00961491 0)
(0.125242 -0.00883661 0)
(0.100027 0.00211218 0)
(0.100543 0.0067805 0)
(0.101501 0.0120041 0)
(0.10285 0.0177697 0)
(0.104613 0.0240207 0)
(0.106836 0.0306438 0)
(0.109599 0.0374946 0)
(0.112979 0.0443969 0)
(0.117072 0.051136 0)
(0.121955 0.0574591 0)
(0.127717 0.0630536 0)
(0.134355 0.0674985 0)
(0.141896 0.0703745 0)
(0.149968 0.0709967 0)
(0.158279 0.0692244 0)
(0.165764 0.0643215 0)
(0.171514 0.0576766 0)
(0.175643 0.0495954 0)
(0.17801 0.0407022 0)
(0.178763 0.0321404 0)
(0.178164 0.023661 0)
(0.176645 0.0160209 0)
(0.174528 0.00930278 0)
(0.172089 0.00359778 0)
(0.169551 -0.00105829 0)
(0.167107 -0.00466622 0)
(0.164913 -0.00723354 0)
(0.163128 -0.00879661 0)
(0.161919 -0.00945597 0)
(0.161415 -0.00945431 0)
(0.161521 -0.00918752 0)
(0.162078 -0.00886644 0)
(0.162802 -0.0087749 0)
(0.163421 -0.00899738 0)
(0.163657 -0.00954854 0)
(0.1635 -0.0101125 0)
(0.16288 -0.0109406 0)
(0.161711 -0.0118267 0)
(0.160048 -0.012659 0)
(0.157963 -0.0133431 0)
(0.155557 -0.0137999 0)
(0.152934 -0.01397 0)
(0.150196 -0.0138204 0)
(0.147419 -0.0133446 0)
(0.144686 -0.0125673 0)
(0.14198 -0.0115453 0)
(0.139439 -0.0103698 0)
(0.136751 -0.00916436 0)
(0.134657 -0.00809479 0)
(0.131181 -0.00737276 0)
(0.100027 0.00193466 0)
(0.100565 0.00630311 0)
(0.101567 0.0112664 0)
(0.102978 0.0167721 0)
(0.104834 0.0227423 0)
(0.107182 0.0290406 0)
(0.110101 0.0355207 0)
(0.113663 0.0420012 0)
(0.117944 0.0482755 0)
(0.122999 0.0540898 0)
(0.128879 0.0591544 0)
(0.135551 0.0630954 0)
(0.142969 0.0655553 0)
(0.150801 0.0660189 0)
(0.158731 0.0643867 0)
(0.165991 0.0602361 0)
(0.171919 0.0544778 0)
(0.176484 0.0473816 0)
(0.179476 0.0395173 0)
(0.181003 0.0317373 0)
(0.181429 0.0241001 0)
(0.180826 0.0168805 0)
(0.179489 0.0105055 0)
(0.177722 0.00497763 0)
(0.175725 0.000370385 0)
(0.173681 -0.00329763 0)
(0.171746 -0.00602053 0)
(0.170068 -0.00783901 0)
(0.1688 -0.00883807 0)
(0.168059 -0.0092015 0)
(0.167805 -0.0092235 0)
(0.167915 -0.00910143 0)
(0.168222 -0.00904574 0)
(0.168507 -0.00916395 0)
(0.168529 -0.00950608 0)
(0.16828 -0.00985373 0)
(0.167664 -0.0103913 0)
(0.166597 -0.0109813 0)
(0.165102 -0.0115421 0)
(0.163218 -0.0119983 0)
(0.161014 -0.0122828 0)
(0.158575 -0.0123399 0)
(0.15599 -0.0121311 0)
(0.153326 -0.0116424 0)
(0.150671 -0.0108834 0)
(0.148009 -0.00989678 0)
(0.145489 -0.00875815 0)
(0.142789 -0.00758957 0)
(0.140678 -0.00654126 0)
(0.137125 -0.00587037 0)
(0.100025 0.00175283 0)
(0.100573 0.00580896 0)
(0.1016 0.0105012 0)
(0.103056 0.0157296 0)
(0.104992 0.0213985 0)
(0.107455 0.0273548 0)
(0.110523 0.0334482 0)
(0.114256 0.0394991 0)
(0.118714 0.0453072 0)
(0.123929 0.0506345 0)
(0.129918 0.0552125 0)
(0.136623 0.0587138 0)
(0.143955 0.0608363 0)
(0.151616 0.0611917 0)
(0.159297 0.059707 0)
(0.166424 0.0561441 0)
(0.172491 0.0511196 0)
(0.177397 0.044891 0)
(0.180893 0.0379691 0)
(0.183115 0.0308994 0)
(0.184289 0.0237736 0)
(0.184487 0.0173252 0)
(0.183914 0.0112543 0)
(0.182764 0.00598435 0)
(0.181288 0.00150368 0)
(0.179653 -0.00214393 0)
(0.177999 -0.00493579 0)
(0.176468 -0.00691759 0)
(0.175207 -0.00815729 0)
(0.174317 -0.00879481 0)
(0.1738 -0.00905269 0)
(0.173581 -0.00909316 0)
(0.17354 -0.00910006 0)
(0.173527 -0.00916712 0)
(0.173354 -0.00935772 0)
(0.172972 -0.0095546 0)
(0.172326 -0.00986054 0)
(0.171317 -0.0102047 0)
(0.169949 -0.0105279 0)
(0.168237 -0.0107725 0)
(0.166226 -0.0108851 0)
(0.163975 -0.0108178 0)
(0.161561 -0.0105324 0)
(0.159042 -0.0100094 0)
(0.156499 -0.00924803 0)
(0.15392 -0.00827879 0)
(0.151457 -0.0071601 0)
(0.14878 -0.00601257 0)
(0.146677 -0.00496958 0)
(0.143078 -0.00434202 0)
(0.100021 0.00157197 0)
(0.100564 0.00530778 0)
(0.101599 0.00972064 0)
(0.103082 0.014653 0)
(0.105088 0.0199982 0)
(0.107662 0.0255877 0)
(0.110878 0.031276 0)
(0.114782 0.0368884 0)
(0.119414 0.0422358 0)
(0.124785 0.0470964 0)
(0.130883 0.0512258 0)
(0.137632 0.0543399 0)
(0.144916 0.0561839 0)
(0.152467 0.0564633 0)
(0.159996 0.0551237 0)
(0.167053 0.0520358 0)
(0.17324 0.0476355 0)
(0.178413 0.0421533 0)
(0.182365 0.0360022 0)
(0.185184 0.0296449 0)
(0.186944 0.023247 0)
(0.187768 0.0171043 0)
(0.187881 0.0116693 0)
(0.187352 0.00662999 0)
(0.186358 0.00234941 0)
(0.18512 -0.00120894 0)
(0.183757 -0.00399349 0)
(0.182396 -0.0060585 0)
(0.181184 -0.00745458 0)
(0.180214 -0.00828717 0)
(0.179512 -0.00872426 0)
(0.179042 -0.00890309 0)
(0.178723 -0.00897269 0)
(0.178452 -0.00902068 0)
(0.178089 -0.00911619 0)
(0.177577 -0.00919282 0)
(0.176871 -0.0093265 0)
(0.175885 -0.00947311 0)
(0.174608 -0.00959588 0)
(0.17304 -0.00965273 0)
(0.171205 -0.0096034 0)
(0.169143 -0.00940974 0)
(0.166913 -0.00903774 0)
(0.164563 -0.00846465 0)
(0.162165 -0.00768337 0)
(0.159704 -0.00671451 0)
(0.157336 -0.00559814 0)
(0.154721 -0.0044539 0)
(0.152656 -0.00339647 0)
(0.149044 -0.00280121 0)
(0.100013 0.00139904 0)
(0.100534 0.00480918 0)
(0.101559 0.00893601 0)
(0.103053 0.0135487 0)
(0.105127 0.0185428 0)
(0.107814 0.0237391 0)
(0.111185 0.0290033 0)
(0.115264 0.0341693 0)
(0.120074 0.0390612 0)
(0.125603 0.0434745 0)
(0.131818 0.0471884 0)
(0.138627 0.0499575 0)
(0.1459 0.0515676 0)
(0.153393 0.051792 0)
(0.16084 0.0505911 0)
(0.167881 0.0479019 0)
(0.174179 0.0440244 0)
(0.179575 0.0392094 0)
(0.183915 0.0337567 0)
(0.187216 0.0280441 0)
(0.18952 0.0222586 0)
(0.190879 0.0167247 0)
(0.191507 0.0115141 0)
(0.191542 0.00701478 0)
(0.19104 0.00291384 0)
(0.190172 -0.000489331 0)
(0.189095 -0.00319789 0)
(0.187911 -0.00527705 0)
(0.186775 -0.00675814 0)
(0.185774 -0.0077173 0)
(0.184946 -0.00828307 0)
(0.184285 -0.00856797 0)
(0.183744 -0.0086949 0)
(0.183252 -0.00874245 0)
(0.182712 -0.00877612 0)
(0.182072 -0.00876895 0)
(0.181292 -0.00877392 0)
(0.180303 -0.00876718 0)
(0.179088 -0.00872737 0)
(0.177637 -0.00862516 0)
(0.17596 -0.00843156 0)
(0.174082 -0.00811796 0)
(0.172042 -0.00765644 0)
(0.169879 -0.00702539 0)
(0.167657 -0.00621056 0)
(0.165351 -0.00522749 0)
(0.163118 -0.00409643 0)
(0.160605 -0.00293644 0)
(0.158613 -0.00184067 0)
(0.155025 -0.00126265 0)
(0.100001 0.00124251 0)
(0.100477 0.00432484 0)
(0.101473 0.00815845 0)
(0.102966 0.0124203 0)
(0.105114 0.0170302 0)
(0.107926 0.0218033 0)
(0.111466 0.0266246 0)
(0.11573 0.0313377 0)
(0.120724 0.0357801 0)
(0.126416 0.0397643 0)
(0.132757 0.0430915 0)
(0.139644 0.0455505 0)
(0.146938 0.046961 0)
(0.154419 0.0471495 0)
(0.161841 0.0460782 0)
(0.168897 0.0437159 0)
(0.17529 0.0403499 0)
(0.180909 0.0360864 0)
(0.185577 0.0312587 0)
(0.189283 0.026156 0)
(0.192042 0.0209666 0)
(0.193901 0.015942 0)
(0.194974 0.0112475 0)
(0.195422 0.00692039 0)
(0.195372 0.00328094 0)
(0.194892 1.67733e-05 0)
(0.19408 -0.00254624 0)
(0.193067 -0.00457939 0)
(0.192021 -0.0060859 0)
(0.191018 -0.00711283 0)
(0.190106 -0.00776073 0)
(0.189301 -0.00812061 0)
(0.18858 -0.00829337 0)
(0.187901 -0.00834832 0)
(0.1872 -0.00834534 0)
(0.186435 -0.00828017 0)
(0.185573 -0.00819275 0)
(0.184562 -0.00807185 0)
(0.183384 -0.00790617 0)
(0.182025 -0.00767611 0)
(0.180487 -0.00736154 0)
(0.178783 -0.00694198 0)
(0.176938 -0.00639592 0)
(0.174976 -0.00570537 0)
(0.172956 -0.00484948 0)
(0.17084 -0.00384226 0)
(0.168784 -0.00268128 0)
(0.166422 -0.00148623 0)
(0.164542 -0.000323733 0)
(0.161021 0.0002573 0)
(0.0999805 0.0011144 0)
(0.100379 0.00386783 0)
(0.101331 0.00739793 0)
(0.102816 0.0112664 0)
(0.10506 0.0154521 0)
(0.108016 0.0197701 0)
(0.111744 0.0241313 0)
(0.116205 0.0283875 0)
(0.121389 0.0323881 0)
(0.127251 0.0359613 0)
(0.133728 0.0389301 0)
(0.14071 0.041108 0)
(0.14806 0.0423421 0)
(0.155564 0.0424848 0)
(0.162991 0.0415413 0)
(0.170077 0.0395232 0)
(0.176615 0.0365356 0)
(0.182432 0.0328004 0)
(0.18738 0.0285482 0)
(0.19143 0.0240215 0)
(0.194576 0.0194009 0)
(0.196853 0.014894 0)
(0.198348 0.0106398 0)
(0.199157 0.00675918 0)
(0.199415 0.00325105 0)
(0.1993 0.000376143 0)
(0.198772 -0.00203347 0)
(0.197908 -0.00396448 0)
(0.196952 -0.00544727 0)
(0.195965 -0.00649173 0)
(0.194997 -0.00717995 0)
(0.194081 -0.00758489 0)
(0.193212 -0.00778914 0)
(0.192373 -0.00785289 0)
(0.191525 -0.00782931 0)
(0.190639 -0.00772661 0)
(0.18969 -0.00757645 0)
(0.188643 -0.00737535 0)
(0.187482 -0.00711824 0)
(0.186193 -0.0067924 0)
(0.184774 -0.00638401 0)
(0.18323 -0.00587888 0)
(0.181578 -0.00526051 0)
(0.17983 -0.00451594 0)
(0.178031 -0.00361927 0)
(0.176143 -0.00258412 0)
(0.174309 -0.00138137 0)
(0.172149 -0.000133483 0)
(0.170431 0.00112884 0)
(0.167027 0.00174007 0)
(0.0999445 0.00103381 0)
(0.100217 0.0034522 0)
(0.101119 0.00666176 0)
(0.102599 0.0100772 0)
(0.104978 0.0137923 0)
(0.108109 0.0176244 0)
(0.112047 0.0215133 0)
(0.116714 0.0253148 0)
(0.122094 0.0288835 0)
(0.128131 0.0320605 0)
(0.134752 0.0346781 0)
(0.14184 0.0365944 0)
(0.14926 0.0376758 0)
(0.156805 0.0378422 0)
(0.164284 0.0370194 0)
(0.17147 0.0352246 0)
(0.178145 0.0326336 0)
(0.184143 0.0293758 0)
(0.189339 0.0256562 0)
(0.193684 0.0216765 0)
(0.197162 0.0176018 0)
(0.199793 0.0136064 0)
(0.20164 0.00981367 0)
(0.202789 0.00632088 0)
(0.203314 0.00319601 0)
(0.203431 0.000419915 0)
(0.203183 -0.00162665 0)
(0.202475 -0.00342127 0)
(0.201594 -0.00484281 0)
(0.200628 -0.00586332 0)
(0.199619 -0.0065551 0)
(0.198611 -0.0069774 0)
(0.197617 -0.00719773 0)
(0.196637 -0.00726765 0)
(0.195653 -0.00723329 0)
(0.19465 -0.00710883 0)
(0.193612 -0.00692006 0)
(0.192517 -0.00666803 0)
(0.191355 -0.00635121 0)
(0.190115 -0.00596134 0)
(0.188795 -0.00548867 0)
(0.187398 -0.00492329 0)
(0.185931 -0.00425198 0)
(0.184403 -0.00346673 0)
(0.182842 -0.00253634 0)
(0.181215 -0.00147882 0)
(0.17965 -0.000228366 0)
(0.177754 0.0010862 0)
(0.176257 0.00248581 0)
(0.173033 0.00316374 0)
(0.099883 0.00103469 0)
(0.0999425 0.00309057 0)
(0.100811 0.00595254 0)
(0.102308 0.00883115 0)
(0.104891 0.0120253 0)
(0.108236 0.0153483 0)
(0.112405 0.018761 0)
(0.117281 0.0221085 0)
(0.122849 0.0252544 0)
(0.129052 0.0280511 0)
(0.13581 0.0303755 0)
(0.143022 0.0320563 0)
(0.150537 0.0330009 0)
(0.158186 0.0331086 0)
(0.165765 0.0323946 0)
(0.173057 0.0308668 0)
(0.179867 0.0286323 0)
(0.186042 0.0258213 0)
(0.191461 0.022604 0)
(0.196065 0.0191497 0)
(0.199826 0.0156048 0)
(0.202754 0.0121158 0)
(0.204897 0.00879078 0)
(0.206324 0.00571529 0)
(0.207105 0.00292479 0)
(0.207389 0.000423432 0)
(0.207307 -0.00137222 0)
(0.206789 -0.00295737 0)
(0.205956 -0.00427129 0)
(0.20501 -0.00523101 0)
(0.203963 -0.00589363 0)
(0.202873 -0.00630816 0)
(0.201767 -0.00652933 0)
(0.200658 -0.00660057 0)
(0.199546 -0.00656106 0)
(0.198427 -0.0064269 0)
(0.197296 -0.00621924 0)
(0.196143 -0.00594144 0)
(0.194962 -0.00559372 0)
(0.193752 -0.00517048 0)
(0.192511 -0.0046643 0)
(0.191242 -0.00406767 0)
(0.18995 -0.00336907 0)
(0.188643 -0.00256411 0)
(0.187332 -0.00161447 0)
(0.185995 -0.000552953 0)
(0.184749 0.000743391 0)
(0.183184 0.00213077 0)
(0.181981 0.00370744 0)
(0.179023 0.00450094 0)
(0.0997791 0.00117326 0)
(0.0994533 0.00280634 0)
(0.100363 0.00525326 0)
(0.101937 0.00748406 0)
(0.104838 0.0101133 0)
(0.108434 0.0129198 0)
(0.112838 0.0158674 0)
(0.117906 0.0187942 0)
(0.123649 0.021537 0)
(0.130008 0.0239691 0)
(0.136923 0.0259548 0)
(0.144278 0.0274011 0)
(0.151926 0.0282136 0)
(0.159692 0.0283262 0)
(0.167385 0.027724 0)
(0.174806 0.0264267 0)
(0.181767 0.0245307 0)
(0.188119 0.0221444 0)
(0.193745 0.019409 0)
(0.198575 0.0164655 0)
(0.202578 0.0134404 0)
(0.205754 0.0104561 0)
(0.208138 0.00760451 0)
(0.209789 0.00496034 0)
(0.210772 0.00254295 0)
(0.211193 0.000349759 0)
(0.21119 -0.00127158 0)
(0.210834 -0.00252597 0)
(0.210041 -0.0037182 0)
(0.209098 -0.00459016 0)
(0.208005 -0.005196 0)
(0.206834 -0.00558091 0)
(0.205618 -0.00578889 0)
(0.204385 -0.00585578 0)
(0.203146 -0.00581416 0)
(0.20191 -0.0056796 0)
(0.200681 -0.00546926 0)
(0.199458 -0.00518738 0)
(0.198244 -0.00483475 0)
(0.197043 -0.00440725 0)
(0.195859 -0.00389858 0)
(0.194698 -0.00330214 0)
(0.193566 -0.00260715 0)
(0.192476 -0.00181084 0)
(0.191418 -0.000864511 0)
(0.190395 0.000168121 0)
(0.189515 0.00149855 0)
(0.188358 0.00295181 0)
(0.187536 0.00474115 0)
(0.184973 0.00571354 0)
(0.0996119 0.00157316 0)
(0.0984861 0.00260165 0)
(0.0996935 0.00451938 0)
(0.1015 0.00595513 0)
(0.104882 0.00800661 0)
(0.108744 0.0103381 0)
(0.113364 0.0128545 0)
(0.118593 0.0153565 0)
(0.124484 0.0176976 0)
(0.130995 0.0197645 0)
(0.138059 0.0214554 0)
(0.145562 0.0226779 0)
(0.153358 0.0233637 0)
(0.161272 0.023459 0)
(0.169115 0.022962 0)
(0.176691 0.021891 0)
(0.18382 0.0203234 0)
(0.190352 0.0183494 0)
(0.196171 0.0160846 0)
(0.201202 0.0136452 0)
(0.205408 0.0111363 0)
(0.208783 0.00865911 0)
(0.211357 0.00628855 0)
(0.213176 0.00408941 0)
(0.214298 0.00206881 0)
(0.21484 0.000203907 0)
(0.214861 -0.00116712 0)
(0.214551 -0.00218623 0)
(0.213812 -0.00318059 0)
(0.212845 -0.00393153 0)
(0.211691 -0.00445659 0)
(0.210427 -0.00479339 0)
(0.209097 -0.00497608 0)
(0.207737 -0.00503366 0)
(0.206368 -0.00499193 0)
(0.205009 -0.0048645 0)
(0.203673 -0.00466507 0)
(0.202367 -0.00439791 0)
(0.201104 -0.00406371 0)
(0.199891 -0.0036591 0)
(0.198741 -0.00317838 0)
(0.197665 -0.00261473 0)
(0.19667 -0.00195846 0)
(0.195787 -0.00120507 0)
(0.194973 -0.000290995 0)
(0.194287 0.000658679 0)
(0.193807 0.00198882 0)
(0.193147 0.00346355 0)
(0.192801 0.0055165 0)
(0.190857 0.00677558 0)
(0.0994024 0.00239358 0)
(0.0962767 0.00249901 0)
(0.0986398 0.00352053 0)
(0.101096 0.00406357 0)
(0.105143 0.0056488 0)
(0.109218 0.00759585 0)
(0.113981 0.00972744 0)
(0.119297 0.0118443 0)
(0.125283 0.013787 0)
(0.131919 0.0154844 0)
(0.139129 0.0168591 0)
(0.146797 0.0178495 0)
(0.154768 0.0184025 0)
(0.162863 0.0184828 0)
(0.17089 0.0180903 0)
(0.178652 0.0172419 0)
(0.185967 0.015999 0)
(0.192686 0.0144341 0)
(0.198688 0.0126386 0)
(0.203895 0.0107049 0)
(0.208267 0.00871652 0)
(0.211793 0.00675449 0)
(0.2145 0.00487607 0)
(0.216427 0.00313841 0)
(0.217634 0.00153108 0)
(0.218233 -1.85676e-05 0)
(0.218228 -0.00104063 0)
(0.217897 -0.00184899 0)
(0.217167 -0.00263442 0)
(0.216141 -0.00323973 0)
(0.214901 -0.00366457 0)
(0.213525 -0.00393817 0)
(0.212064 -0.00408642 0)
(0.210566 -0.00412871 0)
(0.209057 -0.00408629 0)
(0.207563 -0.00397178 0)
(0.206106 -0.003795 0)
(0.204702 -0.00355943 0)
(0.203368 -0.0032651 0)
(0.202122 -0.00290914 0)
(0.200979 -0.00248629 0)
(0.199962 -0.00198879 0)
(0.199078 -0.00141055 0)
(0.198386 -0.000739394 0)
(0.197788 9.77467e-05 0)
(0.197453 0.00091213 0)
(0.197354 0.00224659 0)
(0.197348 0.00369209 0)
(0.197574 0.00590196 0)
(0.196645 0.00742947 0)
(0.0985737 0.00622532 0)
(0.0897345 0.00284646 0)
(0.096944 0.00250541 0)
(0.101094 0.00182173 0)
(0.105849 0.00313144 0)
(0.109879 0.00482149 0)
(0.114589 0.00659668 0)
(0.119871 0.00830826 0)
(0.125879 0.00982085 0)
(0.132612 0.0111201 0)
(0.139969 0.0121614 0)
(0.147814 0.0129089 0)
(0.15599 0.0133409 0)
(0.16431 0.013406 0)
(0.172561 0.0131192 0)
(0.180541 0.0124953 0)
(0.188064 0.0115805 0)
(0.194974 0.0104294 0)
(0.201148 0.00910957 0)
(0.206502 0.00769019 0)
(0.210997 0.00623212 0)
(0.214615 0.00479679 0)
(0.217394 0.00342272 0)
(0.219354 0.00216117 0)
(0.220595 0.000981977 0)
(0.221135 -0.000171395 0)
(0.221078 -0.000882257 0)
(0.220636 -0.00151207 0)
(0.219844 -0.00205017 0)
(0.218709 -0.00248527 0)
(0.217342 -0.00279369 0)
(0.215818 -0.00299208 0)
(0.214198 -0.00309748 0)
(0.212526 -0.00312655 0)
(0.21085 -0.00309084 0)
(0.209199 -0.00299716 0)
(0.207599 -0.00285428 0)
(0.206075 -0.00266524 0)
(0.204647 -0.00242956 0)
(0.203341 -0.00214481 0)
(0.202178 -0.00180711 0)
(0.201188 -0.00140599 0)
(0.200388 -0.000946428 0)
(0.199845 -0.000392191 0)
(0.199464 0.000362239 0)
(0.19949 0.000889607 0)
(0.199759 0.002094 0)
(0.200559 0.00331609 0)
(0.201667 0.00576064 0)
(0.202284 0.0078357 0)
(0.100897 0.000527488 0)
(0.0675611 0.000603247 0)
(0.0957753 -0.00425035 0)
(0.101948 -0.00219755 0)
(0.107067 0.000324623 0)
(0.110479 0.00212435 0)
(0.114749 0.00359497 0)
(0.119822 0.00491557 0)
(0.125758 0.00596572 0)
(0.132556 0.00684108 0)
(0.140059 0.00752649 0)
(0.148105 0.0080052 0)
(0.156523 0.008237 0)
(0.1651 0.00826326 0)
(0.173609 0.00806948 0)
(0.181833 0.00766159 0)
(0.189575 0.00707034 0)
(0.196666 0.00633204 0)
(0.202981 0.00548998 0)
(0.208429 0.00459003 0)
(0.212977 0.00366903 0)
(0.216597 0.00276851 0)
(0.219352 0.00190993 0)
(0.221219 0.0011278 0)
(0.222414 0.000422173 0)
(0.222757 -0.000361857 0)
(0.222544 -0.000760081 0)
(0.221907 -0.00113482 0)
(0.220923 -0.00145917 0)
(0.21959 -0.00171824 0)
(0.218019 -0.0019006 0)
(0.216283 -0.00201557 0)
(0.214446 -0.00207149 0)
(0.212563 -0.0020789 0)
(0.210677 -0.00204319 0)
(0.208826 -0.00197399 0)
(0.207043 -0.0018734 0)
(0.205358 -0.00174339 0)
(0.203797 -0.00158223 0)
(0.202392 -0.0013896 0)
(0.201169 -0.00116039 0)
(0.200165 -0.000889808 0)
(0.199426 -0.000573807 0)
(0.198957 -0.000214165 0)
(0.198872 0.000379797 0)
(0.199235 0.000663121 0)
(0.199753 0.00164563 0)
(0.201677 0.00243196 0)
(0.203151 0.00474519 0)
(0.207721 0.0074292 0)
(0.0916917 0.0536753 0)
(0.154041 -0.00181814 0)
(0.123939 -0.00717189 0)
(0.110268 -0.0047387 0)
(0.109427 -0.00131322 0)
(0.109532 0.000201136 0)
(0.111863 0.00118413 0)
(0.116345 0.00205909 0)
(0.121881 0.00260031 0)
(0.128563 0.0030179 0)
(0.136079 0.0033381 0)
(0.144254 0.0035622 0)
(0.152831 0.00367858 0)
(0.161559 0.00368014 0)
(0.170212 0.00358158 0)
(0.178547 0.00338905 0)
(0.186351 0.00311776 0)
(0.193438 0.00278478 0)
(0.199685 0.00240923 0)
(0.20498 0.00201397 0)
(0.209324 0.00161223 0)
(0.212651 0.00122718 0)
(0.2151 0.000857301 0)
(0.216582 0.000548968 0)
(0.217389 0.00020282 0)
(0.217326 -2.46133e-05 0)
(0.216609 -0.00026893 0)
(0.215541 -0.000406767 0)
(0.214124 -0.000530972 0)
(0.212379 -0.000629996 0)
(0.210412 -0.000699561 0)
(0.208295 -0.00074329 0)
(0.206092 -0.000763763 0)
(0.203865 -0.000764965 0)
(0.201654 -0.000751718 0)
(0.199507 -0.000723622 0)
(0.197449 -0.000682143 0)
(0.195527 -0.000628766 0)
(0.193751 -0.000562751 0)
(0.192187 -0.000482666 0)
(0.190828 -0.000392281 0)
(0.189773 -0.000271321 0)
(0.189004 -0.000169013 0)
(0.18865 5.45247e-05 0)
(0.188698 0.000248418 0)
(0.189734 0.000314991 0)
(0.190094 0.000863975 0)
(0.194108 0.0010421 0)
(0.194988 0.00225113 0)
(0.207814 0.00445663 0)
)
;

boundaryField
{
    floor
    {
        type            noSlip;
    }
    ceiling
    {
        type            noSlip;
    }
    inlet
    {
        type            fixedValue;
        value           uniform (0.1 0 0);
    }
    outlet
    {
        type            inletOutlet;
        inletValue      uniform (0 0 0);
        value           nonuniform List<vector> 
40
(
(0.0115382 -0.00879557 0)
(0.00594775 -0.0121506 0)
(0.00603963 -0.0143739 0)
(0.0085391 -0.0159373 0)
(0.0121522 -0.017057 0)
(0.0164132 -0.0179301 0)
(0.0211087 -0.0186241 0)
(0.0261193 -0.0191644 0)
(0.0313695 -0.0195622 0)
(0.0368065 -0.0198217 0)
(0.0423905 -0.0199449 0)
(0.0480907 -0.0199325 0)
(0.0538816 -0.0197851 0)
(0.0597407 -0.0195039 0)
(0.0656494 -0.0190909 0)
(0.0715924 -0.0185492 0)
(0.0775569 -0.0178827 0)
(0.0835323 -0.0170962 0)
(0.0895104 -0.0161957 0)
(0.0954849 -0.015188 0)
(0.101452 -0.0140808 0)
(0.10741 -0.0128825 0)
(0.11336 -0.0116024 0)
(0.119303 -0.0102502 0)
(0.125242 -0.00883661 0)
(0.131181 -0.00737276 0)
(0.137125 -0.00587037 0)
(0.143078 -0.00434202 0)
(0.149044 -0.00280121 0)
(0.155025 -0.00126265 0)
(0.161021 0.0002573 0)
(0.167027 0.00174007 0)
(0.173033 0.00316374 0)
(0.179023 0.00450094 0)
(0.184973 0.00571354 0)
(0.190857 0.00677558 0)
(0.196645 0.00742947 0)
(0.202284 0.0078357 0)
(0.207721 0.0074292 0)
(0.207814 0.00445663 0)
)
;
    }
    fixedWalls
    {
        type            empty;
    }
    baffleFacesThermoBaffle1D_master
    {
        type            fixedValue;
        value           uniform (0 0 0);
    }
    baffleFacesThermoBaffle1D_slave
    {
        type            fixedValue;
        value           uniform (0 0 0);
    }
    baffleFacesThermoBaffle3D_master
    {
        type            fixedValue;
        value           uniform (0 0 0);
    }
    baffleFacesThermoBaffle3D_slave
    {
        type            fixedValue;
        value           uniform (0 0 0);
    }
}


// ************************************************************************* //
