/*--------------------------------*- C++ -*----------------------------------*\
| =========                 |                                                 |
| \\      /  F ield         | OpenFOAM: The Open Source CFD Toolbox           |
|  \\    /   O peration     | Version:  v1906                                 |
|   \\  /    A nd           | Web:      www.OpenFOAM.com                      |
|    \\/     M anipulation  |                                                 |
\*---------------------------------------------------------------------------*/
FoamFile
{
    version     2.0;
    format      ascii;
    class       volScalarField;
    location    "0.5";
    object      p;
}
// * * * * * * * * * * * * * * * * * * * * * * * * * * * * * * * * * * * * * //

dimensions      [0 2 -2 0 0 0 0];


internalField   nonuniform List<scalar> 
4800
(
-8.66383e-11
0.000157859
0.000117855
0.000130133
1.54754e-05
0.000166393
0.000172469
0.000384448
0.000456653
0.00053582
0.00057416
0.0006529
0.000695366
0.000622052
0.000679676
0.000906771
0.00129139
0.00179778
0.00239794
0.0030626
9.57177e-06
0.000141521
0.000119731
0.000119684
3.95731e-05
0.000163076
0.000202393
0.000377377
0.000465245
0.00052519
0.000581743
0.000653159
0.000703085
0.000624172
0.000683643
0.000901875
0.0012895
0.00173378
0.00216759
0.00266792
1.42156e-05
0.000137682
0.000120135
0.000119086
4.21684e-05
0.000162388
0.000214213
0.000375591
0.000468773
0.00052259
0.000584646
0.00065741
0.000708241
0.000629377
0.000684224
0.000887868
0.00122071
0.00159841
0.00196309
0.00238778
2.52824e-05
0.000125529
0.000121084
0.000114803
5.46948e-05
0.000162919
0.00022679
0.000378151
0.000465469
0.000528232
0.000580845
0.000666224
0.00071206
0.000632938
0.000678219
0.000866393
0.00114272
0.00145548
0.00177044
0.00214082
2.91361e-05
0.000118978
0.000121221
0.000113068
6.20641e-05
0.000165555
0.000236219
0.000385667
0.000462076
0.000534767
0.000583525
0.000671393
0.000721273
0.000631933
0.00065857
0.000812394
0.00103323
0.00130854
0.00158249
0.0019002
3.62309e-05
0.000108617
0.000119994
0.000115221
6.81723e-05
0.000171199
0.000243856
0.000394338
0.000460134
0.000536001
0.00059475
0.000675063
0.00072543
0.0006227
0.000616901
0.00073721
0.000918729
0.00116436
0.00139921
0.00166715
4.11514e-05
0.000103952
0.000117748
0.000116544
7.23594e-05
0.000177562
0.000252838
0.000399384
0.000468563
0.000533898
0.000605368
0.000681454
0.000721033
0.000601418
0.000556418
0.000651101
0.000803402
0.0010148
0.0012132
0.00143864
4.52564e-05
0.000100108
0.000113876
0.000118448
7.6592e-05
0.000182245
0.000266618
0.000399309
0.000477206
0.000537962
0.000610932
0.000688521
0.000706892
0.000561856
0.000484494
0.000559819
0.000686865
0.00085821
0.00102399
0.00121583
4.75224e-05
9.88364e-05
0.000109606
0.00011968
8.3316e-05
0.000183878
0.00028334
0.000401181
0.000480906
0.000551102
0.000613731
0.00068176
0.000682226
0.000512677
0.000404411
0.000463368
0.000567789
0.000696821
0.000831824
0.000997199
4.78528e-05
9.97943e-05
0.000106416
0.00011828
9.35351e-05
0.000183587
0.000298188
0.00041211
0.00047931
0.000560207
0.000620817
0.000659303
0.000641382
0.000458114
0.000321564
0.000359813
0.000444641
0.000533835
0.000636377
0.000780839
4.61633e-05
0.00010177
0.000106689
0.000113934
0.000105866
0.000185828
0.000307294
0.00043065
0.000481283
0.000558626
0.000626041
0.000634576
0.000584083
0.000395951
0.000236338
0.000248232
0.000315505
0.000371602
0.000439919
0.000565848
4.31098e-05
0.000102852
0.000111704
0.000108165
0.000114862
0.000194106
0.000311705
0.000445377
0.000493818
0.00054653
0.000613508
0.000606754
0.000525081
0.000326982
0.000148001
0.000130906
0.000178994
0.000207912
0.000243505
0.000350458
3.96812e-05
0.000101288
0.000121178
9.9547e-05
0.00011544
0.000207446
0.000318481
0.000450192
0.000509108
0.000539375
0.000581383
0.000565796
0.00046464
0.000255077
5.66538e-05
1.07258e-05
3.73654e-05
4.05248e-05
4.71883e-05
0.000135126
3.73879e-05
9.61217e-05
0.000131668
0.000103458
0.000108258
0.000218745
0.000331617
0.000442962
0.000510486
0.000537246
0.000548999
0.000510984
0.000396031
0.000179186
-3.7308e-05
-0.000113752
-0.00010871
-0.000128507
-0.000147835
-7.79651e-05
3.63666e-05
8.73883e-05
0.000138519
0.000119025
0.000101097
0.000219035
0.000349937
0.000440299
0.000494631
0.000523721
0.000520197
0.000456012
0.000319135
9.62583e-05
-0.000133824
-0.000242312
-0.000260024
-0.000297055
-0.000339693
-0.000288643
3.64961e-05
7.76152e-05
0.000138811
0.000141238
0.000104089
0.000204031
0.000361582
0.000447173
0.000469974
0.000491248
0.000487497
0.000405629
0.000241975
5.76022e-06
-0.000235536
-0.000372149
-0.000414534
-0.000465704
-0.000527229
-0.00049622
3.66694e-05
6.99246e-05
0.000131351
0.000162539
0.000122848
0.000184885
0.0003523
0.000456623
0.000452467
0.000442831
0.000440167
0.000355532
0.000168244
-8.77126e-05
-0.000343076
-0.000503948
-0.000569693
-0.000634948
-0.000710694
-0.000696625
3.56932e-05
6.53714e-05
0.00011865
0.000174551
0.000159158
0.000178134
0.000317542
0.000442746
0.000442614
0.00040031
0.000378334
0.000295486
9.50569e-05
-0.000180769
-0.000453203
-0.000639487
-0.000725764
-0.000802104
-0.000889013
-0.000886731
3.30958e-05
6.33762e-05
0.000108593
0.000173629
0.000191705
0.000189368
0.000274404
0.000397326
0.000419802
0.00036793
0.000319385
0.000226851
1.85623e-05
-0.000274849
-0.000564404
-0.000776102
-0.000884319
-0.000966771
-0.00106058
-0.00106751
2.8678e-05
6.20892e-05
0.000103334
0.000159762
0.000210326
0.000221026
0.000248273
0.000324281
0.000364881
0.000332236
0.000270025
0.000161445
-5.89752e-05
-0.000369595
-0.000676609
-0.000910076
-0.00104382
-0.00113341
-0.0012268
-0.00123999
2.35693e-05
5.95844e-05
0.000102136
0.000144096
0.000207814
0.000247274
0.000247477
0.000256359
0.000274342
0.000268546
0.00022257
0.000104954
-0.000129772
-0.000459287
-0.000787019
-0.00104149
-0.00119936
-0.00130233
-0.00139216
-0.00140483
1.85427e-05
5.42061e-05
0.000102561
0.00013161
0.000184915
0.0002536
0.000260688
0.000209575
0.000173339
0.000169647
0.000153201
5.13103e-05
-0.000190411
-0.00053765
-0.000888212
-0.00116762
-0.00134748
-0.00146575
-0.00155759
-0.00156615
1.41295e-05
4.59978e-05
9.9479e-05
0.000122886
0.00015483
0.000234672
0.000264017
0.000185709
8.67654e-05
5.09273e-05
5.23566e-05
-1.83826e-05
-0.00024594
-0.000603864
-0.000974457
-0.00127739
-0.00148408
-0.00161738
-0.001715
-0.00172533
9.66241e-06
3.57825e-05
9.12164e-05
0.000115764
0.000123745
0.000190869
0.000245827
0.000170154
2.21368e-05
-6.38488e-05
-7.29228e-05
-0.000115213
-0.000311594
-0.000663063
-0.00104608
-0.00136662
-0.00159913
-0.00175089
-0.00185479
-0.00187335
4.54937e-06
2.38544e-05
7.64733e-05
0.000105936
9.43809e-05
0.00013617
0.000201721
0.000145839
-2.55468e-05
-0.000164827
-0.000203193
-0.000234962
-0.00039636
-0.000724847
-0.00111096
-0.00143939
-0.00168733
-0.00185716
-0.00196867
-0.00199916
-2.25955e-06
1.1117e-05
5.53408e-05
8.84986e-05
6.59123e-05
7.59616e-05
0.000136545
0.000104185
-6.87235e-05
-0.000249593
-0.000328627
-0.000363887
-0.000498292
-0.000795242
-0.0011734
-0.00150733
-0.00175478
-0.00193205
-0.00205164
-0.00209134
-1.16379e-05
-4.17729e-06
2.98202e-05
6.32553e-05
3.50769e-05
1.47907e-05
5.61313e-05
4.30147e-05
-0.000115637
-0.000323009
-0.000444785
-0.000495442
-0.000608048
-0.000872259
-0.00123446
-0.00157224
-0.00181863
-0.00198636
-0.0021026
-0.00214621
-2.43108e-05
-2.14799e-05
-1.35004e-06
2.88284e-05
-1.49925e-08
-4.65339e-05
-3.28172e-05
-3.70881e-05
-0.000171139
-0.000387296
-0.000549748
-0.000626314
-0.000723406
-0.000950676
-0.00129063
-0.00162884
-0.00187978
-0.00203838
-0.00213549
-0.00216855
-4.17232e-05
-4.21554e-05
-3.64009e-05
-1.50718e-05
-4.18443e-05
-0.000107259
-0.00012616
-0.000132416
-0.000240194
-0.000448114
-0.000639705
-0.00075074
-0.000844255
-0.00103142
-0.00133809
-0.00167112
-0.00193005
-0.00208902
-0.00216789
-0.00217847
-6.42741e-05
-6.73509e-05
-7.47202e-05
-6.73121e-05
-9.28824e-05
-0.000167919
-0.000219037
-0.000238729
-0.000324271
-0.000512397
-0.000716993
-0.000859993
-0.000965761
-0.00112008
-0.00137978
-0.00169558
-0.00196138
-0.00212808
-0.00219957
-0.00219004
-9.27242e-05
-9.7778e-05
-0.000116256
-0.00012635
-0.000153963
-0.000231101
-0.000307055
-0.000350683
-0.000423688
-0.000584132
-0.000787657
-0.000952403
-0.00107603
-0.00121622
-0.00142536
-0.00170532
-0.00196894
-0.00214388
-0.00221976
-0.00220131
-0.000127056
-0.000134933
-0.000161139
-0.000188744
-0.000224209
-0.000299824
-0.000390989
-0.000459582
-0.000533508
-0.000668238
-0.000856157
-0.00103215
-0.00116975
-0.00130756
-0.00148071
-0.00170942
-0.0019536
-0.00213176
-0.0022153
-0.00220075
-0.000166627
-0.0001784
-0.000210857
-0.00025265
-0.000300312
-0.000376001
-0.000473547
-0.000561879
-0.000645741
-0.000764201
-0.000928992
-0.00110298
-0.00124852
-0.00138466
-0.00153699
-0.00171852
-0.00192413
-0.00209445
-0.00218308
-0.00217985
-0.000211341
-0.000227429
-0.000265471
-0.000317951
-0.000378269
-0.000457526
-0.000557297
-0.000658049
-0.000753382
-0.000865196
-0.00100919
-0.00117005
-0.00131544
-0.00144609
-0.00158287
-0.00173065
-0.00189208
-0.00203969
-0.00212835
-0.00213846
-0.000260271
-0.000280649
-0.000324158
-0.000384575
-0.000455656
-0.000540886
-0.000642253
-0.00074932
-0.000853548
-0.000964729
-0.00109365
-0.0012371
-0.00137402
-0.00149511
-0.00161487
-0.00173699
-0.00186089
-0.00197906
-0.00206059
-0.00208184
-0.000312187
-0.000336241
-0.000384941
-0.000451731
-0.000530896
-0.000622546
-0.000726263
-0.000836294
-0.000945399
-0.00105685
-0.0011763
-0.00130388
-0.00142838
-0.00153774
-0.00163773
-0.00173568
-0.00182985
-0.00191841
-0.00198637
-0.00201542
-0.000365023
-0.000392161
-0.000445187
-0.000517313
-0.000602539
-0.000699634
-0.000806071
-0.000917774
-0.00102849
-0.00113849
-0.00125038
-0.00136477
-0.00147691
-0.00157814
-0.00166552
-0.00174373
-0.00181186
-0.0018693
-0.00191402
-0.0019388
-0.000415887
-0.000445482
-0.000501821
-0.000578288
-0.000668084
-0.000769021
-0.000877941
-0.000990953
-0.00110237
-0.00121049
-0.00131519
-0.00141608
-0.00151103
-0.00159696
-0.00167222
-0.00174052
-0.00180313
-0.00185861
-0.00190482
-0.00193698
-0.000461938
-0.000492952
-0.000551022
-0.000629995
-0.00072273
-0.000825904
-0.000936075
-0.00104981
-0.00116175
-0.00126916
-0.00137059
-0.00146541
-0.00155142
-0.00162636
-0.00168797
-0.00173737
-0.00177777
-0.00181157
-0.0018413
-0.00186906
-0.000502929
-0.000537784
-0.000599355
-0.000681841
-0.000778566
-0.000885237
-0.000997703
-0.00111286
-0.00122562
-0.00133258
-0.00143124
-0.00152072
-0.00159919
-0.00166517
-0.00171737
-0.00175674
-0.00178648
-0.00181064
-0.00183359
-0.00185984
0.00386871
0.00402664
0.00378744
0.00352253
0.00331963
0.00311997
0.00285238
0.00250556
0.00210771
0.00169176
0.00128992
0.000909625
0.000538367
0.000172221
-0.000186169
-0.000550233
-0.000955337
-0.00139687
-0.0018664
-0.0023955
-0.00298751
-0.0036332
-0.00434554
-0.00514435
-0.00597014
-0.00670384
-0.00729244
-0.00768702
-0.00784817
-0.00778767
-0.00753769
-0.00719867
-0.00685873
-0.00653814
-0.00627895
-0.00611648
-0.0060529
-0.00601793
-0.00593797
-0.00590859
-0.00598534
-0.00606474
-0.00615838
-0.00625481
-0.00624506
-0.00628701
-0.0064965
-0.00664228
-0.00663482
-0.00664492
-0.00676068
-0.00690149
-0.00693504
-0.00692876
-0.00701967
-0.00711536
-0.00714795
-0.0072027
-0.00726751
-0.00731117
-0.00736441
-0.00739516
-0.00741335
-0.00746859
-0.00750773
-0.00751027
-0.00754955
-0.00761065
-0.00762585
-0.00763428
-0.0076803
-0.00772634
-0.00774787
-0.00777256
-0.00781463
-0.00785536
-0.00789228
-0.00793107
-0.00797378
-0.00801804
-0.00806089
-0.00810793
-0.00815415
-0.00820372
-0.00825356
-0.00830448
-0.00835871
-0.00841232
-0.00846951
-0.0085278
-0.00858625
-0.00864892
-0.00870982
-0.0087734
-0.00883836
-0.00890144
-0.00896454
-0.00903008
-0.00907612
-0.00911707
0.00324903
0.00364592
0.00367825
0.00350252
0.00329953
0.00308665
0.00281593
0.00247322
0.00208012
0.00166717
0.00126646
0.000887012
0.000516126
0.000149029
-0.000209727
-0.000572088
-0.000975309
-0.00141635
-0.00188339
-0.00240727
-0.0029944
-0.00363632
-0.00434082
-0.00512593
-0.00594037
-0.00666443
-0.00724762
-0.00764705
-0.00781703
-0.00776467
-0.00752097
-0.00718572
-0.00684805
-0.00652958
-0.00627186
-0.00611026
-0.00604774
-0.00601326
-0.00593293
-0.00590465
-0.00598232
-0.00606063
-0.00615458
-0.0062525
-0.00624223
-0.0062836
-0.00649428
-0.00664031
-0.00663233
-0.00664244
-0.00675908
-0.00690041
-0.00693391
-0.00692721
-0.00701866
-0.00711462
-0.00714704
-0.00720201
-0.00726711
-0.00731078
-0.00736415
-0.00739489
-0.00741303
-0.00746849
-0.0075077
-0.00751006
-0.00754946
-0.00761077
-0.00762588
-0.0076342
-0.00768033
-0.00772643
-0.00774789
-0.00777255
-0.00781466
-0.00785539
-0.00789229
-0.00793108
-0.00797379
-0.00801805
-0.00806088
-0.00810794
-0.00815416
-0.00820372
-0.00825356
-0.00830448
-0.00835871
-0.00841231
-0.00846951
-0.0085278
-0.00858625
-0.00864892
-0.00870982
-0.0087734
-0.00883837
-0.00890144
-0.00896453
-0.00903011
-0.00907617
-0.00911709
0.00292353
0.0034209
0.00362221
0.00353656
0.00333584
0.0030961
0.00280481
0.00245393
0.00205834
0.00164371
0.00124078
0.000859514
0.000487361
0.000117067
-0.000244583
-0.000605326
-0.00100357
-0.00144292
-0.00190819
-0.00242415
-0.00300265
-0.00363853
-0.00433101
-0.00509084
-0.00587587
-0.00657538
-0.00714193
-0.00753756
-0.00772137
-0.00769323
-0.00747334
-0.00715676
-0.00683069
-0.00651987
-0.00626918
-0.00611068
-0.00604757
-0.00601344
-0.00593521
-0.00590727
-0.00598418
-0.00606124
-0.00615337
-0.00625151
-0.00624302
-0.00628392
-0.0064921
-0.00663668
-0.00662972
-0.00664088
-0.00675672
-0.00689728
-0.00693115
-0.00692505
-0.00701682
-0.00711268
-0.00714493
-0.00720004
-0.00726516
-0.00730877
-0.00736246
-0.00739355
-0.00741176
-0.0074674
-0.00750683
-0.00750924
-0.00754866
-0.00761008
-0.00762531
-0.00763377
-0.00767999
-0.00772613
-0.00774766
-0.00777241
-0.00781458
-0.0078553
-0.00789223
-0.00793104
-0.00797377
-0.00801803
-0.00806088
-0.00810795
-0.00815417
-0.00820374
-0.00825358
-0.0083045
-0.00835874
-0.00841233
-0.00846953
-0.00852781
-0.00858626
-0.00864893
-0.00870983
-0.0087734
-0.00883838
-0.00890145
-0.00896456
-0.00903016
-0.00907644
-0.00911732
0.00263392
0.00316913
0.00347931
0.00349037
0.00332471
0.00308072
0.00277557
0.00241615
0.00201701
0.00160165
0.0011986
0.000818073
0.000446971
7.45503e-05
-0.000288361
-0.000645952
-0.00103758
-0.00147542
-0.00194073
-0.00244597
-0.00301282
-0.00363995
-0.0043158
-0.00504594
-0.00579468
-0.00646713
-0.00701593
-0.00740647
-0.00760571
-0.00760439
-0.00741308
-0.00712011
-0.00680843
-0.00650823
-0.00626574
-0.00610915
-0.00604399
-0.00600964
-0.00593337
-0.00590692
-0.0059849
-0.00606039
-0.00614738
-0.00624488
-0.00624216
-0.00628451
-0.00648693
-0.00662796
-0.00662362
-0.00663735
-0.00675146
-0.00688994
-0.00692537
-0.00692135
-0.00701264
-0.00710781
-0.00714063
-0.00719605
-0.00726109
-0.00730492
-0.00735899
-0.00739043
-0.00740893
-0.00746478
-0.00750465
-0.00750755
-0.007547
-0.00760838
-0.007624
-0.00763285
-0.00767907
-0.0077252
-0.00774698
-0.00777197
-0.0078142
-0.00785494
-0.00789193
-0.00793081
-0.00797357
-0.00801786
-0.00806074
-0.00810785
-0.00815409
-0.00820369
-0.00825355
-0.00830448
-0.00835874
-0.00841234
-0.00846955
-0.00852784
-0.00858629
-0.00864896
-0.00870986
-0.00877343
-0.00883841
-0.00890148
-0.00896462
-0.00903024
-0.00907694
-0.00911778
0.00235779
0.00290688
0.00330109
0.0034099
0.00329865
0.00306634
0.00275743
0.00239073
0.0019846
0.00156398
0.00115684
0.000775681
0.00040553
3.1596e-05
-0.000332187
-0.000688167
-0.00107379
-0.00150882
-0.00197392
-0.00246711
-0.00301905
-0.00363462
-0.00429175
-0.00498965
-0.00570109
-0.00634788
-0.00688173
-0.00726707
-0.00747897
-0.00750398
-0.00734324
-0.00707658
-0.00678253
-0.00649512
-0.00626063
-0.00610545
-0.00603785
-0.00600292
-0.0059301
-0.00590669
-0.00598579
-0.00605924
-0.00613966
-0.00623636
-0.006242
-0.00628643
-0.00648065
-0.00661696
-0.00661633
-0.00663373
-0.00674518
-0.00688023
-0.00691792
-0.00691667
-0.00700677
-0.00710123
-0.00713512
-0.00719063
-0.00725526
-0.00729912
-0.00735339
-0.00738559
-0.00740477
-0.00746071
-0.00750118
-0.00750492
-0.00754424
-0.0076054
-0.00762173
-0.00763125
-0.00767737
-0.00772348
-0.00774572
-0.00777111
-0.00781341
-0.00785419
-0.00789131
-0.0079303
-0.00797313
-0.00801748
-0.00806044
-0.00810761
-0.0081539
-0.00820354
-0.00825346
-0.00830443
-0.00835872
-0.00841235
-0.00846958
-0.00852788
-0.00858634
-0.008649
-0.00870992
-0.00877347
-0.00883848
-0.00890153
-0.00896474
-0.00903035
-0.00907759
-0.00911845
0.00209233
0.00264693
0.0031098
0.00330823
0.00325847
0.00304936
0.00274509
0.00237348
0.00195731
0.00152647
0.00111146
0.000727421
0.000358967
-1.45458e-05
-0.00037838
-0.000732908
-0.00111269
-0.00154118
-0.00200399
-0.00248607
-0.00302121
-0.00362338
-0.00426203
-0.00492975
-0.00560434
-0.00622515
-0.00674636
-0.00712601
-0.00734727
-0.00739712
-0.00726726
-0.00702878
-0.00675468
-0.00648122
-0.00625553
-0.00610164
-0.00603059
-0.0059952
-0.00592691
-0.00590665
-0.00598617
-0.00605725
-0.00613146
-0.00622827
-0.00624264
-0.00628813
-0.00647299
-0.00660468
-0.00660856
-0.00662979
-0.00673795
-0.00686917
-0.00690947
-0.00691132
-0.00699998
-0.00709355
-0.00712857
-0.00718412
-0.00724833
-0.00729231
-0.00734694
-0.00738009
-0.0073999
-0.00745572
-0.00749687
-0.00750164
-0.00754077
-0.00760169
-0.00761898
-0.00762929
-0.00767524
-0.0077213
-0.00774411
-0.00776995
-0.00781233
-0.00785316
-0.00789045
-0.00792959
-0.00797251
-0.00801695
-0.00805999
-0.00810725
-0.0081536
-0.00820331
-0.00825329
-0.00830431
-0.00835866
-0.00841232
-0.00846959
-0.0085279
-0.00858639
-0.00864905
-0.00871
-0.00877353
-0.00883856
-0.00890159
-0.00896489
-0.00903049
-0.00907831
-0.00911926
0.00183534
0.00239458
0.0029116
0.00318732
0.00320073
0.0030222
0.00272771
0.0023574
0.00193253
0.00148915
0.00106412
0.000674898
0.000308008
-6.38032e-05
-0.000426573
-0.000779281
-0.00115332
-0.00157357
-0.00203306
-0.00250523
-0.00302337
-0.00360942
-0.00422858
-0.00486857
-0.00550625
-0.0060995
-0.00660942
-0.0069842
-0.0072128
-0.00728429
-0.00718497
-0.00697674
-0.00672371
-0.00646563
-0.00625024
-0.00609732
-0.00602205
-0.00598642
-0.00592304
-0.00590568
-0.00598519
-0.00605478
-0.00612398
-0.00622035
-0.00624235
-0.00628853
-0.00646436
-0.00659196
-0.0066003
-0.00662504
-0.00672994
-0.00685727
-0.00690018
-0.00690537
-0.00699252
-0.00708503
-0.00712136
-0.0071771
-0.00724085
-0.00728494
-0.00733991
-0.00737398
-0.00739446
-0.00745024
-0.00749215
-0.00749799
-0.0075369
-0.00759757
-0.0076159
-0.00762705
-0.00767281
-0.00771885
-0.0077423
-0.00776863
-0.00781108
-0.00785196
-0.00788946
-0.00792876
-0.00797177
-0.00801631
-0.00805947
-0.00810681
-0.00815325
-0.00820302
-0.00825308
-0.00830416
-0.00835858
-0.00841228
-0.00846959
-0.00852792
-0.00858645
-0.0086491
-0.00871009
-0.0087736
-0.00883867
-0.00890167
-0.00896508
-0.00903066
-0.00907904
-0.00912015
0.00158743
0.00215013
0.00270771
0.00304786
0.00312436
0.00298264
0.00270186
0.00233868
0.00191068
0.00145469
0.00101746
0.000620066
0.000251507
-0.00011818
-0.000479257
-0.000829028
-0.0011961
-0.00160829
-0.00206292
-0.00252441
-0.00302404
-0.00359071
-0.00418988
-0.00480448
-0.00540741
-0.00597237
-0.00647104
-0.00684305
-0.00707665
-0.00716487
-0.00709469
-0.00691821
-0.0066882
-0.00644731
-0.00624359
-0.0060925
-0.00601298
-0.0059764
-0.00591788
-0.00590343
-0.00598313
-0.00605246
-0.00611652
-0.00621081
-0.0062404
-0.00628842
-0.00645563
-0.00657878
-0.00659115
-0.00661951
-0.00672135
-0.00684457
-0.0068901
-0.00689893
-0.00698453
-0.00707593
-0.00711372
-0.0071696
-0.00723273
-0.00727693
-0.00733231
-0.00736743
-0.00738869
-0.00744442
-0.00748705
-0.00749399
-0.00753268
-0.00759312
-0.00761255
-0.00762461
-0.00767018
-0.00771621
-0.00774033
-0.00776717
-0.0078097
-0.00785065
-0.00788836
-0.00792784
-0.00797096
-0.0080156
-0.00805888
-0.00810633
-0.00815285
-0.0082027
-0.00825285
-0.00830399
-0.00835849
-0.00841223
-0.00846959
-0.00852793
-0.00858651
-0.00864914
-0.00871019
-0.00877366
-0.00883879
-0.00890172
-0.00896529
-0.00903085
-0.00907977
-0.00912111
0.00134629
0.00191017
0.00249848
0.00289422
0.00303229
0.00293164
0.00266736
0.00231276
0.00188878
0.00142257
0.000970636
0.000562069
0.00018886
-0.000178397
-0.000537001
-0.000881091
-0.0012396
-0.0016438
-0.00209146
-0.00254169
-0.00302111
-0.0035671
-0.00414812
-0.00473934
-0.00530889
-0.00584441
-0.00633046
-0.00670035
-0.00693785
-0.0070391
-0.00699532
-0.00685238
-0.00664909
-0.00642643
-0.00623501
-0.00608725
-0.00600366
-0.00596477
-0.00591062
-0.00590005
-0.00598063
-0.00604931
-0.00610748
-0.00619979
-0.00623822
-0.00628898
-0.00644672
-0.00656438
-0.00658101
-0.00661352
-0.00671222
-0.00683106
-0.00687936
-0.00689211
-0.00697612
-0.00706625
-0.00710546
-0.00716146
-0.00722402
-0.00726842
-0.00732428
-0.00736049
-0.00738252
-0.00743811
-0.00748151
-0.00748967
-0.00752816
-0.00758835
-0.00760895
-0.00762197
-0.00766733
-0.00771336
-0.00773819
-0.00776558
-0.00780819
-0.00784922
-0.00788716
-0.00792683
-0.00797008
-0.00801484
-0.00805825
-0.0081058
-0.00815242
-0.00820234
-0.00825259
-0.0083038
-0.00835838
-0.00841216
-0.00846958
-0.00852793
-0.00858657
-0.00864919
-0.0087103
-0.00877373
-0.00883893
-0.00890181
-0.00896552
-0.00903108
-0.00908049
-0.00912213
0.00111079
0.0016738
0.00228777
0.00273107
0.00292596
0.00286741
0.00262186
0.00227587
0.00186136
0.00139157
0.000923344
0.000502022
0.000123664
-0.000242118
-0.000597662
-0.000934699
-0.00128385
-0.0016796
-0.00211834
-0.00255751
-0.00301686
-0.00354043
-0.00410474
-0.00467325
-0.00520782
-0.00571417
-0.00618764
-0.00655546
-0.00679838
-0.00691042
-0.00688798
-0.00677881
-0.0066053
-0.00640202
-0.00622352
-0.00608054
-0.00599401
-0.00595209
-0.0059017
-0.00589607
-0.00597724
-0.00604412
-0.00609715
-0.00618884
-0.00623673
-0.00628963
-0.00643648
-0.00654834
-0.00657013
-0.00660736
-0.00670278
-0.00681684
-0.0068679
-0.00688486
-0.00696716
-0.00705568
-0.00709643
-0.00715285
-0.00721485
-0.00725935
-0.0073157
-0.00735306
-0.00737587
-0.00743133
-0.00747558
-0.00748503
-0.00752327
-0.0075832
-0.00760506
-0.0076191
-0.00766426
-0.00771028
-0.00773588
-0.00776384
-0.00780655
-0.00784767
-0.00788587
-0.00792575
-0.00796912
-0.00801401
-0.00805757
-0.00810522
-0.00815195
-0.00820195
-0.00825231
-0.00830359
-0.00835826
-0.00841208
-0.00846957
-0.00852793
-0.00858664
-0.00864924
-0.00871042
-0.00877382
-0.00883909
-0.00890191
-0.00896576
-0.00903134
-0.00908118
-0.00912319
0.000880793
0.00144095
0.00207734
0.00256064
0.00280492
0.00278816
0.0025645
0.00222753
0.00182471
0.00136024
0.000877757
0.000441488
5.73946e-05
-0.000307839
-0.000660595
-0.000991935
-0.00133121
-0.00171618
-0.00214328
-0.00257132
-0.0030117
-0.00351097
-0.00405768
-0.00460404
-0.00510478
-0.00558364
-0.00604494
-0.00641032
-0.00665863
-0.00677914
-0.00677268
-0.00669508
-0.00655447
-0.00637401
-0.00620991
-0.00607261
-0.00598382
-0.00593913
-0.00589237
-0.0058909
-0.00597154
-0.0060372
-0.00608668
-0.00617796
-0.00623456
-0.006289
-0.00642502
-0.00653165
-0.00655897
-0.00660104
-0.00669301
-0.00680163
-0.0068552
-0.00687685
-0.00695752
-0.00704432
-0.00708689
-0.00714387
-0.00720509
-0.00724959
-0.00730651
-0.00734507
-0.00736867
-0.00742402
-0.00746917
-0.00747998
-0.00751801
-0.00757771
-0.00760092
-0.007616
-0.00766093
-0.00770696
-0.00773338
-0.00776195
-0.00780476
-0.00784599
-0.00788447
-0.00792457
-0.00796808
-0.0080131
-0.00805681
-0.00810459
-0.00815144
-0.00820153
-0.00825201
-0.00830336
-0.00835813
-0.00841199
-0.00846956
-0.00852792
-0.00858671
-0.00864929
-0.00871055
-0.0087739
-0.00883925
-0.00890202
-0.00896601
-0.00903163
-0.00908187
-0.00912429
0.000655867
0.00121305
0.00186821
0.00238544
0.00266974
0.00269401
0.00249551
0.00216863
0.00177747
0.00132482
0.000834744
0.000380293
-1.16791e-05
-0.000375386
-0.000725576
-0.0010529
-0.00138193
-0.00175124
-0.00216549
-0.00258316
-0.00300478
-0.00348089
-0.00400673
-0.00453093
-0.00500402
-0.00545449
-0.00590112
-0.00626429
-0.00651619
-0.00664453
-0.00665211
-0.00660262
-0.0064964
-0.00634267
-0.00619475
-0.00606274
-0.00597151
-0.00592561
-0.005883
-0.00588379
-0.00596328
-0.00602934
-0.00607592
-0.00616563
-0.00623066
-0.00628798
-0.00641403
-0.00651484
-0.00654667
-0.00659345
-0.00668233
-0.00678532
-0.00684136
-0.00686831
-0.0069477
-0.00703252
-0.00707667
-0.00713409
-0.00719448
-0.00723904
-0.00729661
-0.00733651
-0.00736102
-0.00741628
-0.00746237
-0.00747458
-0.00751238
-0.00757183
-0.00759643
-0.00761261
-0.00765731
-0.00770339
-0.00773069
-0.0077599
-0.00780282
-0.00784417
-0.00788295
-0.00792328
-0.00796695
-0.00801211
-0.008056
-0.00810391
-0.00815089
-0.00820107
-0.00825167
-0.0083031
-0.00835798
-0.00841189
-0.00846954
-0.00852791
-0.00858679
-0.00864934
-0.00871069
-0.008774
-0.00883942
-0.00890216
-0.00896626
-0.00903196
-0.00908254
-0.00912542
0.000435281
0.000991654
0.00166017
0.00220529
0.00252168
0.00258523
0.00241569
0.00210022
0.00171866
0.00127995
0.000791576
0.000318737
-8.44509e-05
-0.000444851
-0.000790699
-0.00111405
-0.00143398
-0.00178511
-0.00218696
-0.00259542
-0.00299588
-0.00344986
-0.00395244
-0.00445382
-0.00490628
-0.00532686
-0.00575393
-0.00611728
-0.00637313
-0.00650798
-0.00652894
-0.0065037
-0.00642953
-0.00630497
-0.00617667
-0.00605064
-0.00595699
-0.0059109
-0.00587321
-0.00587605
-0.0059536
-0.00601982
-0.00606387
-0.00615159
-0.00622564
-0.00628749
-0.00640307
-0.0064964
-0.0065324
-0.00658457
-0.00667128
-0.00676896
-0.00682707
-0.00685916
-0.0069372
-0.00701963
-0.0070652
-0.00712342
-0.0071833
-0.00722793
-0.00728619
-0.00732755
-0.00735295
-0.00740796
-0.00745495
-0.00746867
-0.00750628
-0.00756552
-0.00759162
-0.00760897
-0.00765344
-0.00769957
-0.00772781
-0.00775768
-0.00780071
-0.00784219
-0.0078813
-0.00792188
-0.00796573
-0.00801104
-0.00805512
-0.00810316
-0.00815028
-0.00820055
-0.0082513
-0.00830281
-0.00835781
-0.00841176
-0.00846952
-0.0085279
-0.00858687
-0.0086494
-0.00871083
-0.00877411
-0.00883959
-0.00890232
-0.0089665
-0.00903232
-0.0090832
-0.00912657
0.000217593
0.000776085
0.00145324
0.00202053
0.00236526
0.00246386
0.00232557
0.00202194
0.00164675
0.00122222
0.000744613
0.000259114
-0.000159254
-0.000516127
-0.000855127
-0.0011736
-0.00148679
-0.00182187
-0.00220822
-0.00260699
-0.00298511
-0.00341474
-0.00389588
-0.00437551
-0.00480975
-0.00520112
-0.00560492
-0.00597038
-0.00623213
-0.00636981
-0.00640171
-0.00639874
-0.0063535
-0.00625875
-0.00615456
-0.0060375
-0.00594087
-0.00589358
-0.00586242
-0.00586958
-0.00594326
-0.00600699
-0.00604945
-0.00613648
-0.00621955
-0.00628617
-0.0063911
-0.0064769
-0.00651769
-0.00657541
-0.00665983
-0.00675198
-0.00681146
-0.00684833
-0.00692538
-0.00700591
-0.00705332
-0.00711253
-0.00717169
-0.00721613
-0.007275
-0.00731784
-0.00734412
-0.00739892
-0.00744701
-0.0074624
-0.00749983
-0.00755882
-0.00758649
-0.00760504
-0.00764927
-0.00769545
-0.00772468
-0.00775523
-0.00779839
-0.00784003
-0.00787951
-0.00792037
-0.00796439
-0.00800986
-0.00805415
-0.00810233
-0.00814963
-0.0082
-0.0082509
-0.00830249
-0.00835762
-0.00841163
-0.00846948
-0.00852788
-0.00858693
-0.00864946
-0.00871097
-0.00877424
-0.00883978
-0.00890251
-0.00896676
-0.00903272
-0.00908388
-0.00912773
9.67644e-07
0.000563414
0.00124869
0.00183395
0.00220335
0.00233018
0.00222157
0.00193267
0.00156268
0.00115091
0.000690477
0.000201715
-0.000233683
-0.000590543
-0.000921136
-0.00123228
-0.00153868
-0.00186051
-0.00222682
-0.00261516
-0.00297599
-0.00337738
-0.00383689
-0.00429878
-0.00471312
-0.00507621
-0.00545785
-0.00582353
-0.00609149
-0.00623061
-0.00626949
-0.00628815
-0.00627141
-0.00620426
-0.00612636
-0.00602312
-0.00592355
-0.00587355
-0.00585017
-0.00586359
-0.00593223
-0.00599087
-0.00603236
-0.00612049
-0.00621202
-0.0062834
-0.00637905
-0.00645769
-0.00650257
-0.0065649
-0.00664636
-0.00673317
-0.0067948
-0.00683711
-0.00691341
-0.00699198
-0.00704098
-0.00710067
-0.00715877
-0.00720314
-0.00726297
-0.00730758
-0.00733489
-0.00738949
-0.00743865
-0.00745567
-0.00749284
-0.0075516
-0.00758094
-0.00760076
-0.00764472
-0.00769099
-0.00772128
-0.00775257
-0.00779589
-0.0078377
-0.00787757
-0.00791871
-0.00796294
-0.0080086
-0.00805311
-0.00810145
-0.00814891
-0.00819938
-0.00825046
-0.00830214
-0.00835741
-0.00841147
-0.00846943
-0.00852786
-0.008587
-0.00864953
-0.0087111
-0.0087744
-0.00883994
-0.00890273
-0.00896702
-0.00903313
-0.00908455
-0.00912889
-0.000214632
0.000351619
0.00104666
0.00164708
0.00203594
0.0021846
0.00210204
0.00183327
0.00146978
0.00106626
0.000624625
0.000142488
-0.0003063
-0.000668335
-0.000989368
-0.00128935
-0.00158732
-0.00189724
-0.00224376
-0.00262067
-0.0029709
-0.00334279
-0.00377363
-0.00422119
-0.00461692
-0.00495163
-0.00531524
-0.00567722
-0.00594828
-0.00609309
-0.00613588
-0.00617077
-0.00618433
-0.00614322
-0.00608987
-0.0060047
-0.00590483
-0.00585127
-0.00583521
-0.00585626
-0.00592186
-0.00597425
-0.00601308
-0.00610228
-0.00620249
-0.00627941
-0.00636678
-0.00643777
-0.00648593
-0.00655288
-0.00663165
-0.00671369
-0.0067783
-0.00682612
-0.0069005
-0.00697613
-0.0070269
-0.00708778
-0.00714526
-0.00718977
-0.00725062
-0.00729693
-0.00732503
-0.00737922
-0.00742947
-0.00744831
-0.00748532
-0.0075439
-0.00757501
-0.00759613
-0.00763982
-0.00768622
-0.00771765
-0.00774971
-0.00779316
-0.00783517
-0.00787546
-0.00791693
-0.00796137
-0.00800722
-0.00805196
-0.00810046
-0.00814812
-0.00819872
-0.00824997
-0.00830176
-0.00835716
-0.00841131
-0.00846936
-0.00852784
-0.00858705
-0.00864962
-0.00871123
-0.00877457
-0.00884012
-0.00890297
-0.0089673
-0.00903357
-0.00908524
-0.00913004
-0.000425583
0.000141852
0.000846126
0.00145964
0.00186425
0.00202981
0.00196919
0.00172299
0.00136887
0.000968925
0.000542398
7.63852e-05
-0.000375997
-0.00074595
-0.00105834
-0.00134538
-0.00163383
-0.00193141
-0.00226043
-0.00262403
-0.00296617
-0.00331338
-0.00370857
-0.00413818
-0.00452216
-0.00483168
-0.0051769
-0.00553196
-0.00580221
-0.0059584
-0.00600517
-0.00604551
-0.00608951
-0.00607825
-0.00604503
-0.00597846
-0.00588425
-0.00582829
-0.00581799
-0.00584759
-0.00591232
-0.00595785
-0.00599115
-0.00608012
-0.00619005
-0.00627422
-0.00635378
-0.00641684
-0.00646869
-0.00654086
-0.00661676
-0.00669303
-0.00675986
-0.00681342
-0.0068863
-0.00695897
-0.00701217
-0.00707514
-0.00713176
-0.00717539
-0.0072369
-0.0072852
-0.00731439
-0.00736825
-0.00741973
-0.00744051
-0.00747734
-0.00753568
-0.00756864
-0.00759114
-0.00763457
-0.00768112
-0.00771374
-0.00774659
-0.00779019
-0.00783243
-0.00787318
-0.00791498
-0.00795964
-0.0080057
-0.00805071
-0.00809941
-0.00814726
-0.00819799
-0.00824942
-0.00830133
-0.00835688
-0.00841112
-0.00846926
-0.00852781
-0.00858709
-0.00864972
-0.00871136
-0.00877476
-0.00884032
-0.00890322
-0.0089676
-0.00903402
-0.00908594
-0.00913118
-0.000628032
-6.48972e-05
0.000645289
0.00126974
0.00168865
0.0018674
0.00182464
0.00159919
0.00125813
0.000861811
0.000444478
8.14548e-07
-0.000443965
-0.00082062
-0.00112752
-0.00140229
-0.00167975
-0.00196447
-0.00227591
-0.00262417
-0.00295761
-0.00328786
-0.00364926
-0.00405068
-0.0044272
-0.00472059
-0.0050406
-0.00538575
-0.00565658
-0.00582546
-0.00587857
-0.0059153
-0.00598377
-0.00600899
-0.00599536
-0.00594437
-0.00586017
-0.00580494
-0.0057988
-0.00583657
-0.00590185
-0.00594075
-0.00596757
-0.00605519
-0.00617439
-0.00626734
-0.00634032
-0.00639527
-0.00645095
-0.00652836
-0.00660058
-0.00666995
-0.0067388
-0.00679998
-0.00687314
-0.00694209
-0.00699612
-0.00706107
-0.007117
-0.00715959
-0.0072221
-0.00727312
-0.0073035
-0.00735666
-0.00740924
-0.0074321
-0.00746878
-0.00752691
-0.00756184
-0.0075858
-0.00762894
-0.00767564
-0.0077095
-0.00774319
-0.00778696
-0.00782945
-0.00787068
-0.00791285
-0.00795778
-0.00800408
-0.00804937
-0.00809825
-0.00814631
-0.0081972
-0.00824881
-0.00830087
-0.00835654
-0.00841091
-0.00846914
-0.00852778
-0.00858712
-0.00864982
-0.00871149
-0.00877496
-0.00884052
-0.00890349
-0.00896792
-0.00903449
-0.00908664
-0.0091323
-0.000820295
-0.000266744
0.000444857
0.00107777
0.00150904
0.00169873
0.00166878
0.00146045
0.00113547
0.000747659
0.000336257
-8.70251e-05
-0.000516312
-0.000892916
-0.0011954
-0.00145867
-0.00172411
-0.00199808
-0.00229059
-0.00262008
-0.00294467
-0.00326381
-0.00360024
-0.00396572
-0.00432787
-0.00461521
-0.0049076
-0.00523914
-0.00551593
-0.00569301
-0.00575221
-0.00578565
-0.00586892
-0.00593135
-0.00594459
-0.00590556
-0.00582808
-0.0057781
-0.0057778
-0.00582224
-0.00588996
-0.00592392
-0.0059442
-0.00602934
-0.00615496
-0.00625677
-0.0063261
-0.00637288
-0.00643148
-0.00651486
-0.0065839
-0.00664641
-0.00671692
-0.0067855
-0.00685943
-0.00692406
-0.0069777
-0.00704511
-0.00710206
-0.00714393
-0.00720665
-0.00726006
-0.00729176
-0.00734424
-0.00739801
-0.00742315
-0.00745971
-0.00751759
-0.00755456
-0.00758003
-0.00762283
-0.0076697
-0.00770491
-0.00773949
-0.00778344
-0.00782622
-0.00786801
-0.00791059
-0.00795576
-0.0080023
-0.00804787
-0.00809699
-0.00814527
-0.00819634
-0.00824813
-0.00830036
-0.00835617
-0.00841068
-0.00846899
-0.00852774
-0.00858713
-0.00864992
-0.00871162
-0.00877516
-0.00884075
-0.00890377
-0.00896826
-0.00903496
-0.00908734
-0.00913339
-0.00100211
-0.000459993
0.000248155
0.000886789
0.00132661
0.00152393
0.00150094
0.00130619
0.000999151
0.000625492
0.000221594
-0.000187896
-0.000598222
-0.000964331
-0.00125956
-0.00151108
-0.00176508
-0.00203286
-0.00230795
-0.00261456
-0.00292891
-0.00323842
-0.0035572
-0.00388921
-0.00422567
-0.00450906
-0.00478235
-0.00509781
-0.00537909
-0.00555839
-0.00562276
-0.00566184
-0.00575268
-0.00584163
-0.00588856
-0.00586482
-0.00578746
-0.00574426
-0.00575575
-0.00580615
-0.00587748
-0.00590863
-0.00592024
-0.00600104
-0.00613135
-0.00624175
-0.00631054
-0.00634998
-0.00641044
-0.00650112
-0.00656818
-0.00662271
-0.00669262
-0.00676718
-0.00684348
-0.00690646
-0.00695964
-0.00702825
-0.00708621
-0.00712745
-0.00718985
-0.0072458
-0.00727948
-0.00733139
-0.00738611
-0.00741349
-0.00745
-0.00750764
-0.0075467
-0.00757375
-0.00761625
-0.00766336
-0.00769999
-0.00773553
-0.00777967
-0.00782277
-0.0078651
-0.00790808
-0.00795353
-0.00800037
-0.00804626
-0.00809562
-0.00814413
-0.00819541
-0.00824739
-0.00829981
-0.00835574
-0.00841041
-0.0084688
-0.00852769
-0.00858713
-0.00865002
-0.00871176
-0.00877536
-0.00884098
-0.00890405
-0.00896862
-0.00903546
-0.00908805
-0.00913446
-0.00117416
-0.000642626
5.80426e-05
0.000698681
0.00114317
0.00134331
0.00132286
0.00113708
0.000847502
0.000492003
0.00010053
-0.000297877
-0.000690072
-0.00103797
-0.0013208
-0.0015584
-0.00180072
-0.00206695
-0.00233141
-0.00261356
-0.00291088
-0.00320835
-0.00351383
-0.00382191
-0.00412891
-0.00440062
-0.00466441
-0.0049662
-0.00524253
-0.0054209
-0.0054937
-0.0055448
-0.00563981
-0.00574011
-0.00581913
-0.00582395
-0.00574535
-0.00570172
-0.00573053
-0.00578998
-0.00586209
-0.00589223
-0.00589533
-0.00597016
-0.00610541
-0.00622396
-0.00629302
-0.00632647
-0.00638795
-0.00648615
-0.00655203
-0.00659764
-0.00666604
-0.00674691
-0.00682699
-0.00688963
-0.00694154
-0.00700926
-0.00706804
-0.00711016
-0.00717289
-0.00723099
-0.00726638
-0.00731762
-0.0073733
-0.0074031
-0.00743964
-0.00749702
-0.00753828
-0.00756707
-0.00760929
-0.00765664
-0.00769473
-0.00773124
-0.00777553
-0.00781895
-0.00786189
-0.00790537
-0.00795115
-0.00799829
-0.0080445
-0.00809413
-0.00814288
-0.00819438
-0.00824655
-0.00829919
-0.00835526
-0.00841012
-0.00846859
-0.00852761
-0.00858712
-0.0086501
-0.00871191
-0.00877557
-0.00884124
-0.00890435
-0.008969
-0.00903597
-0.00908875
-0.0091355
-0.00133994
-0.00081752
-0.000125339
0.000513515
0.000960844
0.00116081
0.00113889
0.000954908
0.000678021
0.000343454
-2.9369e-05
-0.000412734
-0.000788539
-0.00111753
-0.00138287
-0.00160246
-0.00182964
-0.00209525
-0.00235884
-0.0026218
-0.00289497
-0.00317439
-0.00346761
-0.00375965
-0.00404255
-0.00429548
-0.00454859
-0.00484265
-0.00510971
-0.0052837
-0.0053672
-0.00542978
-0.00552894
-0.00563368
-0.00573549
-0.00577861
-0.00570791
-0.00565261
-0.0056961
-0.00577211
-0.00584303
-0.00587295
-0.00587262
-0.00593978
-0.00607673
-0.00620302
-0.00627312
-0.00630106
-0.00636272
-0.00646867
-0.00653564
-0.00657347
-0.00663989
-0.00672563
-0.00680753
-0.00686993
-0.00692271
-0.00699046
-0.00704916
-0.00709167
-0.00715502
-0.00721533
-0.00725225
-0.00730293
-0.00735981
-0.00739213
-0.00742864
-0.00748579
-0.00752938
-0.00755998
-0.00760185
-0.00764939
-0.00768897
-0.00772651
-0.00777104
-0.00781489
-0.0078585
-0.00790247
-0.00794855
-0.00799601
-0.00804257
-0.00809251
-0.0081415
-0.00819326
-0.00824564
-0.00829851
-0.00835472
-0.00840976
-0.00846835
-0.0085275
-0.00858711
-0.00865017
-0.00871206
-0.00877576
-0.0088415
-0.00890466
-0.00896939
-0.0090365
-0.00908945
-0.0091365
-0.00150369
-0.000991153
-0.000306118
0.000330441
0.000780635
0.000980657
0.000953062
0.000763357
0.000490593
0.00017743
-0.00017009
-0.000531761
-0.000889992
-0.00120364
-0.00144956
-0.00164711
-0.00185251
-0.00211235
-0.00238439
-0.0026409
-0.00288928
-0.00314217
-0.00341796
-0.00369662
-0.00396349
-0.00420006
-0.00443482
-0.00472114
-0.00498611
-0.00515354
-0.00524148
-0.00531095
-0.00541708
-0.00553264
-0.00564577
-0.00572033
-0.00567162
-0.00560257
-0.00564978
-0.00574933
-0.00582461
-0.00585152
-0.00585077
-0.00591117
-0.006044
-0.00617652
-0.00625129
-0.00627431
-0.00633445
-0.00644954
-0.00652036
-0.00655045
-0.00661246
-0.00670116
-0.00678468
-0.00684853
-0.0069044
-0.00697274
-0.00702942
-0.00707068
-0.00713545
-0.00719944
-0.00723789
-0.00728724
-0.00734528
-0.00738058
-0.00741715
-0.00747388
-0.00751981
-0.00755232
-0.00759383
-0.00764156
-0.00768278
-0.00772151
-0.00776629
-0.00781052
-0.00785478
-0.00789928
-0.00794571
-0.00799354
-0.00804047
-0.00809074
-0.00814001
-0.00819204
-0.00824463
-0.00829774
-0.00835411
-0.00840936
-0.00846808
-0.00852736
-0.00858708
-0.00865021
-0.00871221
-0.00877596
-0.00884178
-0.00890499
-0.0089698
-0.00903704
-0.00909013
-0.00913746
-0.00166326
-0.00116698
-0.000492126
0.000144448
0.00059955
0.00080316
0.000769199
0.000569273
0.000291019
-6.39996e-06
-0.000323764
-0.000657763
-0.000993644
-0.00129359
-0.00152275
-0.00169626
-0.00187366
-0.00211822
-0.00240115
-0.00266456
-0.00289814
-0.00312125
-0.00336812
-0.00363015
-0.00388568
-0.00411328
-0.00432901
-0.00459981
-0.00487208
-0.00503843
-0.00511555
-0.00518389
-0.00530386
-0.0054415
-0.00555749
-0.00564473
-0.00562795
-0.00555768
-0.00559642
-0.00571818
-0.00580819
-0.0058288
-0.00582325
-0.00588242
-0.0060114
-0.00614501
-0.00622708
-0.00624852
-0.00630376
-0.00642701
-0.00650407
-0.00652666
-0.00658402
-0.00667631
-0.00676138
-0.00682526
-0.00688356
-0.00695413
-0.00701034
-0.0070489
-0.00711353
-0.0071824
-0.00722359
-0.00727094
-0.00732959
-0.00736835
-0.00740514
-0.00746114
-0.00750939
-0.00754408
-0.00758535
-0.00763332
-0.00767623
-0.00771613
-0.00776111
-0.00780573
-0.00785074
-0.00789584
-0.00794266
-0.00799086
-0.00803821
-0.00808881
-0.00813837
-0.00819069
-0.00824352
-0.0082969
-0.00835346
-0.00840889
-0.00846775
-0.00852717
-0.00858703
-0.00865024
-0.00871235
-0.00877615
-0.00884204
-0.00890532
-0.0089702
-0.00903758
-0.00909082
-0.00913839
-0.00180942
-0.00134043
-0.000688499
-5.49327e-05
0.000409801
0.000623993
0.000589765
0.000380176
8.98959e-05
-0.0002036
-0.000492542
-0.000793625
-0.00110092
-0.0013846
-0.00160158
-0.00175376
-0.00190061
-0.0021176
-0.002403
-0.00268364
-0.0029192
-0.003119
-0.00332629
-0.00356227
-0.00380457
-0.00402785
-0.00423575
-0.00448526
-0.00476182
-0.00493805
-0.00499525
-0.0050516
-0.0051896
-0.00535429
-0.00547254
-0.00555953
-0.00557389
-0.00551561
-0.00554119
-0.00567656
-0.00578885
-0.00580709
-0.00578962
-0.00585044
-0.00598421
-0.00611273
-0.00619662
-0.00622239
-0.00627162
-0.00639866
-0.0064859
-0.00650444
-0.00655667
-0.00665131
-0.00673587
-0.00679866
-0.00686003
-0.00693472
-0.00699269
-0.00702755
-0.00708895
-0.00716305
-0.00720959
-0.00725486
-0.0073125
-0.00735476
-0.00739257
-0.0074478
-0.00749825
-0.00753541
-0.00757656
-0.00762457
-0.00766906
-0.00771023
-0.00775553
-0.00780062
-0.00784643
-0.00789215
-0.00793938
-0.00798797
-0.00803574
-0.00808671
-0.00813659
-0.00818922
-0.00824231
-0.00829594
-0.0083527
-0.00840836
-0.00846739
-0.00852695
-0.00858695
-0.00865024
-0.00871248
-0.00877634
-0.00884231
-0.00890567
-0.00897062
-0.00903813
-0.00909149
-0.00913928
-0.0019296
-0.0015014
-0.00088973
-0.000274014
0.000200478
0.000434225
0.000411388
0.000199558
-0.000101864
-0.000402607
-0.000674126
-0.000940063
-0.00121384
-0.00147618
-0.00168391
-0.00182189
-0.00193953
-0.00211948
-0.00239119
-0.0026898
-0.00294203
-0.00313353
-0.0033033
-0.00350097
-0.0037217
-0.00393934
-0.00415039
-0.00438326
-0.00465127
-0.0048439
-0.00489196
-0.00492573
-0.00506848
-0.00525833
-0.00539216
-0.0054798
-0.00551204
-0.00546871
-0.00548485
-0.00562516
-0.00576193
-0.00578967
-0.00575757
-0.00581053
-0.00595622
-0.00608416
-0.00616065
-0.00619147
-0.00623957
-0.00636744
-0.00646636
-0.00648297
-0.00652764
-0.00662484
-0.00670995
-0.006771
-0.0068346
-0.00691278
-0.00697452
-0.00700815
-0.00706373
-0.00714021
-0.0071942
-0.00723941
-0.00729475
-0.00733969
-0.00737935
-0.00743418
-0.00748656
-0.00752615
-0.00756717
-0.00761513
-0.00766133
-0.00770396
-0.00774965
-0.00779515
-0.00784177
-0.00788813
-0.0079358
-0.00798481
-0.00803306
-0.00808443
-0.00813466
-0.0081876
-0.00824097
-0.0082949
-0.00835188
-0.00840776
-0.00846696
-0.00852667
-0.00858684
-0.00865022
-0.00871259
-0.00877652
-0.00884257
-0.00890603
-0.00897103
-0.00903867
-0.00909215
-0.00914012
-0.00201062
-0.00163481
-0.00108269
-0.000507022
-3.60334e-05
0.000220656
0.000224444
2.5027e-05
-0.000278871
-0.000589163
-0.000857556
-0.00109467
-0.00133336
-0.00156987
-0.00176772
-0.00190058
-0.00199505
-0.00213419
-0.00237402
-0.00267675
-0.00295336
-0.00315592
-0.00330495
-0.00345789
-0.00364434
-0.00384836
-0.00406225
-0.00429056
-0.00454434
-0.00475131
-0.00481195
-0.00481892
-0.00493768
-0.00514579
-0.00531486
-0.00541256
-0.00544709
-0.00541389
-0.00542511
-0.00556521
-0.00572701
-0.00577669
-0.00573216
-0.0057609
-0.005917
-0.00606191
-0.00612853
-0.00615373
-0.00620537
-0.00633626
-0.00644348
-0.00645888
-0.00649733
-0.00659945
-0.00668559
-0.00674147
-0.00680607
-0.00688828
-0.00695498
-0.00699046
-0.00703968
-0.00711419
-0.00717577
-0.0072245
-0.00727776
-0.00732351
-0.00736498
-0.00742007
-0.00747421
-0.00751603
-0.00755717
-0.00760524
-0.00765317
-0.00769727
-0.00774336
-0.00778926
-0.00783671
-0.00788379
-0.00793197
-0.00798144
-0.00803017
-0.00808196
-0.00813254
-0.00818585
-0.00823951
-0.00829375
-0.00835095
-0.00840706
-0.00846647
-0.00852634
-0.00858669
-0.00865016
-0.00871267
-0.00877669
-0.00884281
-0.00890639
-0.00897145
-0.0090392
-0.0090928
-0.00914092
-0.00205116
-0.001728
-0.00124941
-0.000738684
-0.000295976
-2.48854e-05
1.49092e-05
-0.000152455
-0.000443505
-0.000756232
-0.00102783
-0.00124987
-0.00145722
-0.00166644
-0.0018525
-0.00198602
-0.00206807
-0.00216924
-0.00236363
-0.00264796
-0.00294435
-0.00317373
-0.00332458
-0.00344185
-0.00358344
-0.0037613
-0.00396665
-0.00419842
-0.00444667
-0.00466114
-0.00474762
-0.0047361
-0.00480788
-0.00501892
-0.00523251
-0.00535204
-0.00538583
-0.00535686
-0.00536297
-0.00549789
-0.00568212
-0.00576173
-0.00571419
-0.0057108
-0.00586317
-0.00603743
-0.00610836
-0.00611539
-0.00616162
-0.00630142
-0.0064207
-0.00643512
-0.00646573
-0.00657254
-0.00666185
-0.00671127
-0.0067754
-0.00686215
-0.0069331
-0.00697227
-0.00701807
-0.00708765
-0.00715346
-0.00720825
-0.00726206
-0.00730727
-0.00734898
-0.00740461
-0.00746127
-0.00750562
-0.00754687
-0.00759487
-0.00764444
-0.00769007
-0.00773664
-0.00778297
-0.00783132
-0.00787917
-0.00792786
-0.00797779
-0.00802702
-0.00807928
-0.00813024
-0.00818393
-0.00823789
-0.00829246
-0.00834992
-0.00840629
-0.00846592
-0.00852594
-0.00858649
-0.00865007
-0.00871272
-0.00877685
-0.00884303
-0.00890674
-0.00897186
-0.00903971
-0.00909343
-0.00914168
-0.00206145
-0.00177903
-0.00137509
-0.000946289
-0.000562145
-0.000298166
-0.000226123
-0.000348487
-0.000605829
-0.00090616
-0.00117679
-0.00139438
-0.00157962
-0.00176373
-0.00193774
-0.00207343
-0.00215619
-0.00222915
-0.00237273
-0.00261695
-0.00291351
-0.0031732
-0.00334651
-0.00345105
-0.00354951
-0.00368768
-0.00387118
-0.00410137
-0.00435377
-0.00457362
-0.00468709
-0.00467689
-0.0046996
-0.00488741
-0.00513167
-0.00528564
-0.00533406
-0.00530876
-0.00530319
-0.00542194
-0.0056202
-0.00573916
-0.00570671
-0.00567148
-0.00579807
-0.00599703
-0.00609559
-0.00608736
-0.00610917
-0.00625745
-0.00640129
-0.0064146
-0.00642919
-0.00654103
-0.00664064
-0.00668372
-0.00674249
-0.0068333
-0.00690917
-0.00695254
-0.00699807
-0.00706288
-0.00712857
-0.00718859
-0.00724646
-0.00729209
-0.00733207
-0.00738758
-0.00744782
-0.00749526
-0.00753618
-0.00758366
-0.00763495
-0.00768243
-0.00772961
-0.00777635
-0.00782555
-0.00787421
-0.00792345
-0.0079739
-0.00802364
-0.0080764
-0.00812775
-0.00818184
-0.00823614
-0.00829104
-0.00834878
-0.00840539
-0.00846527
-0.00852546
-0.00858623
-0.00864994
-0.00871272
-0.008777
-0.00884323
-0.00890707
-0.00897226
-0.00904019
-0.00909402
-0.0091424
-0.00206233
-0.00180087
-0.00145886
-0.00111296
-0.000806555
-0.000581382
-0.00049522
-0.000573124
-0.000781792
-0.00105108
-0.00130784
-0.00152113
-0.00169374
-0.00185744
-0.00202104
-0.00215914
-0.00225177
-0.00231203
-0.00241002
-0.00260013
-0.00287029
-0.00314726
-0.00335361
-0.0034729
-0.00354662
-0.00364005
-0.00378931
-0.00400133
-0.00425534
-0.00448579
-0.00462453
-0.0046368
-0.00462664
-0.00476301
-0.00500873
-0.00520538
-0.00529051
-0.0052736
-0.0052482
-0.00534115
-0.00554278
-0.00570506
-0.00570555
-0.00564653
-0.00573096
-0.00593515
-0.00607639
-0.0060787
-0.00606306
-0.00619657
-0.0063751
-0.00640239
-0.00639288
-0.00650237
-0.00661959
-0.00666023
-0.00670823
-0.00680116
-0.00688411
-0.00693144
-0.00697764
-0.00704034
-0.0071038
-0.00716516
-0.00722855
-0.00727842
-0.00731643
-0.00736919
-0.0074326
-0.00748446
-0.00752542
-0.00757187
-0.00762476
-0.00767441
-0.00772227
-0.00776931
-0.00781932
-0.00786891
-0.00791876
-0.00796976
-0.00802002
-0.00807331
-0.00812509
-0.00817959
-0.00823425
-0.00828948
-0.00834753
-0.00840439
-0.00846454
-0.0085249
-0.00858589
-0.00864974
-0.00871266
-0.0087771
-0.0088434
-0.00890737
-0.00897266
-0.00904064
-0.00909459
-0.00914308
-0.00206667
-0.00181766
-0.00151725
-0.00123993
-0.00101135
-0.000846263
-0.000773581
-0.000821522
-0.000980079
-0.00120567
-0.00143521
-0.0016333
-0.00179614
-0.00194431
-0.00209722
-0.0022376
-0.00234501
-0.00241016
-0.00247725
-0.00261148
-0.00283231
-0.00310142
-0.00333597
-0.00348879
-0.00356624
-0.003625
-0.00373208
-0.00390802
-0.00414883
-0.00439375
-0.00455929
-0.00460607
-0.00458583
-0.0046595
-0.0048785
-0.00510892
-0.00524002
-0.00524435
-0.00520686
-0.00527003
-0.00545621
-0.00564889
-0.00569926
-0.00563752
-0.00567449
-0.00586083
-0.00603785
-0.00607837
-0.00603668
-0.00612502
-0.00633121
-0.00639913
-0.0063654
-0.00645399
-0.00659313
-0.00664239
-0.00667628
-0.0067658
-0.00685704
-0.00690966
-0.00695597
-0.00701832
-0.00708105
-0.00714035
-0.00720699
-0.00726459
-0.007303
-0.00735022
-0.00741477
-0.00747285
-0.0075154
-0.0075601
-0.00761371
-0.00766571
-0.00771458
-0.00776192
-0.00781268
-0.00786324
-0.00791376
-0.00796531
-0.00801614
-0.00806997
-0.00812222
-0.00817715
-0.00823221
-0.0082878
-0.00834618
-0.0084033
-0.00846374
-0.00852429
-0.00858549
-0.00864951
-0.00871254
-0.00877716
-0.00884352
-0.00890761
-0.008973
-0.00904104
-0.00909509
-0.00914367
-0.00207143
-0.00184103
-0.00157357
-0.00134573
-0.00117945
-0.00107577
-0.00103565
-0.00107531
-0.00119611
-0.0013753
-0.0015704
-0.00174358
-0.00189123
-0.00202421
-0.00216407
-0.00230509
-0.00242639
-0.00250955
-0.00256604
-0.00265606
-0.00281878
-0.00305205
-0.00329612
-0.0034828
-0.00358825
-0.0036372
-0.00370486
-0.00383661
-0.00404734
-0.00429507
-0.00448579
-0.00457126
-0.0045651
-0.00459071
-0.00476195
-0.00499716
-0.00516771
-0.00521577
-0.00518521
-0.00521477
-0.00536682
-0.0055697
-0.00567775
-0.00564106
-0.00563725
-0.00578552
-0.00597572
-0.00606741
-0.0060352
-0.00606426
-0.00626249
-0.00638983
-0.00635494
-0.00640356
-0.00655536
-0.00662751
-0.00665019
-0.00672852
-0.00682659
-0.00688743
-0.00693385
-0.00699527
-0.00705997
-0.00711731
-0.00718249
-0.00724754
-0.00729114
-0.00733323
-0.00739537
-0.00745948
-0.00750575
-0.00754867
-0.00760182
-0.00765624
-0.00770672
-0.00775437
-0.00780565
-0.00785716
-0.00790845
-0.00796056
-0.00801196
-0.00806635
-0.00811911
-0.00817449
-0.00822997
-0.00828593
-0.00834466
-0.00840208
-0.00846281
-0.0085236
-0.00858502
-0.00864925
-0.00871241
-0.00877721
-0.00884367
-0.00890786
-0.00897338
-0.00904146
-0.00909558
-0.00914428
-0.00206817
-0.0018671
-0.00163688
-0.00144965
-0.00132883
-0.00127181
-0.00126711
-0.00131306
-0.00141275
-0.00155393
-0.0017136
-0.00186029
-0.00198771
-0.0021032
-0.00222562
-0.00236173
-0.00249079
-0.00259487
-0.00266165
-0.00272767
-0.0028405
-0.00302089
-0.00324725
-0.00345192
-0.00359283
-0.00366073
-0.00370697
-0.0037985
-0.00396431
-0.00419254
-0.00440207
-0.00452511
-0.00455157
-0.00455746
-0.00467198
-0.00488135
-0.00507686
-0.00517784
-0.00517234
-0.00517616
-0.00528898
-0.00548096
-0.00563308
-0.00564389
-0.00561917
-0.00572086
-0.00590226
-0.00603415
-0.00604238
-0.00603049
-0.00618143
-0.0063586
-0.00635857
-0.00636388
-0.00650479
-0.00660853
-0.0066318
-0.0066932
-0.00679264
-0.00686352
-0.00691236
-0.00697157
-0.00703859
-0.00709664
-0.00715759
-0.00722641
-0.00727908
-0.00731954
-0.00737577
-0.00744327
-0.00749547
-0.0075382
-0.00758984
-0.00764607
-0.00769866
-0.00774684
-0.00779842
-0.00785079
-0.00790293
-0.0079556
-0.00800755
-0.00806246
-0.00811574
-0.00817156
-0.00822746
-0.00828381
-0.0083429
-0.00840062
-0.00846164
-0.00852267
-0.0085843
-0.00864875
-0.00871206
-0.00877704
-0.00884363
-0.00890792
-0.00897357
-0.00904173
-0.00909592
-0.00914469
-0.00205277
-0.00189019
-0.00170496
-0.00155832
-0.00147337
-0.00144711
-0.00146804
-0.00152401
-0.00161271
-0.00172756
-0.00185729
-0.00198144
-0.00208908
-0.00218731
-0.00229031
-0.00241236
-0.00254135
-0.00265928
-0.00274703
-0.0028116
-0.00289224
-0.00302146
-0.00320773
-0.00340826
-0.0035747
-0.00367581
-0.00372638
-0.0037903
-0.00391037
-0.00410164
-0.00431303
-0.00446507
-0.00453277
-0.00454684
-0.00461345
-0.00478067
-0.00497905
-0.00511942
-0.00515411
-0.00515514
-0.0052339
-0.00539607
-0.00556474
-0.00563081
-0.0056156
-0.00567561
-0.00583044
-0.00597965
-0.00603754
-0.00602353
-0.00611198
-0.00630012
-0.00635919
-0.00634452
-0.00645066
-0.00657836
-0.00661805
-0.00666378
-0.00675705
-0.00683714
-0.00689159
-0.00694841
-0.00701559
-0.007077
-0.00713503
-0.00720286
-0.00726406
-0.0073078
-0.00735778
-0.00742501
-0.00748387
-0.00752859
-0.00757809
-0.00763497
-0.00769006
-0.0077393
-0.00779115
-0.00784428
-0.00789741
-0.00795075
-0.00800329
-0.00805875
-0.00811258
-0.00816887
-0.00822518
-0.00828192
-0.00834135
-0.00839938
-0.00846069
-0.00852196
-0.00858381
-0.00864846
-0.00871192
-0.00877704
-0.00884375
-0.00890813
-0.00897388
-0.00904208
-0.00909632
-0.0091452
-0.00202626
-0.00190861
-0.00177358
-0.0016692
-0.0016158
-0.00161152
-0.00164657
-0.00170756
-0.00178829
-0.00188506
-0.00199201
-0.00209817
-0.00219155
-0.00227647
-0.00236303
-0.00246607
-0.0025854
-0.00270689
-0.00281204
-0.002889
-0.00295917
-0.00305263
-0.00319349
-0.00337005
-0.0035417
-0.00367112
-0.00374506
-0.00380114
-0.00388807
-0.00403621
-0.00422822
-0.00439671
-0.00450051
-0.00453911
-0.00458347
-0.00470859
-0.00488597
-0.00504415
-0.00512505
-0.00514478
-0.00519709
-0.00532398
-0.00548793
-0.0055979
-0.00561419
-0.0056481
-0.00576984
-0.0059174
-0.00601237
-0.00602614
-0.00606946
-0.00622924
-0.0063411
-0.00634074
-0.00640559
-0.0065369
-0.00660265
-0.00664175
-0.00672326
-0.00680846
-0.00687019
-0.00692661
-0.00699249
-0.00705751
-0.00711511
-0.00717884
-0.00724537
-0.0072964
-0.00734268
-0.00740593
-0.00746976
-0.00751871
-0.00756669
-0.00762287
-0.00768023
-0.00773103
-0.00778312
-0.0078367
-0.0078908
-0.00794488
-0.00799797
-0.00805401
-0.00810838
-0.00816522
-0.00822198
-0.00827918
-0.008339
-0.0083974
-0.00845904
-0.00852061
-0.00858274
-0.00864764
-0.0087113
-0.00877663
-0.0088435
-0.00890801
-0.0089739
-0.00904219
-0.00909648
-0.0091454
-0.00198993
-0.00191877
-0.00183518
-0.00177455
-0.00175223
-0.0017665
-0.00180853
-0.00186845
-0.00194042
-0.0020229
-0.00211232
-0.00220389
-0.00228887
-0.00236623
-0.00244199
-0.00252813
-0.00263238
-0.00274733
-0.00285891
-0.00295019
-0.00302475
-0.00310189
-0.00320715
-0.00335038
-0.00350918
-0.00365189
-0.00375121
-0.00381709
-0.00388917
-0.00400058
-0.00416131
-0.00432882
-0.00445505
-0.00452521
-0.00457289
-0.00466327
-0.00480961
-0.00496847
-0.00508193
-0.00512928
-0.00517398
-0.00527392
-0.00541803
-0.0055472
-0.00560257
-0.00563409
-0.00572551
-0.00585856
-0.00597152
-0.00602236
-0.00605182
-0.00616716
-0.00630269
-0.00633982
-0.0063776
-0.00649198
-0.00658151
-0.0066259
-0.0066946
-0.00677943
-0.00684867
-0.00690765
-0.00697169
-0.00703846
-0.00709842
-0.00715869
-0.00722593
-0.00728498
-0.007332
-0.00738973
-0.00745524
-0.00750988
-0.00755818
-0.0076126
-0.00767128
-0.00772411
-0.00777671
-0.00783047
-0.00788537
-0.00794025
-0.00799385
-0.00805036
-0.00810519
-0.00816249
-0.00821961
-0.00827717
-0.00833733
-0.00839601
-0.00845794
-0.00851973
-0.00858207
-0.00864716
-0.00871097
-0.00877645
-0.00884344
-0.00890803
-0.00897402
-0.00904236
-0.0090967
-0.00914569
-0.0019364
-0.00191142
-0.00188146
-0.00186576
-0.00187277
-0.00190191
-0.00194749
-0.00200414
-0.00206778
-0.00213801
-0.00221418
-0.00229482
-0.00237434
-0.00244839
-0.00251931
-0.00259486
-0.00268426
-0.00278673
-0.00289481
-0.0029945
-0.00307789
-0.00315331
-0.00323913
-0.00335248
-0.00348911
-0.00362822
-0.00374415
-0.00382759
-0.0038999
-0.00398964
-0.00411818
-0.00426932
-0.00440542
-0.00450231
-0.00456497
-0.0046388
-0.00475669
-0.00489985
-0.00502723
-0.00510616
-0.00516004
-0.00523961
-0.00535804
-0.00548834
-0.00557706
-0.00562383
-0.00569416
-0.00580656
-0.00592243
-0.00600287
-0.00604334
-0.00612176
-0.00625021
-0.00632607
-0.00636195
-0.00645033
-0.0065502
-0.00660867
-0.00666969
-0.00674961
-0.00682367
-0.00688666
-0.00694989
-0.00701659
-0.00708007
-0.00713941
-0.00720367
-0.00726805
-0.00732018
-0.0073741
-0.00743756
-0.00749712
-0.00754818
-0.00760106
-0.00765989
-0.00771489
-0.00776864
-0.0078226
-0.00787815
-0.00793398
-0.00798826
-0.00804537
-0.00810078
-0.00815867
-0.00821629
-0.0082743
-0.00833489
-0.00839392
-0.00845622
-0.0085183
-0.00858092
-0.00864627
-0.00871028
-0.00877597
-0.00884314
-0.00890786
-0.00897397
-0.00904239
-0.00909678
-0.00914583
-0.00194882
-0.0019448
-0.00193932
-0.00194633
-0.00197091
-0.00201117
-0.00206138
-0.00211672
-0.00217436
-0.00223518
-0.00230091
-0.00237206
-0.00244633
-0.00251948
-0.00259058
-0.00266207
-0.00274053
-0.00283003
-0.00292878
-0.00302865
-0.00312007
-0.00320211
-0.00328273
-0.00337581
-0.00348839
-0.00361305
-0.00373372
-0.00383402
-0.0039172
-0.00400022
-0.00410342
-0.00423108
-0.00436346
-0.0044763
-0.00456058
-0.0046355
-0.00473126
-0.0048522
-0.00497882
-0.00508041
-0.00515176
-0.00522459
-0.00532254
-0.00544088
-0.00554638
-0.00561623
-0.00568128
-0.0057744
-0.00588217
-0.00597786
-0.0060405
-0.00610314
-0.00620745
-0.00630465
-0.0063579
-0.00642621
-0.00652084
-0.00659399
-0.00665528
-0.00672835
-0.00680334
-0.00687038
-0.00693451
-0.00700002
-0.00706549
-0.00712646
-0.00718779
-0.00725325
-0.00731106
-0.00736444
-0.00742415
-0.00748576
-0.00754051
-0.00759291
-0.00765074
-0.00770704
-0.00776214
-0.00781635
-0.00787212
-0.00792855
-0.00798333
-0.00804081
-0.00809658
-0.00815489
-0.0082129
-0.00827125
-0.00833221
-0.00839156
-0.00845417
-0.00851655
-0.0085794
-0.00864502
-0.00870924
-0.00877513
-0.00884248
-0.00890734
-0.00897359
-0.00904212
-0.00909655
-0.00914562
-0.00189615
-0.00192555
-0.00196046
-0.0020016
-0.00204867
-0.00210019
-0.0021535
-0.00220658
-0.00225898
-0.00231224
-0.00236901
-0.0024314
-0.00249979
-0.00257175
-0.00264433
-0.00271621
-0.00278976
-0.00286898
-0.00295585
-0.00304874
-0.00314196
-0.00323043
-0.00331422
-0.00339951
-0.00349486
-0.00360215
-0.00371585
-0.00382346
-0.00391866
-0.00400566
-0.00409734
-0.00420478
-0.00432434
-0.00444076
-0.00454122
-0.0046259
-0.00471344
-0.00481729
-0.00493328
-0.00504275
-0.00513089
-0.00520815
-0.00529508
-0.00539898
-0.00550623
-0.00559461
-0.00566668
-0.00574896
-0.00584579
-0.0059438
-0.00602408
-0.00608971
-0.00617342
-0.00627176
-0.00634504
-0.00640837
-0.00649148
-0.00657255
-0.00663961
-0.00670846
-0.00678228
-0.00685211
-0.00691813
-0.00698324
-0.007049
-0.00711229
-0.00717337
-0.00723791
-0.00729945
-0.00735551
-0.00741294
-0.00747439
-0.00753267
-0.00758634
-0.00764323
-0.00770014
-0.00775677
-0.00781154
-0.00786745
-0.00792447
-0.00797989
-0.00803781
-0.00809397
-0.00815265
-0.00821104
-0.00826967
-0.00833092
-0.00839051
-0.00845333
-0.00851591
-0.00857892
-0.00864471
-0.00870904
-0.00877502
-0.00884248
-0.00890737
-0.00897367
-0.00904223
-0.00909668
-0.00914582
-0.00189424
-0.00194037
-0.00199731
-0.00205888
-0.00212087
-0.00218094
-0.00223779
-0.00229117
-0.0023419
-0.00239196
-0.00244424
-0.00250145
-0.00256507
-0.0026343
-0.00270662
-0.00277959
-0.00285261
-0.00292757
-0.00300723
-0.00309282
-0.00318242
-0.00327179
-0.00335838
-0.00344313
-0.00353149
-0.00362763
-0.00373153
-0.00383658
-0.00393568
-0.00402712
-0.00411738
-0.00421543
-0.00432439
-0.00443551
-0.00453823
-0.00462911
-0.00471815
-0.0048156
-0.0049222
-0.00502814
-0.00512116
-0.00520286
-0.00528709
-0.00538342
-0.00548649
-0.00558003
-0.00565799
-0.0057378
-0.00582921
-0.00592541
-0.00601039
-0.00608105
-0.00615801
-0.0062504
-0.00633167
-0.0063975
-0.00647269
-0.00655366
-0.00662526
-0.00669277
-0.00676433
-0.00683466
-0.00690188
-0.00696714
-0.00703258
-0.00709726
-0.00715921
-0.00722232
-0.00728456
-0.00734328
-0.00740039
-0.0074604
-0.00752005
-0.00757545
-0.00763213
-0.00768896
-0.00774657
-0.0078022
-0.0078585
-0.00791608
-0.00797222
-0.00803077
-0.00808748
-0.00814671
-0.00820565
-0.00826479
-0.00832653
-0.00838659
-0.00844983
-0.00851284
-0.00857622
-0.00864236
-0.00870703
-0.0087733
-0.00884104
-0.00890619
-0.00897268
-0.00904141
-0.00909593
-0.00914508
)
;

boundaryField
{
    zeroGradPlanes
    {
        type            zeroGradient;
    }
    inlet
    {
        type            zeroGradient;
    }
    plate
    {
        type            zeroGradient;
    }
    frontAndBack
    {
        type            empty;
    }
}


// ************************************************************************* //
