/*--------------------------------*- C++ -*----------------------------------*\
| =========                 |                                                 |
| \\      /  F ield         | OpenFOAM: The Open Source CFD Toolbox           |
|  \\    /   O peration     | Version:  v1906                                 |
|   \\  /    A nd           | Web:      www.OpenFOAM.com                      |
|    \\/     M anipulation  |                                                 |
\*---------------------------------------------------------------------------*/
FoamFile
{
    version     2.0;
    format      ascii;
    class       surfaceScalarField;
    location    "500";
    object      phi;
}
// * * * * * * * * * * * * * * * * * * * * * * * * * * * * * * * * * * * * * //

dimensions      [1 0 -1 0 0 0 0];
oriented        oriented;


internalField   nonuniform List<scalar> 
3878
(
0.000196837
-4.97855e-05
0.000183181
1.36564e-05
0.000156617
2.65636e-05
0.000133292
2.3326e-05
0.000112411
2.08812e-05
9.09645e-05
2.14464e-05
6.77706e-05
2.31943e-05
4.28778e-05
2.48932e-05
1.70282e-05
2.58501e-05
-8.06752e-06
2.50963e-05
-2.94778e-05
2.14108e-05
-4.28233e-05
1.3346e-05
-4.25506e-05
-2.72215e-07
-2.33487e-05
-1.92015e-05
-2.3348e-05
-1.31447e-05
1.31445e-05
-5.78159e-05
4.4671e-05
-0.000102259
4.44431e-05
-0.000134296
3.20371e-05
-0.000153052
1.87558e-05
-0.000159129
6.07669e-06
-0.000156124
-3.005e-06
-0.000140756
-1.53679e-05
-0.000114159
-2.65968e-05
-7.543e-05
-3.87285e-05
-2.69918e-05
-4.84378e-05
2.49719e-05
-5.1963e-05
5.95973e-05
-3.46246e-05
5.95982e-05
-5.28283e-05
5.28204e-05
-8.63113e-05
3.34806e-05
-0.000102011
1.56981e-05
-0.000104067
2.05432e-06
-9.61693e-05
-7.89814e-06
-8.27401e-05
-1.34299e-05
-6.66661e-05
-1.60745e-05
-4.95108e-05
-1.71556e-05
-3.25249e-05
-1.69862e-05
-1.65088e-05
-1.60165e-05
-1.57277e-06
-1.49363e-05
1.21977e-05
-1.37707e-05
2.47239e-05
-1.25264e-05
3.60744e-05
-1.13508e-05
4.63027e-05
-1.02285e-05
5.56324e-05
-9.32985e-06
6.43984e-05
-8.76614e-06
7.31146e-05
-8.71631e-06
8.26176e-05
-9.50309e-06
9.4605e-05
-1.19874e-05
-1.67889e-05
0.000113014
-1.57487e-05
0.000123729
2.94134e-06
0.00013181
1.84831e-05
0.000128285
2.68512e-05
0.000117162
3.20036e-05
0.000101715
3.68942e-05
8.34447e-05
4.14645e-05
6.3122e-05
4.52161e-05
4.16979e-05
4.72744e-05
2.04634e-05
4.6331e-05
8.96253e-07
4.09781e-05
-1.48587e-05
2.91011e-05
-2.39655e-05
8.83471e-06
-2.4071e-05
-1.90958e-05
-4.74187e-05
-2.92117e-05
4.2356e-05
-6.51463e-05
8.06055e-05
-9.62029e-05
7.54996e-05
-0.000118784
5.46182e-05
-0.00013271
3.26814e-05
-0.000138764
1.21313e-05
-0.000137321
-4.44821e-06
-0.000129043
-2.36462e-05
-0.000113397
-4.22418e-05
-9.05705e-05
-6.15553e-05
-6.02496e-05
-7.87585e-05
-2.3586e-05
-8.86264e-05
1.09781e-05
-6.91883e-05
7.05769e-05
-4.49998e-05
9.78173e-05
-6.583e-05
5.43099e-05
-7.29407e-05
2.28082e-05
-7.07457e-05
-1.41042e-07
-6.27334e-05
-1.59107e-05
-5.09657e-05
-2.51979e-05
-3.71696e-05
-2.98707e-05
-2.27701e-05
-3.15553e-05
-8.4667e-06
-3.12896e-05
5.47518e-06
-2.99584e-05
1.85933e-05
-2.80545e-05
3.0631e-05
-2.58085e-05
4.15701e-05
-2.34656e-05
5.14448e-05
-2.12256e-05
6.03567e-05
-1.91404e-05
6.84538e-05
-1.7427e-05
7.59221e-05
-1.62345e-05
8.30679e-05
-1.58621e-05
9.00984e-05
-1.65336e-05
9.72089e-05
-1.90979e-05
-2.26765e-05
0.000137012
-5.7091e-06
0.000133539
6.41378e-06
0.00013387
1.81525e-05
0.000129524
3.11965e-05
0.000120531
4.09973e-05
0.000107983
4.94419e-05
9.27902e-05
5.66575e-05
7.56733e-05
6.2333e-05
5.73797e-05
6.5568e-05
3.87297e-05
6.49811e-05
2.08774e-05
5.88304e-05
5.11226e-06
4.48663e-05
-7.25673e-06
2.12038e-05
-1.2893e-05
-1.34594e-05
-6.03114e-05
-3.85963e-05
8.0952e-05
-6.64564e-05
0.000108465
-8.82561e-05
9.72992e-05
-0.000104529
7.08907e-05
-0.000115131
4.32832e-05
-0.00012069
1.76911e-05
-0.000120762
-4.37648e-06
-0.00011667
-2.77378e-05
-0.000108222
-5.06907e-05
-9.56932e-05
-7.40837e-05
-7.89443e-05
-9.55073e-05
-5.72482e-05
-0.000110322
-2.92873e-05
-9.71488e-05
4.12904e-05
-3.62954e-05
0.000134111
-4.90426e-05
6.70566e-05
-5.11086e-05
2.4874e-05
-4.68624e-05
-4.38744e-06
-3.86894e-05
-2.40839e-05
-2.80396e-05
-3.58478e-05
-1.60704e-05
-4.184e-05
-3.5421e-06
-4.40836e-05
9.03371e-06
-4.38655e-05
2.1159e-05
-4.20838e-05
3.25492e-05
-3.94447e-05
4.30565e-05
-3.63158e-05
5.26319e-05
-3.3041e-05
6.12739e-05
-2.98676e-05
6.90643e-05
-2.69309e-05
7.60915e-05
-2.44542e-05
8.24725e-05
-2.26155e-05
8.83098e-05
-2.16994e-05
9.36472e-05
-2.1871e-05
9.81298e-05
-2.35806e-05
-2.58006e-05
0.000142768
-1.42589e-06
0.000139747
9.434e-06
0.000136383
2.15173e-05
0.000131424
3.61547e-05
0.000123597
4.88251e-05
0.000112988
6.00505e-05
0.000100068
6.95779e-05
8.53773e-05
7.70233e-05
6.94914e-05
8.1454e-05
5.30065e-05
8.14661e-05
3.6599e-05
7.52379e-05
2.09757e-05
6.04897e-05
7.03779e-06
3.51418e-05
-2.64864e-06
-3.77281e-06
-6.29597e-05
-4.04999e-05
0.000121452
-6.39828e-05
0.000131948
-7.9937e-05
0.000113253
-9.16079e-05
8.25615e-05
-9.94097e-05
5.1085e-05
-0.000104106
2.23876e-05
-0.000105171
-3.31181e-06
-0.00010378
-2.91283e-05
-0.000100049
-5.44225e-05
-9.4323e-05
-7.98093e-05
-8.64267e-05
-0.000103404
-7.5515e-05
-0.000121234
-5.61476e-05
-0.000116516
-1.48565e-05
-2.68678e-05
0.000160978
-3.41029e-05
7.42914e-05
-3.28776e-05
2.36486e-05
-2.7281e-05
-9.98408e-06
-1.90872e-05
-3.22778e-05
-9.24997e-06
-4.5685e-05
1.60447e-06
-5.26944e-05
1.27916e-05
-5.52708e-05
2.3826e-05
-5.48999e-05
3.44172e-05
-5.26751e-05
4.43522e-05
-4.93796e-05
5.353e-05
-4.54936e-05
6.19007e-05
-4.14118e-05
6.94563e-05
-3.74232e-05
7.62466e-05
-3.37212e-05
8.23234e-05
-3.0531e-05
8.77476e-05
-2.80397e-05
9.254e-05
-2.64918e-05
9.66656e-05
-2.59966e-05
9.98401e-05
-2.67551e-05
-2.79407e-05
0.000144644
9.80474e-07
0.000142043
1.20355e-05
0.000138296
2.52646e-05
0.000133377
4.10732e-05
0.000126421
5.57815e-05
0.000117284
6.91876e-05
0.000106171
8.06908e-05
9.34405e-05
8.97536e-05
7.94892e-05
9.54053e-05
6.47017e-05
9.62537e-05
4.94597e-05
9.04799e-05
3.4125e-05
7.58245e-05
1.92253e-05
5.00416e-05
6.57044e-06
8.88226e-06
-5.63888e-05
-3.92852e-05
0.000160736
-5.87328e-05
0.000151395
-7.05312e-05
0.000125052
-7.87521e-05
9.07823e-05
-8.42283e-05
5.65612e-05
-8.75992e-05
2.57585e-05
-8.91403e-05
-1.77072e-06
-8.93929e-05
-2.88756e-05
-8.86537e-05
-5.51616e-05
-8.7144e-05
-8.1319e-05
-8.42938e-05
-0.000106254
-7.87689e-05
-0.000126759
-6.38346e-05
-0.00013145
-7.86905e-05
-1.76059e-05
0.000178583
-2.03509e-05
7.70363e-05
-1.67198e-05
2.00176e-05
-1.00662e-05
-1.66378e-05
-1.68136e-06
-4.06626e-05
7.72212e-06
-5.50885e-05
1.75813e-05
-6.25536e-05
2.7499e-05
-6.51885e-05
3.71828e-05
-6.45837e-05
4.64243e-05
-6.19166e-05
5.50721e-05
-5.80275e-05
6.30544e-05
-5.34758e-05
7.03309e-05
-4.86884e-05
7.68933e-05
-4.39856e-05
8.27697e-05
-3.95976e-05
8.79871e-05
-3.57484e-05
9.25726e-05
-3.26253e-05
9.65157e-05
-3.04349e-05
9.97724e-05
-2.92532e-05
0.000102185
-2.91676e-05
-2.95835e-05
0.000145448
2.58258e-06
0.000143123
1.43612e-05
0.000139589
2.87986e-05
0.000135022
4.56399e-05
0.000128871
6.19328e-05
0.000120969
7.70894e-05
0.000111372
9.02875e-05
0.000100285
0.000100841
8.7935e-05
0.000107755
7.45126e-05
0.000109676
6.01565e-05
0.000104836
4.49566e-05
9.10245e-05
2.91111e-05
6.58872e-05
1.35011e-05
2.44924e-05
-4.28873e-05
-3.54075e-05
0.000196143
-5.207e-05
0.000168058
-6.03723e-05
0.000133354
-6.53636e-05
9.57735e-05
-6.87205e-05
5.9918e-05
-7.07877e-05
2.78255e-05
-7.21647e-05
-3.937e-07
-7.32471e-05
-2.77933e-05
-7.42009e-05
-5.42078e-05
-7.50109e-05
-8.05089e-05
-7.48673e-05
-0.000106397
-7.13078e-05
-0.000130318
-5.68118e-05
-0.000145946
-0.000135502
-9.14273e-06
0.000187726
-7.78297e-06
7.56765e-05
-2.0362e-06
1.42708e-05
5.65418e-06
-2.43282e-05
1.42515e-05
-4.92599e-05
2.32094e-05
-6.40465e-05
3.22088e-05
-7.15529e-05
4.10323e-05
-7.4012e-05
4.95212e-05
-7.30726e-05
5.75543e-05
-6.99497e-05
6.50401e-05
-6.55133e-05
7.19344e-05
-6.03701e-05
7.82096e-05
-5.49636e-05
8.38596e-05
-4.96356e-05
8.89e-05
-4.4638e-05
9.3342e-05
-4.01904e-05
9.7195e-05
-3.64783e-05
0.000100441
-3.3681e-05
0.00010305
-3.18625e-05
0.000104958
-3.10757e-05
-3.09175e-05
0.000145837
3.79563e-06
0.000143701
1.64979e-05
0.000140476
3.20233e-05
0.000136349
4.97672e-05
0.000130954
6.73275e-05
0.000124129
8.39144e-05
0.000115836
9.85801e-05
0.000106154
0.000110524
9.51568e-05
0.000118752
8.28527e-05
0.00012198
6.9167e-05
0.000118522
5.39488e-05
0.000106243
3.7101e-05
8.27351e-05
1.87909e-05
4.28027e-05
-2.40959e-05
-3.0456e-05
0.000226598
-4.35131e-05
0.000181114
-4.87798e-05
0.00013862
-5.10885e-05
9.8082e-05
-5.23537e-05
6.1183e-05
-5.32386e-05
2.87104e-05
-5.40967e-05
4.64313e-07
-5.54251e-05
-2.64649e-05
-5.72402e-05
-5.23927e-05
-5.93202e-05
-7.84288e-05
-6.06264e-05
-0.000105091
-5.82763e-05
-0.000132668
-4.52163e-05
-0.000159005
-0.000180718
-9.23839e-07
0.00018865
3.78022e-06
7.09725e-05
1.15375e-05
6.51348e-06
2.0171e-05
-3.29616e-05
2.895e-05
-5.8039e-05
3.75212e-05
-7.26177e-05
4.57595e-05
-7.97912e-05
5.36054e-05
-8.18579e-05
6.10177e-05
-8.04849e-05
6.79567e-05
-7.68887e-05
7.43847e-05
-7.19414e-05
8.02854e-05
-6.62707e-05
8.56438e-05
-6.0322e-05
9.04579e-05
-5.44497e-05
9.4737e-05
-4.89172e-05
9.84832e-05
-4.39366e-05
0.000101698
-3.96927e-05
0.000104365
-3.63487e-05
0.000106474
-3.39709e-05
0.000108016
-3.26177e-05
-3.20285e-05
0.00014605
4.79581e-06
0.000144065
1.84829e-05
0.000141139
3.49491e-05
0.000137447
5.3459e-05
0.000132744
7.20305e-05
0.000126865
8.97935e-05
0.000119709
0.000105737
0.000111248
0.000118984
0.000101419
0.000128581
9.00605e-05
0.000133339
7.6904e-05
0.000131678
6.15743e-05
0.000121572
4.37289e-05
0.000100581
2.31192e-05
6.34127e-05
-9.76202e-07
-2.47458e-05
0.000251343
-3.38188e-05
0.000190187
-3.59912e-05
0.000140792
-3.57325e-05
9.78232e-05
-3.50258e-05
6.04762e-05
-3.468e-05
2.83645e-05
-3.49023e-05
6.86581e-07
-3.61461e-05
-2.52212e-05
-3.83602e-05
-5.01786e-05
-4.12547e-05
-7.55342e-05
-4.38555e-05
-0.00010249
-4.38739e-05
-0.000132649
-3.46718e-05
-0.000168207
-0.000215389
5.32315e-06
0.000183327
1.42689e-05
6.20269e-05
2.40604e-05
-3.27808e-06
3.36715e-05
-4.25726e-05
4.26419e-05
-6.70093e-05
5.08548e-05
-8.08306e-05
5.83896e-05
-8.7326e-05
6.53374e-05
-8.88058e-05
7.17646e-05
-8.69121e-05
7.77038e-05
-8.2828e-05
8.31648e-05
-7.74024e-05
8.81573e-05
-7.12632e-05
9.2678e-05
-6.48427e-05
9.67297e-05
-5.85014e-05
0.00010032
-5.2507e-05
0.000103444
-4.70614e-05
0.000106102
-4.23508e-05
0.000108285
-3.8531e-05
0.000109993
-3.56789e-05
0.00011125
-3.38748e-05
-3.29608e-05
0.000146185
5.66104e-06
0.000144342
2.03253e-05
0.000141695
3.75967e-05
0.000138411
5.6743e-05
0.000134332
7.61092e-05
0.000129285
9.48409e-05
0.000123128
0.000111893
0.000115752
0.00012636
0.000106962
0.000137372
9.64448e-05
0.000143856
8.37531e-05
0.00014437
6.82907e-05
0.000137035
4.94789e-05
0.000119393
2.67648e-05
8.6127e-05
2.57892e-05
-1.81519e-05
0.000269493
-2.28749e-05
0.000194909
-2.1956e-05
0.000139873
-1.91698e-05
9.50368e-05
-1.66098e-05
5.79161e-05
-1.50718e-05
2.68264e-05
-1.4642e-05
2.56688e-07
-1.56526e-05
-2.42106e-05
-1.8024e-05
-4.78072e-05
-2.15134e-05
-7.20448e-05
-2.52956e-05
-9.87079e-05
-2.74169e-05
-0.000130528
-2.28624e-05
-0.000172762
-0.000238251
1.15494e-05
0.000171778
2.41607e-05
4.94157e-05
3.5853e-05
-1.49703e-05
4.641e-05
-5.31296e-05
5.5527e-05
-7.61263e-05
6.33626e-05
-8.86662e-05
7.02122e-05
-9.41755e-05
7.63112e-05
-9.49048e-05
8.18222e-05
-9.2423e-05
8.68403e-05
-8.78461e-05
9.14139e-05
-8.19761e-05
9.55764e-05
-7.54257e-05
9.93335e-05
-6.85999e-05
0.000102693
-6.18604e-05
0.000105661
-5.54759e-05
0.000108233
-4.96334e-05
0.000110406
-4.45238e-05
0.000112177
-4.03016e-05
0.000113556
-3.70581e-05
0.00011458
-3.48989e-05
-3.37407e-05
0.000146285
6.42613e-06
0.000144589
2.20204e-05
0.000142207
3.99795e-05
0.000139323
5.96262e-05
0.000135792
7.9641e-05
0.000131477
9.91553e-05
0.000126232
0.000117139
0.000119841
0.000132751
0.000112007
0.000145206
0.000102292
0.000153571
9.00819e-05
0.000156581
7.45415e-05
0.000152576
5.48069e-05
0.000139127
3.00393e-05
0.000110895
5.5829e-05
-1.19913e-05
0.000281484
-1.15149e-05
0.000194433
-6.68618e-06
0.000135044
-1.30199e-06
8.96524e-05
2.95677e-06
5.36573e-05
5.53157e-06
2.42515e-05
6.45862e-06
-6.70414e-07
5.58105e-06
-2.3333e-05
3.01904e-06
-4.52452e-05
-8.89679e-07
-6.81361e-05
-5.70097e-06
-9.38966e-05
-1.04376e-05
-0.000125791
-1.10869e-05
-0.000172112
-0.000249338
1.72432e-05
0.000154535
3.35049e-05
3.31542e-05
4.71847e-05
-2.865e-05
5.86354e-05
-6.45802e-05
6.77803e-05
-8.52711e-05
7.51721e-05
-9.6058e-05
8.13192e-05
-0.000100323
8.6593e-05
-0.000100179
9.12383e-05
-9.70683e-05
9.54008e-05
-9.20086e-05
9.91571e-05
-8.57324e-05
0.000102561
-7.88295e-05
0.000105624
-7.16627e-05
0.000108356
-6.45923e-05
0.000110767
-5.78876e-05
0.000112849
-5.17148e-05
0.000114598
-4.62734e-05
0.000116017
-4.17199e-05
0.00011712
-3.81616e-05
0.000117947
-3.57261e-05
-3.43859e-05
0.00014637
7.10556e-06
0.000144834
2.35562e-05
0.000142734
4.20795e-05
0.000140217
6.2143e-05
0.000137184
8.26742e-05
0.000133554
0.000102786
0.00012913
0.000121563
0.000123645
0.000138236
0.000116737
0.000152113
0.00010787
0.000162438
9.625e-05
0.000168201
8.08002e-05
0.000168025
6.0298e-05
0.000159629
3.34551e-05
0.000137738
8.92847e-05
-3.73199e-06
0.000285214
1.61931e-06
0.000189081
1.02696e-05
0.000126394
1.7886e-05
8.20359e-05
2.34963e-05
4.80469e-05
2.69914e-05
2.07564e-05
2.83807e-05
-2.05975e-06
2.77188e-05
-2.26711e-05
2.50509e-05
-4.25773e-05
2.04025e-05
-6.34877e-05
1.40716e-05
-8.75656e-05
6.45935e-06
-0.000118179
-1.30586e-06
-0.000164347
-0.000250644
2.25784e-05
0.000131957
4.2655e-05
1.30777e-05
5.84795e-05
-4.44745e-05
7.05852e-05
-7.66859e-05
7.95694e-05
-9.42553e-05
8.63962e-05
-0.000102885
9.17898e-05
-0.000105716
9.62404e-05
-0.000104629
0.000100055
-0.000100883
0.000103418
-9.53708e-05
0.000106418
-8.87328e-05
0.000109128
-8.15396e-05
0.000111561
-7.40958e-05
0.000113726
-6.67576e-05
0.00011564
-5.98008e-05
0.000117287
-5.33617e-05
0.000118666
-4.76533e-05
0.000119781
-4.28348e-05
0.00012065
-3.90301e-05
0.000121307
-3.63831e-05
-3.491e-05
0.000146453
7.7017e-06
0.000145102
2.4907e-05
0.000143279
4.39032e-05
0.000141105
6.43167e-05
0.000138568
8.52109e-05
0.000135572
0.000105782
0.000131916
0.000125219
0.000127304
0.000142848
0.000121339
0.000158078
0.00011341
0.000170367
0.0001026
0.000179011
8.75526e-05
0.000183073
6.65614e-05
0.000180621
3.75216e-05
0.000166778
0.000126807
4.04333e-06
0.00028117
1.66894e-05
0.000176435
2.89734e-05
0.000114109
3.85429e-05
7.24663e-05
4.53118e-05
4.12779e-05
4.92521e-05
1.6816e-05
5.08539e-05
-3.6615e-06
5.03007e-05
-2.21179e-05
4.7583e-05
-3.98597e-05
4.2582e-05
-5.84867e-05
3.49681e-05
-7.99516e-05
2.46345e-05
-0.000107845
1.16007e-05
-0.000151313
-0.000239043
2.81011e-05
0.000103857
5.24831e-05
-1.13042e-05
7.01755e-05
-6.21669e-05
8.25431e-05
-8.90534e-05
9.10544e-05
-0.000102767
9.71318e-05
-0.000108962
0.000101691
-0.000110275
0.000105305
-0.000108243
0.000108312
-0.000103891
0.000110922
-9.79804e-05
0.000113227
-9.10381e-05
0.000115294
-8.36062e-05
0.000117158
-7.59602e-05
0.000118819
-6.84184e-05
0.00012028
-6.12621e-05
0.000121544
-5.46249e-05
0.000122601
-4.87104e-05
0.000123452
-4.36864e-05
0.000124118
-3.96963e-05
0.000124626
-3.68908e-05
-3.53241e-05
0.000146544
8.20631e-06
0.000145391
2.60606e-05
0.000143831
4.54635e-05
0.000142023
6.61247e-05
0.000139969
8.72648e-05
0.000137578
0.000108172
0.000134659
0.000128138
0.000130921
0.000146586
0.000125944
0.000163054
0.000119117
0.000177194
0.000109453
0.000188675
9.5343e-05
0.000197184
7.45585e-05
0.000201405
4.34044e-05
0.000197932
0.000170212
1.46866e-05
0.000266483
3.43086e-05
0.000156812
4.99799e-05
9.84381e-05
6.10422e-05
6.1404e-05
6.80834e-05
3.42366e-05
7.20065e-05
1.28929e-05
7.35607e-05
-5.21573e-06
7.29731e-05
-2.15303e-05
7.02666e-05
-3.71531e-05
6.51561e-05
-5.33762e-05
5.69529e-05
-7.17483e-05
4.44891e-05
-9.53816e-05
2.52755e-05
-0.000132099
-0.000213767
3.45128e-05
6.93445e-05
6.37767e-05
-4.0568e-05
8.28024e-05
-8.11925e-05
9.47502e-05
-0.000101001
0.000102349
-0.000110366
0.000107446
-0.000114059
0.000111073
-0.000113902
0.000113828
-0.000110998
0.000116052
-0.000106116
0.000117938
-9.98659e-05
0.000119605
-9.27048e-05
0.000121088
-8.50895e-05
0.000122431
-7.7303e-05
0.00012364
-6.9628e-05
0.000124701
-6.2323e-05
0.000125622
-5.55456e-05
0.000126396
-4.94844e-05
0.000127021
-4.43113e-05
0.000127508
-4.01832e-05
0.000127883
-3.72665e-05
-3.56383e-05
0.000146637
8.61851e-06
0.000145683
2.70139e-05
0.000144409
4.67376e-05
0.000142978
6.75554e-05
0.000141401
8.88423e-05
0.000139601
0.000109973
0.000137407
0.000130332
0.000134556
0.000149437
0.00013066
0.00016695
0.000125121
0.000182733
0.000117019
0.000196777
0.000104618
0.000209585
8.49994e-05
0.000221024
5.17694e-05
0.000231163
0.000221981
2.78314e-05
0.000238652
5.61021e-05
0.000128542
7.40676e-05
8.04727e-05
8.51258e-05
5.03458e-05
9.15584e-05
2.7804e-05
9.49269e-05
9.52431e-06
9.6072e-05
-6.36075e-06
9.53243e-05
-2.07827e-05
9.26872e-05
-3.4516e-05
8.78042e-05
-4.84932e-05
7.95567e-05
-6.35007e-05
6.565e-05
-8.14749e-05
4.10411e-05
-0.000107491
-0.000172726
4.34077e-05
2.59375e-05
7.79453e-05
-7.51054e-05
9.69059e-05
-0.000100153
0.000107337
-0.000111432
0.000113491
-0.00011652
0.000117365
-0.000117932
0.000119966
-0.000116504
0.000121845
-0.000112876
0.000123305
-0.000107576
0.000124514
-0.000101075
0.000125578
-9.37687e-05
0.000126532
-8.60438e-05
0.000127405
-7.81755e-05
0.000128202
-7.04246e-05
0.000128909
-6.30303e-05
0.000129527
-5.61637e-05
0.00013005
-5.00077e-05
0.000130478
-4.47386e-05
0.000130809
-4.05144e-05
0.000131067
-3.75248e-05
-3.58594e-05
0.000146724
8.94298e-06
0.000145982
2.77557e-05
0.000145017
4.77027e-05
0.000143972
6.86009e-05
0.000142869
8.99451e-05
0.000141652
0.00011119
0.000140181
0.000131803
0.00013824
0.000151378
0.000135509
0.000169681
0.000131504
0.000186738
0.000125443
0.000202838
0.000115917
0.000219111
0.000100183
0.000236758
6.74736e-05
0.000263872
0.000289455
4.62214e-05
0.000192431
8.40464e-05
9.0717e-05
0.000101451
6.30679e-05
0.000110597
4.11998e-05
0.000115288
2.31135e-05
0.000117462
7.3506e-06
0.000117916
-6.81569e-06
0.000116898
-1.97646e-05
0.000114434
-3.20514e-05
0.000110153
-4.42123e-05
0.000102962
-5.63094e-05
9.01975e-05
-6.87107e-05
6.23578e-05
-7.96509e-05
-0.000110368
6.15467e-05
-3.56086e-05
9.75033e-05
-0.000111062
0.000112662
-0.000115312
0.000120227
-0.000118997
0.000124415
-0.000120708
0.000126868
-0.000120385
0.000128383
-0.00011802
0.000129384
-0.000113877
0.000130104
-0.000108296
0.000130678
-0.000101649
0.000131186
-9.42761e-05
0.000131655
-8.65126e-05
0.000132101
-7.86221e-05
0.000132526
-7.08499e-05
0.000132917
-6.34209e-05
0.000133267
-5.65139e-05
0.000133569
-5.031e-05
0.000133819
-4.49884e-05
0.000134015
-4.07101e-05
0.000134171
-3.76805e-05
-3.5995e-05
0.000146813
9.17797e-06
0.000146292
2.82768e-05
0.000145646
4.83492e-05
0.000144994
6.92526e-05
0.000144367
9.05721e-05
0.000143728
0.000111829
0.000142979
0.000132552
0.000141963
0.000152394
0.000140459
0.000171185
0.000138152
0.000189045
0.00013455
0.000206441
0.00012873
0.000224931
0.000118414
0.000247074
8.93574e-05
0.000292929
0.000378813
9.51551e-05
9.72765e-05
0.000121511
6.43617e-05
0.000132006
5.25725e-05
0.000136504
3.6702e-05
0.000138454
2.11637e-05
0.000139003
6.80123e-06
0.000138559
-6.37113e-06
0.00013722
-1.84263e-05
0.000134978
-2.98084e-05
0.00013149
-4.07246e-05
0.000125973
-5.07922e-05
0.000116101
-5.88394e-05
9.17869e-05
-5.53364e-05
-1.85816e-05
0.000103431
-0.00013904
0.000121473
-0.000129103
0.000129233
-0.000123072
0.000132995
-0.000122759
0.000134937
-0.000122651
0.000135895
-0.000121342
0.00013632
-0.000118445
0.000136465
-0.000114022
0.000136484
-0.000108315
0.000136465
-0.000101631
0.00013646
-9.42709e-05
0.000136485
-8.65372e-05
0.000136545
-7.86824e-05
0.000136636
-7.09407e-05
0.000136742
-6.35272e-05
0.000136854
-5.66255e-05
0.00013696
-5.04163e-05
0.000137053
-4.50814e-05
0.000137128
-4.07851e-05
0.000137191
-3.77431e-05
-3.60536e-05
0.000146905
9.32158e-06
0.000146609
2.85718e-05
0.000146287
4.86713e-05
0.000146034
6.9506e-05
0.000145882
9.07239e-05
0.000145817
0.000111894
0.000145781
0.000132588
0.000145688
0.000152487
0.000145434
0.000171439
0.000144927
0.000189553
0.000144129
0.000207238
0.000143376
0.000225685
0.000143877
0.000246572
0.000159671
0.000277135
0.000230823
0.000307661
0.000185834
0.000142266
0.000167958
8.22374e-05
0.000163149
5.73817e-05
0.000161289
3.85623e-05
0.000160083
2.23698e-05
0.000158911
7.97295e-06
0.000157534
-4.99378e-06
0.000155881
-1.67733e-05
0.000153828
-2.77554e-05
0.000151223
-3.81198e-05
0.000147968
-4.75368e-05
0.000144057
-5.49283e-05
0.000144745
-5.60242e-05
0.000173602
-4.74391e-05
0.000152112
-0.00011755
0.000145654
-0.000122644
0.00014504
-0.000122458
0.000145027
-0.000122746
0.000144823
-0.000122446
0.00014437
-0.00012089
0.000143766
-0.000117841
0.000143111
-0.000113367
0.000142478
-0.000107682
0.000141912
-0.000101064
0.000141436
-9.37952e-05
0.000141055
-8.61562e-05
0.000140764
-7.83919e-05
0.000140553
-7.07293e-05
0.000140403
-6.33777e-05
0.000140301
-5.65234e-05
0.000140233
-5.03478e-05
0.000140186
-4.5035e-05
0.000140153
-4.07521e-05
0.000140131
-3.77205e-05
-3.60419e-05
0.000146997
9.37281e-06
0.00014693
2.86384e-05
0.000146934
4.86675e-05
0.000147079
6.93609e-05
0.000147398
9.0405e-05
0.000147895
0.000111397
0.000148552
0.000131931
0.00014935
0.00015169
0.00015029
0.0001705
0.00015146
0.000188382
0.000153137
0.000205562
0.000156275
0.000222547
0.000163096
0.000239752
0.000184557
0.000255674
0.00023199
0.000260227
0.000216532
0.000157725
0.000197512
0.000101257
0.000187796
6.70984e-05
0.000182437
4.39208e-05
0.000179085
2.57218e-05
0.000176614
1.04448e-05
0.000174508
-2.8883e-06
0.000172537
-1.48022e-05
0.00017055
-2.57682e-05
0.000168453
-3.60229e-05
0.000166373
-4.54572e-05
0.000164836
-5.3391e-05
0.000167928
-5.91159e-05
0.000181867
-6.13783e-05
0.000169963
-0.000105646
0.000161799
-0.000114481
0.000158026
-0.000118685
0.000155695
-0.000120415
0.000153868
-0.000120619
0.000152233
-0.000119255
0.000150726
-0.000116334
0.00014935
-0.000111991
0.000148123
-0.000106454
0.000147055
-9.99959e-05
0.000146149
-9.28898e-05
0.000145398
-8.54049e-05
0.000144788
-7.7782e-05
0.000144303
-7.0244e-05
0.000143922
-6.29966e-05
0.000143627
-5.62286e-05
0.000143402
-5.01222e-05
0.00014323
-4.48633e-05
0.000143099
-4.06215e-05
0.000142999
-3.76202e-05
-3.59647e-05
0.000147089
9.33192e-06
0.000147249
2.84777e-05
0.000147576
4.83405e-05
0.000148115
6.8822e-05
0.000148895
8.96249e-05
0.000149937
0.000110355
0.000151257
0.00013061
0.000152891
0.000150055
0.000154925
0.000168466
0.000157567
0.00018574
0.000161268
0.000201861
0.000167135
0.00021668
0.000177259
0.000229628
0.000197235
0.000235699
0.00022899
0.000228472
0.000225899
0.000160817
0.00021452
0.000112636
0.000205561
7.6058e-05
0.000199368
5.01134e-05
0.000195075
3.00158e-05
0.000191881
1.36387e-05
0.000189309
-3.16747e-07
0.000187097
-1.259e-05
0.000185085
-2.37563e-05
0.000183198
-3.41361e-05
0.000181582
-4.38405e-05
0.000180721
-5.25308e-05
0.000182541
-6.09351e-05
0.000188813
-6.7651e-05
0.000180835
-9.76676e-05
0.000173731
-0.000107377
0.000168777
-0.00011373
0.000165076
-0.000116713
0.00016208
-0.000117623
0.000159499
-0.000116674
0.000157226
-0.000114061
0.000155217
-0.000109982
0.000153457
-0.000104695
0.000151935
-9.84737e-05
0.000150638
-9.15928e-05
0.000149548
-8.43155e-05
0.000148647
-7.68805e-05
0.000147912
-6.95087e-05
0.00014732
-6.24046e-05
0.00014685
-5.57585e-05
0.000146481
-4.97539e-05
0.000146196
-4.45779e-05
0.000145976
-4.04018e-05
0.000145804
-3.74485e-05
-3.58265e-05
0.000147179
9.20062e-06
0.000147562
2.80942e-05
0.000148205
4.76977e-05
0.000149128
6.78994e-05
0.000150354
8.83983e-05
0.000151917
0.000108793
0.000153861
0.000128667
0.000156263
0.000147653
0.000159263
0.000165466
0.000163134
0.000181869
0.000168374
0.000196621
0.000175964
0.00020909
0.000187444
0.000218148
0.000204822
0.000218321
0.000226942
0.000206352
0.000229564
0.000158195
0.000224364
0.000117836
0.000217928
8.24936e-05
0.000212443
5.55991e-05
0.000208144
3.43146e-05
0.000204755
1.70276e-05
0.000201988
2.45006e-06
0.000199637
-1.02385e-05
0.000197559
-2.1679e-05
0.000195685
-3.22611e-05
0.000194096
-4.2252e-05
0.000193098
-5.15331e-05
0.000193376
-6.12128e-05
0.000195485
-6.976e-05
0.000189316
-9.14986e-05
0.000183128
-0.000101189
0.000177792
-0.000108394
0.000173327
-0.000112248
0.000169527
-0.000113823
0.000166218
-0.000113366
0.000163311
-0.000111153
0.000160756
-0.000107427
0.000158524
-0.000102463
0.000156592
-9.65421e-05
0.000154939
-8.99397e-05
0.00015354
-8.29166e-05
0.000152371
-7.57112e-05
0.000151406
-6.85437e-05
0.00015062
-6.16183e-05
0.000149988
-5.51272e-05
0.000149489
-4.92543e-05
0.000149099
-4.41879e-05
0.000148796
-4.00997e-05
0.000148558
-3.72105e-05
-3.56309e-05
0.000147266
8.98208e-06
0.000147864
2.74957e-05
0.000148811
4.67508e-05
0.000150103
6.66078e-05
0.000151756
8.67447e-05
0.000153812
0.000106737
0.000156335
0.000126143
0.00015943
0.000144558
0.000163265
0.00016163
0.000168126
0.000177009
0.000174472
0.000190275
0.000183044
0.000200518
0.000194785
0.000206407
0.000209796
0.00020331
0.000226366
0.000189783
0.000231578
0.000152983
0.000230449
0.000118965
0.00022661
8.63322e-05
0.000222433
5.97763e-05
0.000218682
3.80653e-05
0.000215479
2.02307e-05
0.000212743
5.18688e-06
0.000210357
-7.85317e-06
0.000208219
-1.95411e-05
0.000206263
-3.03045e-05
0.000204507
-4.04966e-05
0.000203097
-5.01229e-05
0.00020215
-6.02651e-05
0.000201891
-6.95008e-05
0.000196578
-8.61859e-05
0.000190971
-9.55816e-05
0.00018555
-0.000102973
0.000180664
-0.000107363
0.00017632
-0.000109478
0.00017246
-0.000109506
0.000169037
-0.00010773
0.000166016
-0.000104406
0.000163368
-9.98156e-05
0.000161069
-9.42424e-05
0.000159091
-8.79617e-05
0.000157407
-8.12329e-05
0.00015599
-7.42941e-05
0.000154812
-6.73655e-05
0.000153845
-6.06514e-05
0.000153063
-5.43454e-05
0.000152441
-4.86321e-05
0.000151953
-4.36999e-05
0.000151574
-3.97202e-05
0.000151273
-3.69099e-05
-3.53806e-05
0.000147348
8.681e-06
0.00014815
2.66936e-05
0.000149385
4.55157e-05
0.000151027
6.49662e-05
0.000153085
8.4687e-05
0.000155603
0.000104218
0.000158661
0.000123086
0.000162375
0.000140844
0.000166921
0.000157085
0.00017256
0.000171369
0.00017967
0.000183166
0.00018873
0.000191457
0.00020018
0.000194957
0.00021338
0.00019011
0.000226847
0.000176315
0.000233095
0.000146736
0.000234556
0.000117504
0.000232899
8.79891e-05
0.000230132
6.25441e-05
0.000227183
4.1014e-05
0.000224396
2.30176e-05
0.000221851
7.73186e-06
0.000219525
-5.52705e-06
0.00021736
-1.73755e-05
0.000215301
-2.82461e-05
0.000213329
-3.85247e-05
0.000211486
-4.82794e-05
0.000209646
-5.84251e-05
0.000207979
-6.78341e-05
0.000203115
-8.13224e-05
0.000197808
-9.02745e-05
0.000192409
-9.75738e-05
0.000187293
-0.000102247
0.000182582
-0.000104767
0.000178307
-0.000105231
0.000174467
-0.00010389
0.00017105
-0.000100989
0.000168037
-9.68028e-05
0.000165406
-9.16113e-05
0.000163131
-8.56865e-05
0.000161184
-7.92855e-05
0.000159535
-7.26456e-05
0.000158156
-6.59867e-05
0.000157019
-5.95137e-05
0.000156094
-5.34209e-05
0.000155356
-4.78935e-05
0.000154774
-4.31186e-05
0.000154321
-3.92668e-05
0.00015396
-3.65494e-05
-3.50779e-05
0.000147424
8.30354e-06
0.000148416
2.57021e-05
0.000149919
4.40122e-05
0.000151888
6.29971e-05
0.000154325
8.22506e-05
0.000157276
0.000101267
0.000160825
0.000119537
0.000165092
0.000136577
0.000170242
0.000151934
0.000176496
0.000165116
0.000184131
0.000175531
0.000193413
0.000182175
0.000204434
0.000183936
0.000216378
0.000178166
0.000227951
0.000164742
0.000234548
0.000140139
0.00023765
0.000114401
0.000237672
8.79671e-05
0.000236208
6.40088e-05
0.00023413
4.30916e-05
0.000231874
2.52739e-05
0.000229623
9.98303e-06
0.000227429
-3.33322e-06
0.000225279
-1.52254e-05
0.000223138
-2.61056e-05
0.000220969
-3.63559e-05
0.000218767
-4.60773e-05
0.000216327
-5.59849e-05
0.000213752
-6.5259e-05
0.000209131
-7.67011e-05
0.000204007
-8.51502e-05
0.000198641
-9.22079e-05
0.000193395
-9.7001e-05
0.000188433
-9.98058e-05
0.000183844
-0.000100642
0.000179666
-9.97126e-05
0.000175912
-9.72344e-05
0.000172577
-9.34676e-05
0.000169645
-8.86801e-05
0.000167096
-8.31371e-05
0.000164902
-7.70913e-05
0.000163034
-7.07781e-05
0.000161465
-6.44168e-05
0.000160163
-5.82121e-05
0.000159101
-5.23588e-05
0.000158249
-4.70416e-05
0.000157577
-4.24464e-05
0.000157051
-3.87411e-05
0.000156632
-3.61303e-05
-3.47241e-05
0.000147493
7.85732e-06
0.000148656
2.45385e-05
0.000150405
4.22634e-05
0.000152676
6.07261e-05
0.000155465
7.94617e-05
0.000158819
9.79131e-05
0.000162822
0.000115535
0.000167587
0.000131812
0.000173258
0.000146264
0.000180002
0.000158371
0.000188
0.000167533
0.000197344
0.000172831
0.000207953
0.000173326
0.000219001
0.000167119
0.000229372
0.000154371
0.000236185
0.000133327
0.00024023
0.000110356
0.000241536
8.66615e-05
0.000241197
6.43482e-05
0.000239953
4.43357e-05
0.00023826
2.69663e-05
0.000236357
1.18866e-05
0.000234347
-1.32314e-06
0.000232255
-1.31334e-05
0.000230068
-2.39191e-05
0.000227748
-3.40352e-05
0.00022527
-4.35995e-05
0.000222444
-5.31588e-05
0.000219321
-6.21367e-05
0.000214794
-7.21737e-05
0.000209775
-8.01316e-05
0.000204444
-8.68766e-05
0.000199121
-9.16782e-05
0.000193984
-9.4668e-05
0.000189153
-9.58107e-05
0.000184698
-9.52575e-05
0.000180654
-9.31904e-05
0.000177032
-8.98457e-05
0.000173826
-8.54747e-05
0.000171021
-8.03321e-05
0.000168594
-7.46635e-05
0.000166516
-6.87008e-05
0.000164761
-6.26616e-05
0.000163299
-5.67501e-05
0.000162101
-5.11608e-05
0.000161137
-4.60774e-05
0.000160374
-4.16834e-05
0.000159776
-3.81433e-05
0.000159299
-3.5653e-05
-3.43198e-05
0.000147552
7.35149e-06
0.000148868
2.32231e-05
0.000150835
4.02958e-05
0.000153381
5.81802e-05
0.000156496
7.63465e-05
0.000160228
9.41819e-05
0.000164654
0.000111109
0.000169875
0.000126591
0.000176004
0.000140134
0.000183157
0.000151218
0.000191427
0.000159262
0.000200796
0.000163463
0.000211073
0.000163049
0.000221466
0.000156726
0.000231082
0.000144754
0.000238032
0.000126377
0.000242568
0.000105819
0.000244897
8.43328e-05
0.000245495
6.37499e-05
0.000245004
4.48269e-05
0.000243862
2.81083e-05
0.000242327
1.34223e-05
0.000240533
4.70409e-07
0.000238536
-1.1136e-05
0.000236343
-2.17268e-05
0.000233925
-3.16171e-05
0.000231256
-4.09305e-05
0.00022818
-5.00824e-05
0.000224722
-5.86791e-05
0.000220237
-6.76882e-05
0.000215275
-7.51699e-05
0.000209971
-8.15727e-05
0.000204598
-8.63054e-05
0.000199332
-8.94011e-05
0.00019431
-9.0789e-05
0.000189623
-9.0571e-05
0.000185327
-8.88939e-05
0.000181447
-8.59653e-05
0.000177988
-8.20158e-05
0.000174941
-7.72855e-05
0.000172289
-7.20111e-05
0.000170007
-6.64189e-05
0.000168069
-6.07237e-05
0.000166447
-5.51281e-05
0.000165112
-4.98258e-05
0.000164033
-4.4999e-05
0.000163178
-4.08277e-05
0.000162506
-3.74716e-05
0.00016197
-3.51166e-05
-3.38647e-05
0.000147601
6.79683e-06
0.000149045
2.17786e-05
0.000151203
3.81385e-05
0.000153995
5.53878e-05
0.000157412
7.29299e-05
0.000161499
9.00942e-05
0.000166327
0.000106281
0.000171975
0.000120943
0.000178523
0.000133586
0.000186036
0.000143705
0.000194536
0.000150762
0.000203929
0.00015407
0.000213938
0.00015304
0.000223872
0.000146792
0.000232996
0.000135631
0.000240025
0.000119348
0.000244982
0.000100862
0.00024799
8.13256e-05
0.000249389
6.23505e-05
0.000249562
4.4654e-05
0.000248935
2.87349e-05
0.000247768
1.45896e-05
0.000246209
2.02901e-06
0.000244335
-9.26116e-06
0.000242173
-1.95651e-05
0.000239707
-2.9151e-05
0.000236917
-3.81406e-05
0.000233684
-4.68498e-05
0.000230023
-5.5018e-05
0.000225556
-6.32207e-05
0.000220625
-7.02394e-05
0.000215341
-7.62879e-05
0.000209931
-8.08959e-05
0.000204564
-8.40342e-05
0.000199386
-8.56109e-05
0.000194501
-8.56863e-05
0.00018998
-8.43729e-05
0.000185863
-8.18479e-05
0.000182166
-7.83183e-05
0.000178887
-7.40072e-05
0.000176016
-6.91394e-05
0.000173531
-6.39341e-05
0.000171409
-5.86019e-05
0.000169624
-5.33431e-05
0.000168148
-4.83496e-05
0.00016695
-4.38015e-05
0.000165997
-3.98746e-05
0.000165248
-3.67224e-05
0.00016465
-3.45186e-05
-3.33578e-05
0.000147636
6.20636e-06
0.000149184
2.0231e-05
0.000151499
3.58234e-05
0.00015451
5.2377e-05
0.000158209
6.92313e-05
0.000162638
8.56644e-05
0.000167853
0.000101066
0.000173909
0.000114888
0.000180854
0.000126641
0.0001887
0.00013586
0.000197409
0.000142053
0.000206824
0.000144654
0.000216646
0.000143219
0.000226284
0.000137153
0.000235123
0.000126792
0.000242247
0.000112224
0.000247551
9.55578e-05
0.000251048
7.78282e-05
0.000253055
6.0344e-05
0.000253835
4.38741e-05
0.000253692
2.88776e-05
0.000252881
1.54009e-05
0.000251565
3.34476e-06
0.000249833
-7.52851e-06
0.000247731
-1.74638e-05
0.000245258
-2.66775e-05
0.000242401
-3.52839e-05
0.000239077
-4.35258e-05
0.000235295
-5.12362e-05
0.000230837
-5.8762e-05
0.000225923
-6.5326e-05
0.000220649
-7.1014e-05
0.000215209
-7.54551e-05
0.000209758
-7.85841e-05
0.000204447
-8.02989e-05
0.000199386
-8.06261e-05
0.00019466
-7.96471e-05
0.000190321
-7.75085e-05
0.000186395
-7.43924e-05
0.00018289
-7.05024e-05
0.000179801
-6.60498e-05
0.000177111
-6.12445e-05
0.000174801
-5.62918e-05
0.000172847
-5.13887e-05
0.000171222
-4.67247e-05
0.000169897
-4.2477e-05
0.00016884
-3.88168e-05
0.000168007
-3.58899e-05
0.000167344
-3.38554e-05
-3.27974e-05
0.000147657
5.59556e-06
0.000149279
1.86089e-05
0.000151718
3.33845e-05
0.00015492
4.91748e-05
0.000158882
6.52692e-05
0.000163643
8.09033e-05
0.000169242
9.54677e-05
0.000175707
0.000108422
0.00018304
0.000119308
0.000191212
0.000127689
0.000200135
0.00013313
0.000209617
0.000135172
0.000219357
0.00013348
0.000228827
0.000127683
0.000237506
0.000118112
0.000244709
0.000105022
0.000250293
8.99734e-05
0.000254229
7.38925e-05
0.000256693
5.78801e-05
0.000257967
4.25999e-05
0.000258291
2.85538e-05
0.000257833
1.58588e-05
0.000256761
4.41684e-06
0.000255181
-5.94892e-06
0.000253162
-1.54445e-05
0.000250712
-2.42276e-05
0.000247829
-3.24009e-05
0.000244458
-4.01545e-05
0.000240607
-4.73858e-05
0.000236154
-5.43087e-05
0.00023125
-6.04214e-05
0.000225979
-6.5743e-05
0.000220507
-6.99833e-05
0.000214982
-7.30593e-05
0.000209549
-7.48663e-05
0.000204328
-7.54048e-05
0.00019941
-7.4729e-05
0.000194858
-7.29563e-05
0.000190709
-7.02431e-05
0.000186978
-6.67723e-05
0.000183668
-6.27396e-05
0.000180768
-5.83445e-05
0.000178262
-5.37853e-05
0.000176128
-4.92547e-05
0.000174343
-4.49397e-05
0.00017288
-4.1014e-05
0.000171707
-3.76437e-05
0.000170782
-3.49654e-05
0.000170048
-3.31213e-05
-3.21804e-05
0.000147658
4.98313e-06
0.000149323
1.69435e-05
0.000151851
3.08569e-05
0.00015522
4.58055e-05
0.000159436
6.10535e-05
0.000164533
7.58068e-05
0.000170523
8.94776e-05
0.000177399
0.000101546
0.000185122
0.000111584
0.000193629
0.000119182
0.000202786
0.000123972
0.00021238
0.000125578
0.000222106
0.000123754
0.000231501
0.000118288
0.000240116
0.000109497
0.000247423
9.77151e-05
0.000253258
8.41387e-05
0.000257565
6.95855e-05
0.000260462
5.4983e-05
0.00026213
4.09319e-05
0.000262838
2.78459e-05
0.000262755
1.5942e-05
0.000261926
5.24599e-06
0.000260506
-4.52923e-06
0.000258584
-1.35225e-05
0.00025618
-2.18238e-05
0.0002533
-2.95204e-05
0.000249911
-3.67653e-05
0.000246024
-4.34993e-05
0.000241575
-4.98595e-05
0.000236673
-5.55193e-05
0.000231397
-6.04673e-05
0.000225891
-6.44776e-05
0.000220294
-6.74623e-05
0.000214747
-6.93192e-05
0.000209372
-7.00299e-05
0.000204269
-6.96251e-05
0.000199507
-6.81951e-05
0.000195135
-6.5871e-05
0.000191177
-6.28138e-05
0.00018764
-5.92026e-05
0.00018452
-5.52245e-05
0.000181805
-5.10702e-05
0.000179477
-4.69272e-05
0.000177517
-4.29794e-05
0.0001759
-3.93967e-05
0.000174597
-3.63407e-05
0.000173568
-3.3937e-05
0.000172755
-3.23086e-05
-3.15032e-05
0.000147636
4.39283e-06
0.00014931
1.52692e-05
0.00015189
2.82764e-05
0.000155409
4.22865e-05
0.000159879
5.65842e-05
0.000165321
7.03649e-05
0.000171715
8.30836e-05
0.000179015
9.42459e-05
0.000187148
0.000103451
0.000195998
0.000110332
0.000205412
0.000114558
0.000215161
0.00011583
0.000224941
0.000113974
0.000234344
0.000108885
0.000242975
0.000100866
0.000250412
9.02782e-05
0.000256484
7.80659e-05
0.000261123
6.49466e-05
0.000264402
5.17039e-05
0.000266461
3.88735e-05
0.000267486
2.68208e-05
0.000267719
1.57084e-05
0.000267164
5.8016e-06
0.000265911
-3.27686e-06
0.000264095
-1.17064e-05
0.000261753
-1.94815e-05
0.000258894
-2.66617e-05
0.000255506
-3.33772e-05
0.000251604
-3.95966e-05
0.000247157
-4.54129e-05
0.000242252
-5.06143e-05
0.000236963
-5.51787e-05
0.000231418
-5.89327e-05
0.000225747
-6.17913e-05
0.000220087
-6.36587e-05
0.00021456
-6.45033e-05
0.000209272
-6.43366e-05
0.000204301
-6.3224e-05
0.000199702
-6.12721e-05
0.000195508
-5.86198e-05
0.000191734
-5.54283e-05
0.00018838
-5.18714e-05
0.000185441
-4.81308e-05
0.000182902
-4.43879e-05
0.000180746
-4.08238e-05
0.000178954
-3.76047e-05
0.000177502
-3.48883e-05
0.000176353
-3.27885e-05
0.000175451
-3.14065e-05
-3.07603e-05
0.000147583
3.85533e-06
0.000149227
1.36253e-05
0.000151825
2.56776e-05
0.000155486
3.86261e-05
0.00016022
5.18499e-05
0.000166028
6.4557e-05
0.000172848
7.62641e-05
0.000180592
8.65018e-05
0.000189137
9.49055e-05
0.000198352
0.000101117
0.000208054
0.000104856
0.000218001
0.000105883
0.000227898
0.000104077
0.000237379
9.94044e-05
0.000246093
9.21514e-05
0.000253691
8.26801e-05
0.000260004
7.17528e-05
0.000264954
5.99964e-05
0.000268585
4.80735e-05
0.000271002
3.64561e-05
0.000272356
2.54667e-05
0.000272815
1.52495e-05
0.000272553
6.06398e-06
0.000271482
-2.20572e-06
0.000269777
-1.00013e-05
0.000267505
-1.72097e-05
0.00026468
-2.38372e-05
0.000261305
-3.00015e-05
0.000257396
-3.56885e-05
0.00025295
-4.09664e-05
0.000248036
-4.57004e-05
0.000242726
-4.9869e-05
0.000237135
-5.33413e-05
0.000231385
-5.60413e-05
0.000225608
-5.78816e-05
0.000219927
-5.88226e-05
0.000214451
-5.88603e-05
0.000209265
-5.80379e-05
0.000204432
-5.64387e-05
0.000199991
-5.41794e-05
0.000195966
-5.14027e-05
0.000192362
-4.82679e-05
0.000189178
-4.4947e-05
0.000186405
-4.16142e-05
0.000184029
-3.84482e-05
0.000182036
-3.56116e-05
0.000180409
-3.3261e-05
0.000179117
-3.14975e-05
0.000178111
-3.04001e-05
-2.99446e-05
0.000147488
3.41274e-06
0.000149056
1.20566e-05
0.000151643
2.30907e-05
0.000155452
3.48169e-05
0.000160478
4.68239e-05
0.000166681
5.8354e-05
0.000173947
6.89981e-05
0.000182145
7.83043e-05
0.000191123
8.5928e-05
0.000200724
9.15161e-05
0.000210741
9.48392e-05
0.000220928
9.56952e-05
0.000231001
9.40046e-05
0.000240623
8.97821e-05
0.000249481
8.32937e-05
0.000257274
7.48866e-05
0.000263839
6.51877e-05
0.000269094
5.47416e-05
0.000273058
4.4109e-05
0.000275814
3.37006e-05
0.000277477
2.38033e-05
0.00027818
1.45468e-05
0.000278147
6.0975e-06
0.000277278
-1.33763e-06
0.000275691
-8.41413e-06
0.000273494
-1.50126e-05
0.000270711
-2.10537e-05
0.000267353
-2.66438e-05
0.000263445
-3.17799e-05
0.000258995
-3.65165e-05
0.000254065
-4.07711e-05
0.000248726
-4.45294e-05
0.00024308
-4.76954e-05
0.000237244
-5.02051e-05
0.000231344
-5.19819e-05
0.000225503
-5.2982e-05
0.000219832
-5.31894e-05
0.000214422
-5.2628e-05
0.000209343
-5.13592e-05
0.000204642
-4.94781e-05
0.000200347
-4.71083e-05
0.000196473
-4.43934e-05
0.000193021
-4.14947e-05
0.000189985
-3.85787e-05
0.000187359
-3.5822e-05
0.000185131
-3.33841e-05
0.000183295
-3.14251e-05
0.000181831
-3.00333e-05
0.0001807
-2.92686e-05
-2.90461e-05
0.000147326
3.13139e-06
0.000148773
1.06096e-05
0.000151328
2.05359e-05
0.000155318
3.08273e-05
0.000160682
4.14598e-05
0.000167317
5.17185e-05
0.000175052
6.12634e-05
0.000183711
6.9645e-05
0.000193136
7.65028e-05
0.000203134
8.15184e-05
0.000213491
8.44817e-05
0.00022396
8.52265e-05
0.000234261
8.37037e-05
0.000244085
7.99585e-05
0.000253142
7.42363e-05
0.000261169
6.686e-05
0.000268006
5.83509e-05
0.000273568
4.91794e-05
0.000277858
3.98185e-05
0.000280937
3.06217e-05
0.000282901
2.18399e-05
0.000283864
1.35835e-05
0.000284004
5.95718e-06
0.000283352
-6.85105e-07
0.000281886
-6.94828e-06
0.000279765
-1.2892e-05
0.000277026
-1.83146e-05
0.000273688
-2.33055e-05
0.000269779
-2.78713e-05
0.00026532
-3.20578e-05
0.000260369
-3.58192e-05
0.00025499
-3.91509e-05
0.000249281
-4.19861e-05
0.00024335
-4.42746e-05
0.00023732
-4.59517e-05
0.000231311
-4.69732e-05
0.000225436
-4.73143e-05
0.000219791
-4.69826e-05
0.000214451
-4.60192e-05
0.000209471
-4.44981e-05
0.000204886
-4.25238e-05
0.000200716
-4.02233e-05
0.000196967
-3.77461e-05
0.000193638
-3.52492e-05
0.000190725
-3.29086e-05
0.000188221
-3.08809e-05
0.000186133
-2.93368e-05
0.000184453
-2.83533e-05
0.000183166
-2.79812e-05
-2.80499e-05
0.000147052
3.12383e-06
0.000148329
9.33304e-06
0.000150857
1.80071e-05
0.000155098
2.65868e-05
0.000160869
3.56887e-05
0.000167973
4.46148e-05
0.000176182
5.30536e-05
0.000185307
6.05204e-05
0.000195175
6.66344e-05
0.000205582
7.11123e-05
0.000216305
7.37583e-05
0.000227095
7.44361e-05
0.000237678
7.31206e-05
0.000247762
6.98752e-05
0.000257074
6.49237e-05
0.000265376
5.85588e-05
0.00027251
5.12163e-05
0.000278391
4.32984e-05
0.000283009
3.52011e-05
0.000286406
2.72246e-05
0.000288664
1.95812e-05
0.000289877
1.23714e-05
0.000290178
5.65575e-06
0.000289741
-2.48287e-07
0.000288393
-5.59981e-06
0.000286347
-1.08467e-05
0.000283652
-1.56194e-05
0.000280331
-1.99845e-05
0.000276419
-2.39595e-05
0.000271945
-2.75838e-05
0.000266963
-3.0837e-05
0.000261537
-3.37246e-05
0.000255755
-3.62046e-05
0.000249722
-3.82409e-05
0.000243552
-3.97822e-05
0.000237366
-4.07867e-05
0.000231276
-4.12239e-05
0.000225381
-4.10877e-05
0.000219763
-4.04014e-05
0.000214484
-3.92189e-05
0.000209585
-3.76253e-05
0.000205092
-3.57298e-05
0.000201015
-3.36691e-05
0.000197354
-3.15889e-05
0.000194111
-2.96652e-05
0.000191281
-2.80511e-05
0.000188883
-2.69387e-05
0.000186927
-2.63969e-05
0.000185437
-2.64916e-05
-2.69325e-05
0.000146569
3.59915e-06
0.000147632
8.27017e-06
0.000150192
1.54467e-05
0.000154824
2.19552e-05
0.000161096
2.94164e-05
0.000168694
3.70174e-05
0.000177362
4.43854e-05
0.000186935
5.09474e-05
0.00019723
5.63392e-05
0.000208047
6.02951e-05
0.00021916
6.26454e-05
0.000230314
6.32825e-05
0.000241234
6.22004e-05
0.000251637
5.9472e-05
0.000261263
5.5298e-05
0.000269884
4.99373e-05
0.000277349
4.37519e-05
0.000283566
3.70806e-05
0.000288518
3.02497e-05
0.000292233
2.35096e-05
0.000294781
1.70329e-05
0.000296239
1.09137e-05
0.000296715
5.17919e-06
0.000296446
2.11905e-08
0.000295227
-4.38132e-06
0.000293256
-8.87514e-06
0.000290599
-1.29629e-05
0.00028729
-1.66751e-05
0.000283369
-2.00381e-05
0.000278871
-2.30865e-05
0.000273851
-2.58164e-05
0.000268368
-2.82424e-05
0.000262507
-3.03429e-05
0.000256362
-3.20965e-05
0.000250046
-3.34655e-05
0.000243672
-3.44133e-05
0.000237355
-3.49064e-05
0.000231196
-3.49284e-05
0.000225281
-3.44873e-05
0.00021968
-3.36176e-05
0.000214441
-3.2386e-05
0.000209593
-3.08819e-05
0.000205152
-2.92284e-05
0.00020112
-2.75564e-05
0.000197497
-2.60425e-05
0.000194279
-2.48332e-05
0.000191497
-2.41564e-05
0.000189176
-2.40765e-05
0.00018741
-2.47253e-05
-2.56525e-05
0.000145651
4.9924e-06
0.000146458
7.46324e-06
0.000149279
1.26258e-05
0.000154561
1.66731e-05
0.000161439
2.25383e-05
0.000169507
2.89491e-05
0.000178583
3.53096e-05
0.000188548
4.09821e-05
0.000199244
4.56436e-05
0.000210473
4.90659e-05
0.000222002
5.11168e-05
0.000233566
5.17187e-05
0.000244884
5.08823e-05
0.000255672
4.86834e-05
0.000265673
4.5297e-05
0.000274667
4.09439e-05
0.000282499
3.59198e-05
0.000289077
3.0502e-05
0.000294375
2.49521e-05
0.000298411
1.94733e-05
0.000301246
1.41984e-05
0.000302947
9.21278e-06
0.00030362
4.50648e-06
0.000303466
1.75182e-07
0.000302376
-3.29218e-06
0.00030048
-6.97819e-06
0.000297855
-1.03383e-05
0.000294549
-1.33692e-05
0.000290609
-1.60984e-05
0.000286079
-1.85564e-05
0.000281012
-2.07491e-05
0.000275467
-2.26969e-05
0.000269519
-2.4395e-05
0.000263258
-2.58357e-05
0.000256788
-2.69959e-05
0.000250221
-2.78456e-05
0.000243666
-2.83516e-05
0.000237228
-2.84901e-05
0.000230997
-2.82571e-05
0.000225049
-2.76697e-05
0.00021944
-2.67767e-05
0.000214204
-2.5646e-05
0.000209361
-2.43854e-05
0.000204911
-2.31059e-05
0.000200853
-2.19849e-05
0.000197174
-2.11538e-05
0.000193911
-2.08932e-05
0.000191098
-2.12637e-05
0.000188927
-2.25551e-05
-2.41317e-05
0.000143689
8.34737e-06
0.000144197
6.95547e-06
0.000148065
8.7571e-06
0.00015447
1.02681e-05
0.000161994
1.50145e-05
0.000170422
2.05212e-05
0.000179782
2.59495e-05
0.000190047
3.07172e-05
0.0002011
3.4591e-05
0.000212741
3.74249e-05
0.000224718
3.91393e-05
0.00023675
3.96867e-05
0.000248538
3.90946e-05
0.000259787
3.74339e-05
0.000270235
3.48493e-05
0.000279659
3.15194e-05
0.000287904
2.7675e-05
0.000294873
2.35328e-05
0.000300535
1.9291e-05
0.0003049
1.51079e-05
0.000308023
1.10755e-05
0.000309965
7.27013e-06
0.000310821
3.65141e-06
0.000310779
2.16739e-07
0.000309801
-2.3142e-06
0.000307971
-5.14846e-06
0.00030537
-7.73659e-06
0.000302057
-1.00562e-05
0.000298088
-1.21296e-05
0.000293514
-1.3983e-05
0.000288393
-1.56273e-05
0.000282779
-1.70833e-05
0.000276742
-1.83584e-05
0.000270365
-1.9458e-05
0.000263742
-2.03727e-05
0.000256977
-2.10812e-05
0.000250178
-2.15526e-05
0.000243448
-2.17602e-05
0.000236883
-2.16916e-05
0.000230562
-2.13493e-05
0.000224552
-2.07661e-05
0.000218891
-1.9985e-05
0.000213603
-1.90974e-05
0.000208684
-1.81874e-05
0.000204131
-1.74311e-05
0.000199904
-1.69275e-05
0.000196036
-1.7025e-05
0.000192541
-1.77687e-05
0.000189734
-1.97484e-05
-2.21924e-05
0.000137957
1.74339e-05
0.000138357
6.55599e-06
0.000146741
3.72531e-07
0.000154927
2.08218e-06
0.000162886
7.0555e-06
0.000171347
1.20601e-05
0.00018074
1.65568e-05
0.00019117
2.02871e-05
0.000202527
2.32339e-05
0.000214581
2.53716e-05
0.000227063
2.66571e-05
0.000239643
2.71064e-05
0.000251992
2.67454e-05
0.000263796
2.56301e-05
0.000274776
2.38693e-05
0.000284703
2.15927e-05
0.000293414
1.89638e-05
0.00030081
1.61365e-05
0.000306857
1.32447e-05
0.000311562
1.04029e-05
0.000314977
7.65985e-06
0.000317162
5.08566e-06
0.000318188
2.62525e-06
0.000318245
1.59439e-07
0.000317367
-1.43565e-06
0.000315594
-3.37597e-06
0.000313004
-5.14627e-06
0.000309671
-6.72318e-06
0.000305661
-8.11933e-06
0.000301033
-9.35527e-06
0.000295849
-1.04439e-05
0.000290167
-1.14009e-05
0.000284047
-1.22383e-05
0.000277562
-1.29727e-05
0.000270795
-1.36065e-05
0.000263842
-1.41276e-05
0.0002568
-1.45111e-05
0.000249772
-1.47316e-05
0.000242854
-1.47738e-05
0.000236134
-1.4629e-05
0.000229686
-1.43185e-05
0.000223559
-1.38577e-05
0.000217776
-1.33144e-05
0.000212331
-1.27429e-05
0.000207212
-1.23121e-05
0.000202343
-1.20582e-05
0.000197715
-1.23966e-05
0.000193251
-1.33052e-05
0.000189337
-1.58347e-05
-1.93826e-05
0.000114191
5.02861e-05
0.000129184
-8.43662e-06
0.000146243
-1.66872e-05
0.000156403
-8.07737e-06
0.0001639
-4.41867e-07
0.000171663
4.29739e-06
0.000180704
7.51637e-06
0.000191125
9.86545e-06
0.00020274
1.16188e-05
0.000215243
1.28693e-05
0.000228301
1.35985e-05
0.000241535
1.38723e-05
0.000254567
1.37143e-05
0.000267044
1.31526e-05
0.000278664
1.22495e-05
0.00028918
1.10765e-05
0.000298422
9.72209e-06
0.000306287
8.2716e-06
0.000312742
6.78941e-06
0.000317798
5.34664e-06
0.000321511
3.94691e-06
0.000323946
2.65133e-06
0.00032514
1.43074e-06
0.000325266
3.39335e-08
0.00032448
-6.50212e-07
0.000322759
-1.65513e-06
0.000320171
-2.55837e-06
0.000316808
-3.35927e-06
0.000312747
-4.05856e-06
0.00030806
-4.66887e-06
0.000302818
-5.20146e-06
0.000297081
-5.66432e-06
0.000290906
-6.06305e-06
0.000284351
-6.41745e-06
0.000277484
-6.73906e-06
0.00027038
-7.02355e-06
0.000263124
-7.25538e-06
0.000255809
-7.41678e-06
0.000248532
-7.49642e-06
0.000241381
-7.47871e-06
0.00023444
-7.3776e-06
0.000227772
-7.18917e-06
0.000221424
-6.96589e-06
0.000215382
-6.70099e-06
0.000209611
-6.54172e-06
0.000203998
-6.44467e-06
0.000198413
-6.81198e-06
0.000192617
-7.5091e-06
0.000186541
-9.75863e-06
-1.41322e-05
0.00019733
0.000188893
0.000172206
0.000164128
0.000163687
0.000167984
0.0001755
0.000185366
0.000196985
0.000209854
0.000223452
0.000237325
0.000251039
0.000264191
0.000276441
0.000287517
0.00029724
0.000305511
0.000312301
0.000317647
0.000321594
0.000324245
0.000325676
0.00032571
0.00032506
0.000323405
0.000320846
0.000317487
0.000313429
0.00030876
0.000303558
0.000297894
0.000291831
0.000285413
0.000278674
0.000271651
0.000264396
0.000256979
0.000249482
0.000242004
0.000234626
0.000227437
0.000220471
0.00021377
0.000207228
0.000200784
0.000193972
0.000186463
0.000176704
)
;

boundaryField
{
    floor
    {
        type            calculated;
        value           uniform 0;
    }
    ceiling
    {
        type            calculated;
        value           nonuniform List<scalar> 
50
(
0
0
0
0
0
0
0
0
0
0
0
0
0
0
0
0
0
0
0
0
0
0
0
0
0
0
0
0
0
0
0
0
0
0
-3.30872e-24
0
0
0
0
0
-3.30872e-24
0
0
0
3.30872e-24
0
0
-3.30872e-24
-3.30872e-24
0
)
;
    }
    inlet
    {
        type            calculated;
        value           nonuniform List<scalar> 
40
(
-0.000147052
-0.000147051
-0.000147051
-0.000147051
-0.000147051
-0.00014705
-0.00014705
-0.00014705
-0.00014705
-0.00014705
-0.000147049
-0.000147049
-0.000147049
-0.000147049
-0.000147049
-0.000147048
-0.000147048
-0.000147048
-0.000147048
-0.000147048
-0.000147047
-0.000147047
-0.000147047
-0.000147047
-0.000147046
-0.000147046
-0.000147046
-0.000147046
-0.000147046
-0.000147045
-0.000147045
-0.000147045
-0.000147045
-0.000147045
-0.000147044
-0.000147044
-0.000147044
-0.000147044
-0.000147043
-0.000147043
)
;
    }
    outlet
    {
        type            calculated;
        value           nonuniform List<scalar> 
40
(
0.000111394
0.000103096
0.000101254
0.00010198
0.000103828
0.000106292
0.000109127
0.000112182
0.00011536
0.000118593
0.000121831
0.00012504
0.000128198
0.000131288
0.000134306
0.000137249
0.000140119
0.000142922
0.000145666
0.000148363
0.000151023
0.000153658
0.000156278
0.000158894
0.000161514
0.000164143
0.000166783
0.000169431
0.000172078
0.000174708
0.000177295
0.000179801
0.00018217
0.00018432
0.00018613
0.000187407
0.000187795
0.000186528
0.00018129
0.000162572
)
;
    }
    fixedWalls
    {
        type            empty;
        value           nonuniform 0();
    }
    baffleFacesThermoBaffle1D_master
    {
        type            calculated;
        value           nonuniform List<scalar> 
16
(
0
0
-1.35525e-20
0
0
0
0
0
0
0
0
0
0
0
0
0
)
;
    }
    baffleFacesThermoBaffle1D_slave
    {
        type            calculated;
        value           nonuniform List<scalar> 
16
(
0
0
0
0
0
1.35525e-20
0
-1.35525e-20
0
0
0
0
0
0
0
0
)
;
    }
    baffleFacesThermoBaffle3D_master
    {
        type            calculated;
        value           nonuniform List<scalar> 
16
(
0
0
0
0
0
0
0
0
0
0
0
0
0
0
0
-2.71051e-20
)
;
    }
    baffleFacesThermoBaffle3D_slave
    {
        type            calculated;
        value           nonuniform List<scalar> 
16
(
0
0
5.42101e-20
0
0
0
-5.42101e-20
-5.42101e-20
0
0
0
0
0
0
0
0
)
;
    }
}


// ************************************************************************* //
