/*--------------------------------*- C++ -*----------------------------------*\
| =========                 |                                                 |
| \\      /  F ield         | OpenFOAM: The Open Source CFD Toolbox           |
|  \\    /   O peration     | Version:  v1906                                 |
|   \\  /    A nd           | Web:      www.OpenFOAM.com                      |
|    \\/     M anipulation  |                                                 |
\*---------------------------------------------------------------------------*/
FoamFile
{
    version     2.0;
    format      ascii;
    class       volVectorField;
    location    "500";
    object      U;
}
// * * * * * * * * * * * * * * * * * * * * * * * * * * * * * * * * * * * * * //

dimensions      [0 1 -1 0 0 0 0];


internalField   nonuniform List<vector> 
2000
(
(0.0918343 -0.0537093 0)
(0.152621 0.0033673 0)
(0.118169 0.00976309 0)
(0.0958064 0.00885153 0)
(0.0842884 0.00723512 0)
(0.0693101 0.0070422 0)
(0.0543987 0.00759136 0)
(0.037926 0.00828853 0)
(0.0205103 0.00864814 0)
(0.00273798 0.00840809 0)
(-0.0136203 0.00704646 0)
(-0.0265281 0.00388089 0)
(-0.0314333 -0.000735978 0)
(-0.0254129 -0.00764258 0)
(-0.00863184 -0.00668197 0)
(0.00217342 0.00262055 0)
(-0.0224817 0.0138829 0)
(-0.0583161 0.0134489 0)
(-0.0832911 0.00947745 0)
(-0.100801 0.0050654 0)
(-0.108914 0.000997977 0)
(-0.109813 -0.00142665 0)
(-0.103992 -0.00573664 0)
(-0.0891463 -0.00937648 0)
(-0.0672934 -0.0136191 0)
(-0.0358533 -0.0172819 0)
(-0.000345151 -0.0190872 0)
(0.029581 -0.0151491 0)
(0.0484366 0.0177029 0)
(-0.0264939 0.0137425 0)
(-0.0511802 0.0104392 0)
(-0.06743 0.00436398 0)
(-0.0717092 0.000465127 0)
(-0.0695913 -0.00290883 0)
(-0.0613916 -0.00458835 0)
(-0.0511801 -0.00542057 0)
(-0.0396488 -0.00580072 0)
(-0.0277751 -0.00581128 0)
(-0.0164927 -0.005457 0)
(-0.0060819 -0.00505709 0)
(0.00392992 -0.00463059 0)
(0.0126641 -0.00421482 0)
(0.0209338 -0.00383765 0)
(0.0282158 -0.00345607 0)
(0.0347767 -0.00312484 0)
(0.0410538 -0.00291808 0)
(0.046474 -0.00288558 0)
(0.0535918 -0.00316284 0)
(0.0581373 -0.00403355 0)
(0.073296 -0.00621211 0)
(0.101185 -6.37009e-05 0)
(0.0659448 0.00252495 0)
(0.0904663 0.0102488 0)
(0.089354 0.0112322 0)
(0.0845867 0.0118832 0)
(0.0749124 0.0131188 0)
(0.0634247 0.014498 0)
(0.0501319 0.0157169 0)
(0.0357903 0.0163603 0)
(0.0209749 0.0159306 0)
(0.00692488 0.0139071 0)
(-0.00572939 0.00928133 0)
(-0.0144846 0.00140387 0)
(-0.0181822 -0.00900196 0)
(-0.0138907 -0.0164246 0)
(-0.0106263 0.0111746 0)
(-0.0322207 0.0281446 0)
(-0.0571436 0.0271178 0)
(-0.0752717 0.0194403 0)
(-0.087635 0.0116017 0)
(-0.0944136 0.00407979 0)
(-0.0957992 -0.00177998 0)
(-0.0926895 -0.0089692 0)
(-0.0844641 -0.0158999 0)
(-0.0713685 -0.0232602 0)
(-0.0533005 -0.029281 0)
(-0.0294606 -0.0320241 0)
(-0.00643449 -0.0217919 0)
(0.025219 0.0295346 0)
(-0.0238559 0.0325314 0)
(-0.0413559 0.0198253 0)
(-0.0490407 0.009011 0)
(-0.05024 0.000803831 0)
(-0.0463244 -0.0050819 0)
(-0.0391949 -0.0085105 0)
(-0.0302641 -0.0102233 0)
(-0.0203996 -0.0109046 0)
(-0.0106229 -0.0107717 0)
(-0.000912848 -0.0102797 0)
(0.00836635 -0.0096417 0)
(0.0169651 -0.00886802 0)
(0.0247565 -0.00806219 0)
(0.0318479 -0.00730244 0)
(0.038218 -0.00658232 0)
(0.0439556 -0.00599828 0)
(0.0492754 -0.00560502 0)
(0.0540463 -0.00554005 0)
(0.0591855 -0.00588331 0)
(0.0632195 -0.00715011 0)
(0.0696831 -0.00888489 0)
(0.0988177 -0.00535184 0)
(0.0884273 0.00173328 0)
(0.0923086 0.00661613 0)
(0.0900976 0.012025 0)
(0.0858551 0.0155886 0)
(0.0781777 0.0185412 0)
(0.0686943 0.0210851 0)
(0.057567 0.0230985 0)
(0.0454136 0.0242166 0)
(0.0326919 0.0238566 0)
(0.0200666 0.0213067 0)
(0.00831971 0.0157092 0)
(-0.00134563 0.00623293 0)
(-0.00868624 -0.00736994 0)
(-0.0077547 -0.0244174 0)
(-0.0190786 0.0261575 0)
(-0.0367739 0.0408989 0)
(-0.0541351 0.0376053 0)
(-0.0671022 0.0273797 0)
(-0.0761701 0.0165364 0)
(-0.081791 0.00641462 0)
(-0.0835651 -0.00196672 0)
(-0.0821961 -0.0112958 0)
(-0.0779624 -0.0204079 0)
(-0.0707545 -0.0296978 0)
(-0.0610517 -0.0384555 0)
(-0.0475204 -0.0438681 0)
(-0.0331963 -0.0364078 0)
(-0.00545556 0.0308229 0)
(-0.0204729 0.0508142 0)
(-0.0320125 0.0265503 0)
(-0.0352739 0.0105648 0)
(-0.0343403 -0.000850316 0)
(-0.0297079 -0.00851445 0)
(-0.0230615 -0.0131 0)
(-0.0151562 -0.0154046 0)
(-0.00675344 -0.0162182 0)
(0.0019374 -0.0161429 0)
(0.0103853 -0.0154849 0)
(0.018442 -0.0145048 0)
(0.0259077 -0.0133473 0)
(0.0327429 -0.0121387 0)
(0.0389356 -0.0109737 0)
(0.0445128 -0.00989734 0)
(0.0495237 -0.00900159 0)
(0.0540947 -0.00835939 0)
(0.05816 -0.00809479 0)
(0.0621384 -0.00829818 0)
(0.0651807 -0.00920735 0)
(0.0687016 -0.0104004 0)
(0.0995499 -0.00116912 0)
(0.095084 0.00342408 0)
(0.0944769 0.00843144 0)
(0.0913174 0.0143301 0)
(0.0873002 0.0191928 0)
(0.0808607 0.0234366 0)
(0.072824 0.0270299 0)
(0.0633295 0.0298352 0)
(0.0528493 0.0314649 0)
(0.0417342 0.0313243 0)
(0.0304334 0.0286474 0)
(0.0193794 0.0224398 0)
(0.00919745 0.0118523 0)
(0.000263192 -0.00402503 0)
(-0.00247733 -0.027262 0)
(-0.021232 0.0434125 0)
(-0.0373329 0.051864 0)
(-0.0501347 0.0454954 0)
(-0.0595049 0.0332281 0)
(-0.06603 0.0204884 0)
(-0.0703345 0.00869685 0)
(-0.0722553 -0.00175682 0)
(-0.0720466 -0.0124015 0)
(-0.0703623 -0.0229232 0)
(-0.0670462 -0.033647 0)
(-0.0627438 -0.0433017 0)
(-0.0561603 -0.0507908 0)
(-0.0487291 -0.0467349 0)
(-0.0288963 0.00917503 0)
(-0.0158842 0.0647226 0)
(-0.0230753 0.0307846 0)
(-0.0236634 0.0106625 0)
(-0.0211611 -0.00295514 0)
(-0.0161211 -0.0120108 0)
(-0.00990952 -0.0174198 0)
(-0.0027045 -0.0202331 0)
(0.00490932 -0.0212988 0)
(0.012539 -0.0211773 0)
(0.0199417 -0.020318 0)
(0.0269577 -0.0190441 0)
(0.0334709 -0.017538 0)
(0.0394466 -0.0159592 0)
(0.0448584 -0.0144227 0)
(0.04973 -0.0130006 0)
(0.0540879 -0.0117888 0)
(0.058008 -0.010866 0)
(0.0614364 -0.0103446 0)
(0.0645878 -0.0102817 0)
(0.0668961 -0.0107976 0)
(0.0692443 -0.0114926 0)
(0.0996648 1.23036e-05 0)
(0.0972632 0.00459881 0)
(0.0957073 0.00996058 0)
(0.0925614 0.016439 0)
(0.0887721 0.022317 0)
(0.0832185 0.0276058 0)
(0.0763162 0.0321107 0)
(0.0681364 0.0356377 0)
(0.0590096 0.0377824 0)
(0.0491738 0.0379476 0)
(0.0389042 0.0353525 0)
(0.0284196 0.0290273 0)
(0.0180405 0.0180423 0)
(0.00804751 0.00078055 0)
(0.00302425 -0.0263348 0)
(-0.021544 0.060825 0)
(-0.0351999 0.0610591 0)
(-0.0449874 0.0514822 0)
(-0.0516783 0.0374499 0)
(-0.0562455 0.0232207 0)
(-0.0591817 0.010508 0)
(-0.0608375 -0.00111011 0)
(-0.0613748 -0.0125489 0)
(-0.0612257 -0.0237204 0)
(-0.0604798 -0.0348675 0)
(-0.059263 -0.0455189 0)
(-0.0565914 -0.053646 0)
(-0.0521088 -0.0540652 0)
(-0.0362591 -0.0213142 0)
(-0.0110048 0.0742561 0)
(-0.0146219 0.0329096 0)
(-0.0132441 0.00955802 0)
(-0.0095363 -0.00555966 0)
(-0.0042295 -0.0155348 0)
(0.00195198 -0.0215398 0)
(0.00859492 -0.0246638 0)
(0.0153925 -0.0257863 0)
(0.022107 -0.0255798 0)
(0.0285782 -0.0245325 0)
(0.0346839 -0.0229924 0)
(0.040348 -0.021184 0)
(0.0455423 -0.0192837 0)
(0.0502442 -0.0174221 0)
(0.0544696 -0.0156909 0)
(0.0582305 -0.0141858 0)
(0.0615722 -0.0129867 0)
(0.0644452 -0.0121885 0)
(0.066976 -0.011828 0)
(0.068766 -0.011956 0)
(0.0705264 -0.0122735 0)
(0.0997666 0.000809141 0)
(0.0981489 0.00563228 0)
(0.0964129 0.0115201 0)
(0.0935442 0.0184717 0)
(0.0900644 0.0250992 0)
(0.0852516 0.0312092 0)
(0.0793008 0.0364885 0)
(0.0722252 0.0406739 0)
(0.0642297 0.0433458 0)
(0.0554415 0.0439179 0)
(0.0459805 0.0416232 0)
(0.0359031 0.0355064 0)
(0.0252828 0.0245761 0)
(0.0143103 0.00680623 0)
(0.00670169 -0.021591 0)
(-0.0193257 0.0770317 0)
(-0.031855 0.0687766 0)
(-0.0392729 0.055598 0)
(-0.0434062 0.0402336 0)
(-0.0461582 0.0251705 0)
(-0.0479445 0.011556 0)
(-0.0490378 -0.000403947 0)
(-0.0498446 -0.0121832 0)
(-0.0505587 -0.023555 0)
(-0.0512109 -0.0348689 0)
(-0.0517939 -0.0458115 0)
(-0.0508666 -0.0554728 0)
(-0.0472925 -0.0599169 0)
(-0.0309479 -0.0484251 0)
(-0.00655832 0.080072 0)
(-0.00684621 0.0331456 0)
(-0.00375295 0.00757933 0)
(0.00100895 -0.00865197 0)
(0.00671147 -0.0191697 0)
(0.0127584 -0.0254487 0)
(0.0189188 -0.0286674 0)
(0.0250176 -0.0297649 0)
(0.030931 -0.0294371 0)
(0.0365694 -0.0281983 0)
(0.0418581 -0.0264156 0)
(0.046752 -0.0243402 0)
(0.0512325 -0.0221586 0)
(0.0552831 -0.0200126 0)
(0.058915 -0.0180057 0)
(0.0621313 -0.0162323 0)
(0.0649588 -0.0147715 0)
(0.0673534 -0.0137041 0)
(0.069403 -0.0130579 0)
(0.0708178 -0.012857 0)
(0.0722217 -0.0128947 0)
(0.0998325 0.00138238 0)
(0.09856 0.0065757 0)
(0.0968448 0.0129575 0)
(0.0942823 0.0203221 0)
(0.091153 0.0275471 0)
(0.0869913 0.0343251 0)
(0.0818623 0.0402722 0)
(0.0757342 0.0450682 0)
(0.0687031 0.0482876 0)
(0.06079 0.0493669 0)
(0.0519737 0.0475681 0)
(0.0421718 0.0419632 0)
(0.0312304 0.0315318 0)
(0.0193044 0.0141043 0)
(0.00932984 -0.0146307 0)
(-0.0167736 0.0912456 0)
(-0.0271919 0.0752005 0)
(-0.0322645 0.0585655 0)
(-0.0344731 0.0417598 0)
(-0.0355057 0.0261254 0)
(-0.0361846 0.012227 0)
(-0.0366994 7.62626e-05 0)
(-0.0374065 -0.0116161 0)
(-0.0385219 -0.0228831 0)
(-0.0399227 -0.0341514 0)
(-0.0414446 -0.0454866 0)
(-0.041601 -0.0566782 0)
(-0.0384216 -0.0660527 0)
(-0.023784 -0.0699855 0)
(-0.00162272 0.0820045 0)
(0.000230991 0.0318616 0)
(0.00502505 0.00465717 0)
(0.0107627 -0.0121353 0)
(0.0167999 -0.0228787 0)
(0.0227344 -0.0291831 0)
(0.0284686 -0.0323343 0)
(0.0339466 -0.0333068 0)
(0.0391407 -0.0328132 0)
(0.0440263 -0.0313755 0)
(0.0485735 -0.0293675 0)
(0.0527647 -0.0270541 0)
(0.0565924 -0.0246258 0)
(0.0600461 -0.0222313 0)
(0.063135 -0.0199808 0)
(0.0658576 -0.0179661 0)
(0.0682295 -0.0162658 0)
(0.0702133 -0.0149513 0)
(0.0718795 -0.0140492 0)
(0.0730122 -0.0135805 0)
(0.0741656 -0.0134089 0)
(0.0998746 0.00184219 0)
(0.0987807 0.00744969 0)
(0.097147 0.0142628 0)
(0.0948619 0.0219823 0)
(0.0920819 0.0296861 0)
(0.0884945 0.037013 0)
(0.0840829 0.043541 0)
(0.0787793 0.0489085 0)
(0.0725858 0.0526986 0)
(0.065423 0.0543832 0)
(0.0571414 0.0532644 0)
(0.0475313 0.0484529 0)
(0.0362272 0.0389127 0)
(0.0234057 0.0223926 0)
(0.011486 -0.00583612 0)
(-0.0140253 0.103157 0)
(-0.0216859 0.0799469 0)
(-0.0244768 0.0601256 0)
(-0.0247407 0.0421794 0)
(-0.0241831 0.0262239 0)
(-0.0237734 0.012338 0)
(-0.0236722 0.000316825 0)
(-0.0241273 -0.0110358 0)
(-0.0253622 -0.0219742 0)
(-0.0271693 -0.0330325 0)
(-0.0293777 -0.0445931 0)
(-0.0305633 -0.0570952 0)
(-0.0296653 -0.0706597 0)
(-0.0178484 -0.0866085 0)
(0.000936322 0.0811171 0)
(0.00659737 0.0289371 0)
(0.0130929 0.000909917 0)
(0.0198058 -0.0160328 0)
(0.0261975 -0.0266671 0)
(0.0320266 -0.032761 0)
(0.0373647 -0.0356913 0)
(0.0422713 -0.0364511 0)
(0.0468063 -0.0357516 0)
(0.0510039 -0.0341079 0)
(0.0548737 -0.031889 0)
(0.0584225 -0.0293636 0)
(0.0616538 -0.0267198 0)
(0.064562 -0.02411 0)
(0.067157 -0.0216474 0)
(0.0694348 -0.0194202 0)
(0.0714042 -0.0175069 0)
(0.0730351 -0.0159744 0)
(0.0743886 -0.0148523 0)
(0.0753007 -0.0141694 0)
(0.0762585 -0.0138401 0)
(0.0999018 0.00223366 0)
(0.0989231 0.00826299 0)
(0.0973952 0.0154457 0)
(0.0953564 0.0234589 0)
(0.0929079 0.0315498 0)
(0.0898253 0.0393246 0)
(0.0860434 0.046355 0)
(0.0814693 0.0522655 0)
(0.0760212 0.0566486 0)
(0.0695249 0.0590259 0)
(0.0617198 0.0587566 0)
(0.0522704 0.055001 0)
(0.0406102 0.0467133 0)
(0.0269136 0.0316355 0)
(0.0134612 0.00508655 0)
(-0.0108832 0.112466 0)
(-0.0152987 0.0830032 0)
(-0.01587 0.0604323 0)
(-0.0141454 0.0415243 0)
(-0.0120879 0.0255086 0)
(-0.0106521 0.011921 0)
(-0.00994941 0.000263654 0)
(-0.0101052 -0.0105488 0)
(-0.0113143 -0.0209682 0)
(-0.0133449 -0.0316147 0)
(-0.0161351 -0.0431796 0)
(-0.0183439 -0.0566328 0)
(-0.0193385 -0.0737394 0)
(-0.0113686 -0.0988346 0)
(0.00440013 0.077287 0)
(0.0125016 0.0243499 0)
(0.0207057 -0.00372957 0)
(0.0283356 -0.0203348 0)
(0.0350553 -0.0305324 0)
(0.0407535 -0.0361854 0)
(0.0456957 -0.0387549 0)
(0.0500566 -0.039225 0)
(0.053975 -0.0382864 0)
(0.0575369 -0.0364322 0)
(0.0607846 -0.0340162 0)
(0.0637451 -0.0313035 0)
(0.0664325 -0.0284732 0)
(0.0688441 -0.0256792 0)
(0.0709918 -0.0230355 0)
(0.072871 -0.020625 0)
(0.0744856 -0.0185275 0)
(0.0758125 -0.0168082 0)
(0.076906 -0.0155026 0)
(0.0776398 -0.0146501 0)
(0.078434 -0.014202 0)
(0.0999199 0.00257807 0)
(0.0990343 0.00901565 0)
(0.0976257 0.0165126 0)
(0.0958192 0.0247812 0)
(0.0936855 0.0331499 0)
(0.091036 0.0413069 0)
(0.0878175 0.0487801 0)
(0.0839107 0.0551722 0)
(0.079143 0.0601721 0)
(0.0732637 0.0633275 0)
(0.0659297 0.0640562 0)
(0.0566683 0.0616029 0)
(0.0447031 0.05492 0)
(0.0301254 0.0417398 0)
(0.0151031 0.0171393 0)
(-0.00816208 0.118711 0)
(-0.00915415 0.0838317 0)
(-0.00645892 0.0592132 0)
(-0.00264155 0.0397564 0)
(0.00085382 0.0240086 0)
(0.00318435 0.0110224 0)
(0.00439282 -3.48343e-05 0)
(0.00442687 -0.0101438 0)
(0.00321021 -0.019908 0)
(0.000918985 -0.030038 0)
(-0.0021644 -0.041319 0)
(-0.00546736 -0.0551346 0)
(-0.0090271 -0.0745156 0)
(-0.00517626 -0.106283 0)
(0.00736636 0.0710553 0)
(0.0180812 0.0180412 0)
(0.0279334 -0.00908365 0)
(0.0365816 -0.0250632 0)
(0.0435046 -0.0344417 0)
(0.049016 -0.0394384 0)
(0.0535343 -0.0415251 0)
(0.0573547 -0.0416439 0)
(0.0606847 -0.0404427 0)
(0.0636527 -0.0383789 0)
(0.0663262 -0.0357811 0)
(0.068747 -0.0329059 0)
(0.070939 -0.0299167 0)
(0.0729 -0.0269679 0)
(0.0746443 -0.0241735 0)
(0.0761678 -0.0216085 0)
(0.07747 -0.0193557 0)
(0.0785341 -0.0174807 0)
(0.0794081 -0.0160257 0)
(0.0799937 -0.0150406 0)
(0.0806457 -0.0145034 0)
(0.0999327 0.002884 0)
(0.0991341 0.00970295 0)
(0.0978643 0.0174753 0)
(0.0962919 0.0259083 0)
(0.0944298 0.0345535 0)
(0.0921853 0.0429908 0)
(0.0894956 0.0508178 0)
(0.0861734 0.0577059 0)
(0.0820459 0.063301 0)
(0.0767983 0.0672844 0)
(0.0699779 0.0691377 0)
(0.0610067 0.0682145 0)
(0.0488664 0.0634963 0)
(0.0334836 0.052709 0)
(0.016793 0.0305868 0)
(-0.0036201 0.122685 0)
(-0.00178808 0.0827599 0)
(0.00413103 0.0563324 0)
(0.00996925 0.0369102 0)
(0.0144889 0.0218738 0)
(0.0176272 0.00969946 0)
(0.019277 -0.000554914 0)
(0.019522 -0.00980379 0)
(0.018366 -0.0187697 0)
(0.0158946 -0.0281836 0)
(0.0119706 -0.0389474 0)
(0.00738618 -0.0524511 0)
(0.00134209 -0.0726054 0)
(-0.00131146 -0.108335 0)
(0.0101495 0.0624093 0)
(0.0233999 0.0103554 0)
(0.0351928 -0.0154251 0)
(0.0447142 -0.0301111 0)
(0.0516868 -0.038329 0)
(0.0569041 -0.0424806 0)
(0.0609431 -0.0439872 0)
(0.0642108 -0.0437127 0)
(0.0669689 -0.0422386 0)
(0.0693759 -0.0399738 0)
(0.0715178 -0.0372134 0)
(0.0734415 -0.0341981 0)
(0.0751832 -0.0310788 0)
(0.0767372 -0.0280045 0)
(0.0781178 -0.025086 0)
(0.0793247 -0.0223955 0)
(0.0803522 -0.0200158 0)
(0.0811884 -0.0180146 0)
(0.0818748 -0.0164412 0)
(0.0823349 -0.0153537 0)
(0.0828605 -0.0147507 0)
(0.0999424 0.00315511 0)
(0.0992374 0.0103222 0)
(0.0981281 0.0182984 0)
(0.0967607 0.026916 0)
(0.0951752 0.035733 0)
(0.0933193 0.0443953 0)
(0.0911049 0.0525344 0)
(0.0883576 0.0598393 0)
(0.0848351 0.0660526 0)
(0.0802602 0.0708584 0)
(0.0740561 0.0739379 0)
(0.0655596 0.0747405 0)
(0.0534857 0.0723676 0)
(0.0374302 0.064615 0)
(0.0188085 0.0459542 0)
(-0.00134097 0.121702 0)
(0.00690063 0.0788434 0)
(0.0161629 0.0517433 0)
(0.0234865 0.0332228 0)
(0.0291861 0.0191709 0)
(0.0327421 0.00803034 0)
(0.0345698 -0.00119931 0)
(0.0349248 -0.00956256 0)
(0.0338056 -0.017606 0)
(0.031223 -0.0260732 0)
(0.0269541 -0.0358781 0)
(0.0209053 -0.0485874 0)
(0.0125801 -0.0681893 0)
(0.006408 -0.106606 0)
(0.0128144 0.0516228 0)
(0.0291736 0.00085647 0)
(0.0428797 -0.0226229 0)
(0.0529655 -0.0353836 0)
(0.0597421 -0.0420926 0)
(0.064497 -0.0452471 0)
(0.0679749 -0.0461123 0)
(0.0706636 -0.0454285 0)
(0.0728582 -0.043688 0)
(0.0747283 -0.041237 0)
(0.0763822 -0.0383299 0)
(0.077844 -0.0352119 0)
(0.0791733 -0.0319866 0)
(0.0803661 -0.0288075 0)
(0.0814175 -0.0258022 0)
(0.0823414 -0.0230097 0)
(0.0831281 -0.0205295 0)
(0.0837666 -0.0184296 0)
(0.0842908 -0.0167638 0)
(0.084643 -0.0155992 0)
(0.0850551 -0.014949 0)
(0.099952 0.00339258 0)
(0.0993537 0.0108514 0)
(0.0984005 0.0190192 0)
(0.0972414 0.0277623 0)
(0.0959421 0.036708 0)
(0.0944561 0.045538 0)
(0.0926963 0.05393 0)
(0.0904945 0.0616181 0)
(0.0876229 0.0683747 0)
(0.0837289 0.0740284 0)
(0.0783453 0.0783147 0)
(0.0705947 0.081009 0)
(0.0590256 0.0813258 0)
(0.0428104 0.077355 0)
(0.0217014 0.0619396 0)
(0.00336809 0.12009 0)
(0.0175078 0.0723419 0)
(0.0296411 0.0458279 0)
(0.0386715 0.0286629 0)
(0.044737 0.0160941 0)
(0.0482819 0.0063345 0)
(0.0500874 -0.00192323 0)
(0.0503963 -0.00932633 0)
(0.0492802 -0.0164282 0)
(0.0467012 -0.0238814 0)
(0.042281 -0.0324251 0)
(0.0355238 -0.0435604 0)
(0.0251199 -0.0610121 0)
(0.0138273 -0.0982043 0)
(0.0156364 0.037752 0)
(0.0360005 -0.0105547 0)
(0.051478 -0.0305177 0)
(0.0615608 -0.0406501 0)
(0.0677722 -0.0455702 0)
(0.0718486 -0.0476467 0)
(0.0746672 -0.047861 0)
(0.0767435 -0.0467841 0)
(0.0783836 -0.0447908 0)
(0.0797358 -0.0421917 0)
(0.0809257 -0.0391737 0)
(0.0819776 -0.0359557 0)
(0.0829261 -0.0326629 0)
(0.0837886 -0.0294168 0)
(0.084554 -0.0263292 0)
(0.0852221 -0.0234693 0)
(0.0857961 -0.0209147 0)
(0.0862643 -0.0187377 0)
(0.0866465 -0.0170085 0)
(0.0869038 -0.0157857 0)
(0.0872133 -0.0151025 0)
(0.0999623 0.00358331 0)
(0.0994701 0.0113012 0)
(0.0986813 0.019629 0)
(0.0977474 0.0284516 0)
(0.0967357 0.0374796 0)
(0.0956099 0.0464276 0)
(0.094293 0.0550159 0)
(0.0926347 0.0630205 0)
(0.0904248 0.0702727 0)
(0.0873453 0.0766687 0)
(0.0828906 0.0821576 0)
(0.0763267 0.0867314 0)
(0.0658996 0.0901218 0)
(0.0501635 0.0912996 0)
(0.0255533 0.085189 0)
(0.0089272 0.106466 0)
(0.0309863 0.0615986 0)
(0.0459255 0.0382558 0)
(0.0552528 0.0238022 0)
(0.0609817 0.0131318 0)
(0.0640807 0.00468214 0)
(0.0655425 -0.00252964 0)
(0.0656501 -0.00904528 0)
(0.0644999 -0.0152951 0)
(0.0620679 -0.0216801 0)
(0.057786 -0.0288094 0)
(0.050813 -0.0378071 0)
(0.0386294 -0.0517277 0)
(0.0235598 -0.0854461 0)
(0.0195858 0.0218542 0)
(0.0451605 -0.0245014 0)
(0.0616157 -0.0389286 0)
(0.0706312 -0.0455473 0)
(0.075813 -0.0485499 0)
(0.0789758 -0.049574 0)
(0.0810381 -0.0491914 0)
(0.0824784 -0.0477623 0)
(0.0835579 -0.0455774 0)
(0.0844304 -0.0428394 0)
(0.0851809 -0.0397465 0)
(0.0858517 -0.0364696 0)
(0.0864603 -0.0331282 0)
(0.087022 -0.0298371 0)
(0.087528 -0.0267019 0)
(0.0879729 -0.0237924 0)
(0.0883583 -0.0211872 0)
(0.0886756 -0.018961 0)
(0.0889363 -0.017178 0)
(0.0891101 -0.0159182 0)
(0.0893258 -0.015216 0)
(0.0999701 0.00374159 0)
(0.0995837 0.0116626 0)
(0.0989752 0.0201039 0)
(0.0982785 0.0289786 0)
(0.0975559 0.0380493 0)
(0.0967859 0.0470686 0)
(0.0959064 0.0557945 0)
(0.0947938 0.0640406 0)
(0.0932766 0.0716887 0)
(0.0910857 0.078721 0)
(0.0878462 0.0852022 0)
(0.0828192 0.0915184 0)
(0.0747145 0.0977762 0)
(0.0621486 0.105392 0)
(0.0339385 0.10148 0)
(0.0158508 0.102924 0)
(0.0499487 0.0475368 0)
(0.0651873 0.0304201 0)
(0.0732985 0.0191821 0)
(0.0776471 0.0106199 0)
(0.0797558 0.00344756 0)
(0.0805912 -0.00288997 0)
(0.0803654 -0.00869682 0)
(0.0791958 -0.0141602 0)
(0.0770168 -0.019703 0)
(0.0732843 -0.0254104 0)
(0.067152 -0.0318292 0)
(0.0554992 -0.040013 0)
(0.0377655 -0.0633941 0)
(0.0317134 0.00630992 0)
(0.0595814 -0.0401982 0)
(0.0735129 -0.0465761 0)
(0.080164 -0.0494998 0)
(0.0838017 -0.0507873 0)
(0.0858516 -0.050929 0)
(0.0870932 -0.050061 0)
(0.0878747 -0.0483766 0)
(0.0884171 -0.0460295 0)
(0.0888245 -0.0432135 0)
(0.0891721 -0.0400746 0)
(0.0894905 -0.0367665 0)
(0.0897905 -0.0334034 0)
(0.090081 -0.0300923 0)
(0.0903535 -0.0269312 0)
(0.0906004 -0.0239946 0)
(0.0908195 -0.0213596 0)
(0.0910027 -0.0191018 0)
(0.091155 -0.0172888 0)
(0.0912575 -0.0160049 0)
(0.0913887 -0.0152908 0)
(0.0999773 0.00386047 0)
(0.0997003 0.0119317 0)
(0.09928 0.0204475 0)
(0.0988273 0.0293402 0)
(0.0983972 0.038417 0)
(0.0979812 0.0474625 0)
(0.0975356 0.0562657 0)
(0.0969698 0.0646696 0)
(0.0961646 0.072593 0)
(0.0949286 0.0800775 0)
(0.0930494 0.0873043 0)
(0.0899902 0.0948989 0)
(0.0850154 0.103862 0)
(0.0764167 0.121453 0)
(0.050039 0.159293 0)
(0.0601727 0.0437213 0)
(0.0766085 0.029035 0)
(0.0881072 0.0232521 0)
(0.0921035 0.015974 0)
(0.0941246 0.00910815 0)
(0.0948379 0.00283094 0)
(0.0948468 -0.00292417 0)
(0.09423 -0.00815981 0)
(0.0930167 -0.0131713 0)
(0.0911733 -0.0180146 0)
(0.088185 -0.0226129 0)
(0.0836223 -0.0266817 0)
(0.0736899 -0.0269764 0)
(0.060209 -0.0166641 0)
(0.0726977 -0.05272 0)
(0.0775861 -0.0542492 0)
(0.086523 -0.0517689 0)
(0.0897709 -0.0519543 0)
(0.0915566 -0.0520917 0)
(0.092412 -0.0516431 0)
(0.0928097 -0.0504708 0)
(0.0929522 -0.0486069 0)
(0.0929729 -0.0461801 0)
(0.0929471 -0.0433245 0)
(0.0929216 -0.040175 0)
(0.0929163 -0.0368658 0)
(0.0929356 -0.0335063 0)
(0.0929814 -0.0301977 0)
(0.093044 -0.0270331 0)
(0.093114 -0.0240895 0)
(0.0931854 -0.0214438 0)
(0.0932501 -0.0191725 0)
(0.0933063 -0.0173448 0)
(0.0933449 -0.0160508 0)
(0.0933994 -0.0153307 0)
(0.0999847 0.00394109 0)
(0.0998196 0.0121056 0)
(0.099592 0.0206538 0)
(0.0993871 0.0295328 0)
(0.0992516 0.0385823 0)
(0.0991871 0.0476111 0)
(0.09917 0.0564309 0)
(0.0991459 0.0649031 0)
(0.0990557 0.0729642 0)
(0.0988048 0.0806732 0)
(0.0984044 0.0882393 0)
(0.0976612 0.0963114 0)
(0.0978054 0.105963 0)
(0.0965554 0.1236 0)
(0.134659 0.145848 0)
(0.153453 0.0556121 0)
(0.115234 0.0292515 0)
(0.112394 0.0222802 0)
(0.110404 0.0154776 0)
(0.109606 0.00898207 0)
(0.108809 0.00298306 0)
(0.107969 -0.00250629 0)
(0.106948 -0.00754399 0)
(0.105692 -0.0122549 0)
(0.10417 -0.0167269 0)
(0.102069 -0.0207611 0)
(0.0999395 -0.0237518 0)
(0.0954778 -0.0223531 0)
(0.109013 -0.0140264 0)
(0.115885 -0.053987 0)
(0.0985937 -0.0547956 0)
(0.0990217 -0.0529664 0)
(0.098856 -0.0526443 0)
(0.0988445 -0.0524123 0)
(0.0985684 -0.0517263 0)
(0.0981758 -0.0504119 0)
(0.0977132 -0.0484875 0)
(0.0972505 -0.0460402 0)
(0.0968225 -0.0431924 0)
(0.0964539 -0.0400664 0)
(0.0961525 -0.0367847 0)
(0.0959162 -0.0334528 0)
(0.0957406 -0.0301681 0)
(0.095614 -0.0270206 0)
(0.0955252 -0.0240888 0)
(0.0954647 -0.0214495 0)
(0.095424 -0.0191805 0)
(0.0953947 -0.0173523 0)
(0.0953755 -0.016058 0)
(0.0953594 -0.0153402 0)
(0.0999922 0.00398255 0)
(0.0999403 0.0121825 0)
(0.0999071 0.0207214 0)
(0.0999508 0.0295555 0)
(0.100109 0.038546 0)
(0.100391 0.0475177 0)
(0.100792 0.0562959 0)
(0.101293 0.064748 0)
(0.10189 0.0728086 0)
(0.102575 0.0805114 0)
(0.103527 0.0880012 0)
(0.104782 0.095651 0)
(0.108259 0.103886 0)
(0.112462 0.113533 0)
(0.144468 0.118901 0)
(0.162304 0.0652388 0)
(0.137868 0.0397753 0)
(0.130637 0.0264108 0)
(0.125678 0.0173697 0)
(0.123078 0.0100877 0)
(0.121177 0.00381752 0)
(0.119681 -0.0017438 0)
(0.11832 -0.0067578 0)
(0.116979 -0.0114034 0)
(0.115632 -0.0157623 0)
(0.114047 -0.0197349 0)
(0.113001 -0.0229508 0)
(0.111086 -0.0245898 0)
(0.120685 -0.0242752 0)
(0.123048 -0.0470723 0)
(0.111286 -0.0503746 0)
(0.10878 -0.0515476 0)
(0.106742 -0.0519779 0)
(0.105449 -0.0519103 0)
(0.104256 -0.0512461 0)
(0.103176 -0.0499431 0)
(0.102174 -0.0480419 0)
(0.101272 -0.0456346 0)
(0.100477 -0.0428371 0)
(0.0997945 -0.0397666 0)
(0.0992229 -0.036539 0)
(0.0987536 -0.0332572 0)
(0.0983769 -0.0300165 0)
(0.0980789 -0.0269049 0)
(0.0978467 -0.024002 0)
(0.0976675 -0.021385 0)
(0.0975323 -0.0191326 0)
(0.097426 -0.0173163 0)
(0.0973546 -0.016031 0)
(0.0972734 -0.0153207 0)
(0.0999997 0.00398466 0)
(0.100061 0.0121622 0)
(0.100221 0.0206506 0)
(0.10051 0.0294094 0)
(0.100958 0.0383111 0)
(0.101578 0.0471884 0)
(0.102382 0.0558715 0)
(0.103381 0.0642239 0)
(0.104618 0.0721634 0)
(0.106151 0.0796751 0)
(0.108258 0.0868049 0)
(0.111116 0.093617 0)
(0.116601 0.100026 0)
(0.123877 0.104215 0)
(0.1472 0.102556 0)
(0.160774 0.0684715 0)
(0.149042 0.0462965 0)
(0.142855 0.0307207 0)
(0.137526 0.020046 0)
(0.134225 0.0118313 0)
(0.131751 0.00508489 0)
(0.129857 -0.000716803 0)
(0.128262 -0.00585533 0)
(0.126831 -0.0105556 0)
(0.12554 -0.0149357 0)
(0.124195 -0.0190002 0)
(0.123499 -0.0225472 0)
(0.122467 -0.0257331 0)
(0.127688 -0.0279959 0)
(0.127814 -0.0430637 0)
(0.119915 -0.0471485 0)
(0.116559 -0.0495653 0)
(0.113557 -0.0506044 0)
(0.111383 -0.0508309 0)
(0.10948 -0.0503172 0)
(0.107828 -0.0491183 0)
(0.106358 -0.0473081 0)
(0.105065 -0.0449894 0)
(0.103937 -0.0422789 0)
(0.10297 -0.0392925 0)
(0.102152 -0.0361429 0)
(0.10147 -0.032932 0)
(0.100909 -0.0297539 0)
(0.100455 -0.0266954 0)
(0.100092 -0.0238373 0)
(0.0998054 -0.021257 0)
(0.0995845 -0.0190341 0)
(0.0994081 -0.0172409 0)
(0.0992891 -0.0159724 0)
(0.0991472 -0.0152743 0)
(0.100007 0.00394781 0)
(0.100179 0.0120459 0)
(0.100528 0.0204435 0)
(0.101058 0.0290974 0)
(0.101787 0.0378827 0)
(0.102732 0.0466321 0)
(0.10392 0.055173 0)
(0.105384 0.0633577 0)
(0.1072 0.0710785 0)
(0.10947 0.0782631 0)
(0.112507 0.0848529 0)
(0.116543 0.0906609 0)
(0.123099 0.0952819 0)
(0.131549 0.0963014 0)
(0.148431 0.0918227 0)
(0.158886 0.0682642 0)
(0.15467 0.049528 0)
(0.150739 0.0340396 0)
(0.146349 0.0226304 0)
(0.143147 0.0137362 0)
(0.140566 0.00653435 0)
(0.138525 0.000447326 0)
(0.136815 -0.00487073 0)
(0.135316 -0.00968402 0)
(0.134003 -0.0141466 0)
(0.132708 -0.0183462 0)
(0.131962 -0.0221984 0)
(0.130981 -0.0261569 0)
(0.133281 -0.0295624 0)
(0.132199 -0.0401693 0)
(0.126463 -0.0443414 0)
(0.122894 -0.0473158 0)
(0.119449 -0.0488084 0)
(0.116704 -0.0493434 0)
(0.114276 -0.0490366 0)
(0.112163 -0.0479974 0)
(0.110294 -0.0463242 0)
(0.108658 -0.0441311 0)
(0.107233 -0.0415374 0)
(0.106007 -0.0386597 0)
(0.104964 -0.0356096 0)
(0.104086 -0.0324884 0)
(0.103358 -0.0293896 0)
(0.10276 -0.0264002 0)
(0.102277 -0.0236013 0)
(0.101891 -0.0210711 0)
(0.101591 -0.0188894 0)
(0.10135 -0.0171291 0)
(0.101187 -0.0158847 0)
(0.100988 -0.0152028 0)
(0.100014 0.00387306 0)
(0.100293 0.0118362 0)
(0.100824 0.0201042 0)
(0.101586 0.028625 0)
(0.102585 0.0372682 0)
(0.103841 0.0458598 0)
(0.105389 0.0542185 0)
(0.10728 0.0621809 0)
(0.109611 0.0696109 0)
(0.112502 0.0763819 0)
(0.116259 0.082347 0)
(0.121097 0.0871577 0)
(0.128111 0.0902579 0)
(0.136697 0.089417 0)
(0.149436 0.0838246 0)
(0.157971 0.0663318 0)
(0.157775 0.0507504 0)
(0.155948 0.0361894 0)
(0.152857 0.0247113 0)
(0.150188 0.0154867 0)
(0.147817 0.00796827 0)
(0.145829 0.00163969 0)
(0.14411 -0.00385036 0)
(0.142579 -0.00878225 0)
(0.141215 -0.0133335 0)
(0.139873 -0.0176425 0)
(0.138916 -0.0216934 0)
(0.137703 -0.0259726 0)
(0.138179 -0.0298191 0)
(0.136414 -0.0377948 0)
(0.13183 -0.0418488 0)
(0.128247 -0.0450013 0)
(0.124616 -0.0467845 0)
(0.121508 -0.0475811 0)
(0.1187 -0.0474892 0)
(0.116221 -0.0466346 0)
(0.114019 -0.0451263 0)
(0.112084 -0.0430847 0)
(0.110394 -0.0406311 0)
(0.108934 -0.0378827 0)
(0.107684 -0.0349503 0)
(0.106626 -0.0319355 0)
(0.105741 -0.0289316 0)
(0.10501 -0.0260256 0)
(0.104415 -0.0232995 0)
(0.103936 -0.0208316 0)
(0.103563 -0.0187019 0)
(0.103261 -0.0169835 0)
(0.103056 -0.0157697 0)
(0.102804 -0.0151076 0)
(0.100021 0.00376208 0)
(0.100401 0.0115372 0)
(0.101105 0.0196386 0)
(0.102086 0.0279994 0)
(0.103342 0.0364768 0)
(0.104891 0.044884 0)
(0.106775 0.0530274 0)
(0.109057 0.0607258 0)
(0.111839 0.0678166 0)
(0.115246 0.0741292 0)
(0.119541 0.0794549 0)
(0.124892 0.0833694 0)
(0.132008 0.0853034 0)
(0.140242 0.0835285 0)
(0.150476 0.0776524 0)
(0.157916 0.0637879 0)
(0.159705 0.0505053 0)
(0.159573 0.0372971 0)
(0.157722 0.0261799 0)
(0.155755 0.0169245 0)
(0.153771 0.00925927 0)
(0.15197 0.00277758 0)
(0.150327 -0.00283775 0)
(0.148805 -0.0078603 0)
(0.147394 -0.0124761 0)
(0.145972 -0.016847 0)
(0.144776 -0.0209935 0)
(0.143291 -0.025352 0)
(0.142601 -0.0293604 0)
(0.140488 -0.0356089 0)
(0.136474 -0.039547 0)
(0.132933 -0.0426884 0)
(0.129235 -0.0446361 0)
(0.125898 -0.0456338 0)
(0.122818 -0.0457412 0)
(0.12005 -0.0450762 0)
(0.117571 -0.0437466 0)
(0.115376 -0.0418733 0)
(0.11345 -0.0395767 0)
(0.111776 -0.0369739 0)
(0.110336 -0.0341749 0)
(0.10911 -0.0312811 0)
(0.108079 -0.028386 0)
(0.107221 -0.0255767 0)
(0.10652 -0.0229356 0)
(0.105954 -0.0205414 0)
(0.10551 -0.018474 0)
(0.10515 -0.016806 0)
(0.104907 -0.0156287 0)
(0.104602 -0.0149897 0)
(0.100027 0.00361716 0)
(0.100501 0.0111544 0)
(0.101365 0.0190543 0)
(0.102551 0.0272294 0)
(0.104048 0.0355188 0)
(0.105871 0.0437181 0)
(0.108068 0.0516188 0)
(0.110706 0.0590225 0)
(0.113884 0.065745 0)
(0.117718 0.071585 0)
(0.122418 0.0762986 0)
(0.12809 0.0794456 0)
(0.135139 0.0804987 0)
(0.142963 0.0781886 0)
(0.151693 0.0723747 0)
(0.158327 0.061029 0)
(0.16119 0.049492 0)
(0.162261 0.0375749 0)
(0.161477 0.0270583 0)
(0.160228 0.0179915 0)
(0.158707 0.0103381 0)
(0.157171 0.00380594 0)
(0.155665 -0.00186864 0)
(0.154191 -0.0069358 0)
(0.152753 -0.0115773 0)
(0.151256 -0.0159593 0)
(0.149847 -0.0201198 0)
(0.148143 -0.0244 0)
(0.146723 -0.0283987 0)
(0.144334 -0.0336358 0)
(0.140695 -0.0373275 0)
(0.137166 -0.0403921 0)
(0.133454 -0.042419 0)
(0.129971 -0.0435616 0)
(0.126694 -0.0438423 0)
(0.123699 -0.0433597 0)
(0.120988 -0.0422126 0)
(0.118568 -0.0405165 0)
(0.11643 -0.0383888 0)
(0.114561 -0.0359442 0)
(0.112944 -0.0332915 0)
(0.11156 -0.0305314 0)
(0.110389 -0.0277575 0)
(0.109411 -0.025057 0)
(0.108608 -0.0225125 0)
(0.107956 -0.0202027 0)
(0.107445 -0.0182071 0)
(0.107028 -0.0165976 0)
(0.106746 -0.0154628 0)
(0.106391 -0.0148499 0)
(0.100032 0.00344125 0)
(0.100591 0.0106944 0)
(0.101601 0.0183604 0)
(0.102975 0.0263254 0)
(0.104695 0.0344053 0)
(0.106775 0.042375 0)
(0.109263 0.0500099 0)
(0.112226 0.0570971 0)
(0.115756 0.0634367 0)
(0.119947 0.0688105 0)
(0.124953 0.0729615 0)
(0.130823 0.0754767 0)
(0.137729 0.0759312 0)
(0.14519 0.07334 0)
(0.152958 0.0677656 0)
(0.159072 0.0581952 0)
(0.162582 0.0478466 0)
(0.164394 0.0372864 0)
(0.164533 0.0274173 0)
(0.163932 0.0186888 0)
(0.162884 0.0111774 0)
(0.161649 0.00469324 0)
(0.160316 -0.000969294 0)
(0.158922 -0.00602778 0)
(0.157483 -0.0106507 0)
(0.155933 -0.0149965 0)
(0.154357 -0.0191129 0)
(0.152487 -0.0232654 0)
(0.150626 -0.0271595 0)
(0.148055 -0.0316823 0)
(0.144614 -0.035171 0)
(0.141102 -0.0381124 0)
(0.137394 -0.0401624 0)
(0.133815 -0.041403 0)
(0.130392 -0.0418285 0)
(0.127216 -0.0415147 0)
(0.12431 -0.0405468 0)
(0.121693 -0.0390313 0)
(0.119363 -0.0370795 0)
(0.117313 -0.0348023 0)
(0.11553 -0.0323063 0)
(0.113995 -0.029691 0)
(0.11269 -0.0270494 0)
(0.111595 -0.0244687 0)
(0.110691 -0.0220315 0)
(0.109955 -0.0198164 0)
(0.109375 -0.0179018 0)
(0.108902 -0.0163586 0)
(0.108581 -0.0152721 0)
(0.108176 -0.0146886 0)
(0.100036 0.0032379 0)
(0.100669 0.0101654 0)
(0.101809 0.0175678 0)
(0.103352 0.0252989 0)
(0.105276 0.033148 0)
(0.107595 0.0408664 0)
(0.110358 0.0482153 0)
(0.113623 0.0549703 0)
(0.117469 0.0609227 0)
(0.121969 0.065849 0)
(0.127219 0.0694958 0)
(0.133219 0.0714955 0)
(0.140018 0.0714836 0)
(0.147157 0.0688043 0)
(0.154292 0.0635492 0)
(0.160122 0.0552307 0)
(0.163942 0.0460175 0)
(0.166265 0.0364776 0)
(0.167162 0.0273372 0)
(0.16713 0.0190466 0)
(0.166526 0.0117766 0)
(0.165598 0.00542547 0)
(0.164459 -0.000157135 0)
(0.163168 -0.00515336 0)
(0.161755 -0.00971346 0)
(0.160177 -0.0139807 0)
(0.158487 -0.0180073 0)
(0.156498 -0.0219945 0)
(0.154369 -0.0257401 0)
(0.151681 -0.0297652 0)
(0.148349 -0.0330481 0)
(0.144849 -0.0358471 0)
(0.141149 -0.0378815 0)
(0.137503 -0.0391824 0)
(0.13397 -0.0397252 0)
(0.130648 -0.0395634 0)
(0.127575 -0.0387671 0)
(0.124782 -0.0374312 0)
(0.122277 -0.0356587 0)
(0.120058 -0.0335554 0)
(0.118116 -0.0312242 0)
(0.116435 -0.0287629 0)
(0.114998 -0.0262634 0)
(0.113786 -0.0238126 0)
(0.112782 -0.0214928 0)
(0.11196 -0.0193821 0)
(0.111311 -0.0175578 0)
(0.11078 -0.0160888 0)
(0.11042 -0.0150566 0)
(0.109964 -0.0145058 0)
(0.100039 0.0030113 0)
(0.100734 0.00957613 0)
(0.101985 0.0166875 0)
(0.103676 0.0241607 0)
(0.105786 0.0317564 0)
(0.10833 0.0392031 0)
(0.111352 0.0462475 0)
(0.114904 0.0526587 0)
(0.119044 0.0582244 0)
(0.123819 0.0627272 0)
(0.129281 0.0659269 0)
(0.135387 0.0675055 0)
(0.142097 0.0671682 0)
(0.148986 0.064484 0)
(0.155703 0.059573 0)
(0.161344 0.0522703 0)
(0.16538 0.0440097 0)
(0.168099 0.0352646 0)
(0.169524 0.0269284 0)
(0.170019 0.0190954 0)
(0.169814 0.0121454 0)
(0.169184 0.00599949 0)
(0.168248 0.000557534 0)
(0.167076 -0.00432632 0)
(0.165711 -0.00878242 0)
(0.164133 -0.0129352 0)
(0.162373 -0.0168374 0)
(0.160306 -0.0206418 0)
(0.158015 -0.0242127 0)
(0.155255 -0.0278589 0)
(0.151982 -0.0309425 0)
(0.148492 -0.0335923 0)
(0.144798 -0.0355839 0)
(0.141103 -0.0369151 0)
(0.137482 -0.03755 0)
(0.134037 -0.0375223 0)
(0.130818 -0.0368871 0)
(0.127867 -0.0357265 0)
(0.125199 -0.034134 0)
(0.122819 -0.0322084 0)
(0.120723 -0.0300482 0)
(0.118898 -0.0277485 0)
(0.117329 -0.0253999 0)
(0.115999 -0.0230882 0)
(0.114892 -0.0208954 0)
(0.113981 -0.0188986 0)
(0.11326 -0.0171736 0)
(0.112668 -0.015787 0)
(0.112266 -0.0148156 0)
(0.111759 -0.0143013 0)
(0.10004 0.00276649 0)
(0.100783 0.00893755 0)
(0.102124 0.0157341 0)
(0.10394 0.0229253 0)
(0.106221 0.0302432 0)
(0.108978 0.0373893 0)
(0.112252 0.0441086 0)
(0.116079 0.0501658 0)
(0.1205 0.0553557 0)
(0.125534 0.0594606 0)
(0.131187 0.0622673 0)
(0.137389 0.0635097 0)
(0.144025 0.0629805 0)
(0.150746 0.0603577 0)
(0.1572 0.0557865 0)
(0.162752 0.0492504 0)
(0.166973 0.041804 0)
(0.16997 0.0339119 0)
(0.171802 0.0261218 0)
(0.172712 0.0189162 0)
(0.172897 0.0123049 0)
(0.172549 0.00641589 0)
(0.171815 0.00116935 0)
(0.170772 -0.00355677 0)
(0.169473 -0.00787182 0)
(0.167914 -0.0118793 0)
(0.166121 -0.0156296 0)
(0.164009 -0.0192394 0)
(0.161622 -0.0226205 0)
(0.158819 -0.0259579 0)
(0.155581 -0.0288469 0)
(0.152096 -0.0313444 0)
(0.148405 -0.033273 0)
(0.14467 -0.0346104 0)
(0.140976 -0.0353146 0)
(0.137423 -0.0354031 0)
(0.134074 -0.034917 0)
(0.130976 -0.0339251 0)
(0.128153 -0.0325106 0)
(0.125618 -0.0307645 0)
(0.12337 -0.0287798 0)
(0.1214 -0.026648 0)
(0.119698 -0.0244577 0)
(0.118246 -0.0222935 0)
(0.11703 -0.0202367 0)
(0.116025 -0.0183632 0)
(0.115226 -0.0167468 0)
(0.114568 -0.0154513 0)
(0.114122 -0.0145478 0)
(0.113561 -0.0140745 0)
(0.100039 0.00250948 0)
(0.100813 0.00826065 0)
(0.10222 0.0147197 0)
(0.104141 0.0216013 0)
(0.106577 0.0286127 0)
(0.109538 0.0354383 0)
(0.113059 0.041815 0)
(0.11716 0.0475102 0)
(0.121862 0.0523147 0)
(0.127145 0.0560554 0)
(0.13299 0.05852 0)
(0.139292 0.0594957 0)
(0.145916 0.0588162 0)
(0.152543 0.05629 0)
(0.158848 0.0520579 0)
(0.164347 0.0462047 0)
(0.168709 0.0394824 0)
(0.171959 0.0323096 0)
(0.174104 0.0252046 0)
(0.17535 0.0184145 0)
(0.175864 0.0122801 0)
(0.175807 0.00668625 0)
(0.175274 0.00167775 0)
(0.174362 -0.00285074 0)
(0.173139 -0.00699251 0)
(0.171619 -0.010828 0)
(0.169817 -0.0144035 0)
(0.167685 -0.0178096 0)
(0.165246 -0.0209908 0)
(0.162418 -0.02406 0)
(0.159199 -0.0267569 0)
(0.155718 -0.0290998 0)
(0.152024 -0.0309496 0)
(0.148253 -0.0322733 0)
(0.144494 -0.0330261 0)
(0.140844 -0.0332133 0)
(0.137374 -0.0328632 0)
(0.134136 -0.032032 0)
(0.131164 -0.0307918 0)
(0.128475 -0.0292251 0)
(0.126074 -0.0274185 0)
(0.123958 -0.0254595 0)
(0.122116 -0.0234341 0)
(0.120536 -0.0214251 0)
(0.119204 -0.0195127 0)
(0.118097 -0.0177717 0)
(0.117212 -0.0162736 0)
(0.116482 -0.0150787 0)
(0.115986 -0.0142513 0)
(0.115368 -0.0138244 0)
(0.100035 0.00224738 0)
(0.100821 0.00755862 0)
(0.102271 0.0136605 0)
(0.104272 0.0202025 0)
(0.106853 0.026874 0)
(0.110016 0.0333415 0)
(0.11379 0.0393492 0)
(0.118172 0.0446709 0)
(0.123149 0.0491233 0)
(0.128689 0.0525115 0)
(0.134732 0.0546784 0)
(0.141155 0.0554447 0)
(0.147805 0.0546889 0)
(0.154393 0.052292 0)
(0.160624 0.0483925 0)
(0.16612 0.0431213 0)
(0.170612 0.0370508 0)
(0.174077 0.0305498 0)
(0.176511 0.0240468 0)
(0.178041 0.017819 0)
(0.178821 0.0120128 0)
(0.179027 0.00682013 0)
(0.178715 0.00207687 0)
(0.177932 -0.00221197 0)
(0.176794 -0.00615222 0)
(0.175323 -0.00979256 0)
(0.173535 -0.0131738 0)
(0.171399 -0.0163675 0)
(0.168933 -0.0193408 0)
(0.166093 -0.0221645 0)
(0.162886 -0.0246695 0)
(0.159404 -0.0268552 0)
(0.155702 -0.0286131 0)
(0.151896 -0.0299057 0)
(0.148074 -0.0306887 0)
(0.144333 -0.0309575 0)
(0.140746 -0.0307299 0)
(0.137372 -0.0300499 0)
(0.134252 -0.0289787 0)
(0.131409 -0.0275897 0)
(0.128852 -0.0259626 0)
(0.126583 -0.02418 0)
(0.124596 -0.0223247 0)
(0.122878 -0.0204777 0)
(0.12142 -0.0187179 0)
(0.1202 -0.0171184 0)
(0.119219 -0.0157487 0)
(0.118407 -0.0146648 0)
(0.117856 -0.0139232 0)
(0.117175 -0.0135497 0)
(0.100027 0.00198896 0)
(0.100801 0.00684519 0)
(0.102269 0.0125712 0)
(0.10433 0.018737 0)
(0.107051 0.0250286 0)
(0.110421 0.0311039 0)
(0.114456 0.03672 0)
(0.119126 0.0416609 0)
(0.124394 0.04575 0)
(0.130196 0.048823 0)
(0.136446 0.050733 0)
(0.143012 0.0513368 0)
(0.149726 0.0505478 0)
(0.156327 0.0483019 0)
(0.162548 0.0447317 0)
(0.168081 0.0399879 0)
(0.172704 0.0345168 0)
(0.176364 0.0286432 0)
(0.179049 0.022728 0)
(0.180852 0.017013 0)
(0.181874 0.0116714 0)
(0.18229 0.00674719 0)
(0.182189 0.00238727 0)
(0.181561 -0.00164353 0)
(0.180506 -0.00535588 0)
(0.179094 -0.00878093 0)
(0.17733 -0.0119503 0)
(0.175204 -0.0149231 0)
(0.172728 -0.017681 0)
(0.169882 -0.0202708 0)
(0.166681 -0.0225824 0)
(0.163194 -0.0246073 0)
(0.159479 -0.0262615 0)
(0.155635 -0.0275078 0)
(0.151751 -0.0283035 0)
(0.147919 -0.0286375 0)
(0.144217 -0.0285185 0)
(0.140708 -0.0279793 0)
(0.137438 -0.0270706 0)
(0.134436 -0.0258561 0)
(0.131718 -0.0244085 0)
(0.129288 -0.0228046 0)
(0.127144 -0.0211238 0)
(0.125278 -0.0194447 0)
(0.123681 -0.0178449 0)
(0.122334 -0.0163957 0)
(0.121243 -0.015165 0)
(0.120336 -0.0142038 0)
(0.11972 -0.0135598 0)
(0.118971 -0.0132483 0)
(0.100013 0.00174575 0)
(0.100745 0.00613557 0)
(0.102205 0.0114669 0)
(0.104309 0.0172107 0)
(0.107175 0.0230742 0)
(0.110763 0.0287153 0)
(0.115076 0.0339136 0)
(0.120048 0.0384641 0)
(0.125615 0.042201 0)
(0.131682 0.0449849 0)
(0.138158 0.0466722 0)
(0.14489 0.0471541 0)
(0.151706 0.0463701 0)
(0.158367 0.0442935 0)
(0.164629 0.0410494 0)
(0.170237 0.0367936 0)
(0.174998 0.0318828 0)
(0.178847 0.0266016 0)
(0.181764 0.0212553 0)
(0.183812 0.0160576 0)
(0.185081 0.0111537 0)
(0.185674 0.00660494 0)
(0.185746 0.00255923 0)
(0.185302 -0.00114704 0)
(0.184333 -0.00460585 0)
(0.182982 -0.00779809 0)
(0.181253 -0.0107396 0)
(0.179142 -0.0134824 0)
(0.176666 -0.0160176 0)
(0.173818 -0.0183781 0)
(0.170618 -0.020493 0)
(0.167122 -0.0223524 0)
(0.163387 -0.0238922 0)
(0.159502 -0.0250777 0)
(0.155552 -0.0258699 0)
(0.151628 -0.0262531 0)
(0.147809 -0.0262284 0)
(0.144162 -0.0258189 0)
(0.140738 -0.0250648 0)
(0.137572 -0.0240206 0)
(0.134683 -0.0227509 0)
(0.132082 -0.0213268 0)
(0.129769 -0.0198237 0)
(0.127739 -0.0183173 0)
(0.125987 -0.016884 0)
(0.124495 -0.0155938 0)
(0.123276 -0.0145131 0)
(0.122257 -0.0136877 0)
(0.121564 -0.0131558 0)
(0.120738 -0.0129177 0)
(0.0999907 0.00153283 0)
(0.10064 0.00544725 0)
(0.102069 0.0103617 0)
(0.104203 0.0156247 0)
(0.107232 0.0210034 0)
(0.111059 0.0261661 0)
(0.115668 0.0309224 0)
(0.120952 0.0350792 0)
(0.126821 0.0384884 0)
(0.133175 0.0409877 0)
(0.13989 0.0424831 0)
(0.146812 0.0428778 0)
(0.153764 0.0421301 0)
(0.160526 0.040238 0)
(0.166877 0.0373186 0)
(0.172593 0.0335239 0)
(0.177507 0.0291452 0)
(0.181546 0.0244304 0)
(0.184684 0.019638 0)
(0.186965 0.0149552 0)
(0.188462 0.0105114 0)
(0.189242 0.0063715 0)
(0.189465 0.00259763 0)
(0.189181 -0.000728883 0)
(0.188322 -0.0039041 0)
(0.18703 -0.00684659 0)
(0.185341 -0.00954547 0)
(0.183249 -0.0120489 0)
(0.180778 -0.0143537 0)
(0.177928 -0.0164851 0)
(0.174724 -0.0183988 0)
(0.171214 -0.0200869 0)
(0.167453 -0.0215016 0)
(0.163521 -0.022613 0)
(0.159502 -0.0233859 0)
(0.155482 -0.0238023 0)
(0.151542 -0.0238575 0)
(0.147752 -0.0235656 0)
(0.144167 -0.0229572 0)
(0.140827 -0.0220775 0)
(0.137757 -0.0209831 0)
(0.134971 -0.0197386 0)
(0.132474 -0.0184149 0)
(0.130263 -0.0170848 0)
(0.128337 -0.0158237 0)
(0.126678 -0.0147 0)
(0.125308 -0.0137806 0)
(0.124153 -0.0131054 0)
(0.123365 -0.0127037 0)
(0.12245 -0.0125544 0)
(0.0999524 0.00137025 0)
(0.100465 0.00480199 0)
(0.101845 0.00926731 0)
(0.104009 0.0139717 0)
(0.107238 0.0188009 0)
(0.111332 0.0234414 0)
(0.116258 0.0277354 0)
(0.121862 0.0314905 0)
(0.128044 0.0345694 0)
(0.134688 0.0368221 0)
(0.141654 0.0381544 0)
(0.148787 0.0384906 0)
(0.155909 0.0378042 0)
(0.162813 0.0361094 0)
(0.169293 0.0335149 0)
(0.175152 0.0301636 0)
(0.180238 0.0262972 0)
(0.184474 0.0221303 0)
(0.187831 0.0178815 0)
(0.190336 0.0137127 0)
(0.192046 0.00973846 0)
(0.193027 0.00600909 0)
(0.193385 0.00258449 0)
(0.193234 -0.000408225 0)
(0.192505 -0.00325582 0)
(0.191268 -0.00592778 0)
(0.189622 -0.00837002 0)
(0.187551 -0.0106239 0)
(0.185085 -0.0126902 0)
(0.182233 -0.0145898 0)
(0.179019 -0.0162968 0)
(0.17549 -0.017807 0)
(0.171696 -0.0190862 0)
(0.167713 -0.0201101 0)
(0.163618 -0.0208483 0)
(0.159497 -0.021282 0)
(0.15543 -0.0214021 0)
(0.15149 -0.0212149 0)
(0.147735 -0.0207423 0)
(0.144211 -0.02002 0)
(0.140947 -0.0190967 0)
(0.13796 -0.0180302 0)
(0.135261 -0.0168865 0)
(0.132848 -0.0157347 0)
(0.130724 -0.0146497 0)
(0.128871 -0.0136987 0)
(0.127322 -0.0129512 0)
(0.126 -0.012442 0)
(0.125092 -0.0121931 0)
(0.124069 -0.0121533 0)
(0.0998872 0.00129545 0)
(0.100169 0.0042157 0)
(0.101511 0.00819024 0)
(0.103723 0.0122325 0)
(0.107217 0.0164429 0)
(0.111611 0.0205253 0)
(0.116868 0.0243487 0)
(0.122789 0.0277199 0)
(0.129286 0.0304709 0)
(0.136219 0.0324861 0)
(0.14345 0.0336757 0)
(0.150816 0.0339754 0)
(0.158141 0.0333698 0)
(0.165226 0.0318829 0)
(0.171877 0.0296146 0)
(0.177912 0.026696 0)
(0.183192 0.0233288 0)
(0.187639 0.0196979 0)
(0.191218 0.015987 0)
(0.193944 0.0123348 0)
(0.195864 0.00883976 0)
(0.197041 0.00554562 0)
(0.197527 0.00248173 0)
(0.197497 -0.000168306 0)
(0.196906 -0.00265866 0)
(0.195717 -0.00504169 0)
(0.194115 -0.00721389 0)
(0.192064 -0.00920715 0)
(0.189602 -0.0110265 0)
(0.186744 -0.0126897 0)
(0.183516 -0.0141837 0)
(0.179962 -0.0155087 0)
(0.176129 -0.016642 0)
(0.172088 -0.0175652 0)
(0.167912 -0.0182535 0)
(0.163683 -0.0186883 0)
(0.159483 -0.0188576 0)
(0.155384 -0.0187613 0)
(0.151449 -0.0184131 0)
(0.147727 -0.0178399 0)
(0.144254 -0.0170823 0)
(0.14105 -0.0161904 0)
(0.138129 -0.0152255 0)
(0.13549 -0.0142521 0)
(0.133141 -0.0133451 0)
(0.131063 -0.0125704 0)
(0.129297 -0.0120038 0)
(0.127765 -0.011676 0)
(0.126701 -0.0116084 0)
(0.12554 -0.0117069 0)
(0.0997772 0.00136631 0)
(0.0996544 0.0037185 0)
(0.101027 0.00711473 0)
(0.103344 0.0103657 0)
(0.107208 0.0138948 0)
(0.111935 0.0174034 0)
(0.117519 0.0207533 0)
(0.123745 0.0237351 0)
(0.13054 0.0261821 0)
(0.137759 0.0279748 0)
(0.145262 0.0290364 0)
(0.152885 0.0293149 0)
(0.160447 0.0288041 0)
(0.167753 0.0275337 0)
(0.174616 0.025594 0)
(0.180864 0.0231025 0)
(0.186366 0.0202278 0)
(0.191039 0.017127 0)
(0.194848 0.0139528 0)
(0.197798 0.0108221 0)
(0.199926 0.00781672 0)
(0.20129 0.00497829 0)
(0.201919 0.00233103 0)
(0.20199 -4.47793e-05 0)
(0.20152 -0.00210472 0)
(0.200392 -0.00418644 0)
(0.198829 -0.00607567 0)
(0.196794 -0.00779702 0)
(0.194332 -0.00936042 0)
(0.191463 -0.0107816 0)
(0.188216 -0.0120561 0)
(0.18463 -0.0131884 0)
(0.180754 -0.0141654 0)
(0.176649 -0.0149748 0)
(0.172386 -0.0155977 0)
(0.168045 -0.0160171 0)
(0.163704 -0.016219 0)
(0.159437 -0.0161985 0)
(0.155311 -0.0159619 0)
(0.151377 -0.0155279 0)
(0.147677 -0.0149287 0)
(0.144236 -0.0142068 0)
(0.141071 -0.0134177 0)
(0.138181 -0.0126205 0)
(0.135578 -0.0118902 0)
(0.133234 -0.0112911 0)
(0.131209 -0.0109107 0)
(0.129407 -0.0107771 0)
(0.128131 -0.0109255 0)
(0.126781 -0.0112027 0)
(0.0996021 0.0017096 0)
(0.0986577 0.00330952 0)
(0.100319 0.00600201 0)
(0.102887 0.00829538 0)
(0.107275 0.0111129 0)
(0.11234 0.0140674 0)
(0.118217 0.0169835 0)
(0.124708 0.0195787 0)
(0.131771 0.0217174 0)
(0.139266 0.0232886 0)
(0.147053 0.0242265 0)
(0.154958 0.024491 0)
(0.162795 0.0240832 0)
(0.170366 0.0230355 0)
(0.177486 0.0214279 0)
(0.183988 0.0193628 0)
(0.189741 0.0169794 0)
(0.194662 0.0144085 0)
(0.198713 0.0117747 0)
(0.201891 0.00917411 0)
(0.204227 0.00667171 0)
(0.20577 0.00430574 0)
(0.206558 0.00207931 0)
(0.206721 5.61965e-05 0)
(0.206338 -0.00161958 0)
(0.205285 -0.00336408 0)
(0.203754 -0.00495277 0)
(0.201731 -0.00639037 0)
(0.199264 -0.00768874 0)
(0.196377 -0.00886182 0)
(0.193104 -0.00991051 0)
(0.189483 -0.0108427 0)
(0.185557 -0.0116532 0)
(0.181385 -0.0123359 0)
(0.177033 -0.0128778 0)
(0.172574 -0.0132645 0)
(0.168087 -0.0134815 0)
(0.163644 -0.0135201 0)
(0.159315 -0.0133805 0)
(0.155155 -0.0130738 0)
(0.15121 -0.0126242 0)
(0.147509 -0.0120655 0)
(0.144076 -0.0114472 0)
(0.140905 -0.0108211 0)
(0.138016 -0.0102627 0)
(0.135363 -0.00983226 0)
(0.133025 -0.0096361 0)
(0.13087 -0.00970149 0)
(0.129299 -0.0101053 0)
(0.127661 -0.0106173 0)
(0.0993842 0.00248425 0)
(0.0964219 0.00301368 0)
(0.0992326 0.0046214 0)
(0.102455 0.00584946 0)
(0.107526 0.00804224 0)
(0.112855 0.0105476 0)
(0.11894 0.0130416 0)
(0.125615 0.0152673 0)
(0.132901 0.0170902 0)
(0.140659 0.0184276 0)
(0.148741 0.0192305 0)
(0.156961 0.0194775 0)
(0.165119 0.0191749 0)
(0.173008 0.0183543 0)
(0.180437 0.017084 0)
(0.187236 0.0154496 0)
(0.193276 0.0135626 0)
(0.198471 0.0115282 0)
(0.202779 0.00944394 0)
(0.206193 0.00738649 0)
(0.208741 0.0054038 0)
(0.210462 0.00352997 0)
(0.211405 0.00175346 0)
(0.211655 9.56801e-05 0)
(0.211347 -0.00118069 0)
(0.210363 -0.00257139 0)
(0.20886 -0.00384087 0)
(0.206841 -0.00498201 0)
(0.204361 -0.00600578 0)
(0.201449 -0.00692432 0)
(0.198143 -0.00774151 0)
(0.194482 -0.00846683 0)
(0.190505 -0.00910126 0)
(0.186265 -0.00964441 0)
(0.181823 -0.0100894 0)
(0.177247 -0.0104254 0)
(0.17261 -0.0106383 0)
(0.167986 -0.0107171 0)
(0.163442 -0.0106577 0)
(0.15904 -0.010464 0)
(0.154831 -0.0101534 0)
(0.150848 -0.00975017 0)
(0.147119 -0.00929566 0)
(0.143636 -0.0088326 0)
(0.140426 -0.00843642 0)
(0.137411 -0.00815888 0)
(0.134702 -0.00813158 0)
(0.132072 -0.00837846 0)
(0.13009 -0.00907134 0)
(0.127942 -0.00990398 0)
(0.0985479 0.00628129 0)
(0.0898689 0.00317815 0)
(0.0975149 0.00322232 0)
(0.10239 0.00305872 0)
(0.108151 0.00480584 0)
(0.113476 0.00694963 0)
(0.119569 0.00904464 0)
(0.126296 0.0108611 0)
(0.133747 0.0123242 0)
(0.141753 0.0133938 0)
(0.150152 0.0140548 0)
(0.158736 0.0142744 0)
(0.167275 0.0140746 0)
(0.175545 0.0134843 0)
(0.183345 0.0125582 0)
(0.190497 0.0113624 0)
(0.196867 0.00998113 0)
(0.202365 0.00849354 0)
(0.20695 0.00697053 0)
(0.21061 0.00546997 0)
(0.213375 0.00402245 0)
(0.215274 0.00265835 0)
(0.216372 0.00135609 0)
(0.216695 9.25727e-05 0)
(0.216454 -0.00078591 0)
(0.215533 -0.00180772 0)
(0.21405 -0.00274092 0)
(0.212027 -0.00357454 0)
(0.209525 -0.00431632 0)
(0.20658 -0.00497633 0)
(0.203236 -0.00555989 0)
(0.199532 -0.00607516 0)
(0.195506 -0.00652714 0)
(0.191203 -0.0069206 0)
(0.186678 -0.00725429 0)
(0.181992 -0.00752102 0)
(0.17721 -0.00770856 0)
(0.172401 -0.00780533 0)
(0.167637 -0.00780492 0)
(0.162976 -0.00770571 0)
(0.158482 -0.00751788 0)
(0.154189 -0.00725218 0)
(0.150136 -0.00694901 0)
(0.146299 -0.00663667 0)
(0.142734 -0.00638691 0)
(0.13929 -0.00623489 0)
(0.13616 -0.00633805 0)
(0.132864 -0.00672274 0)
(0.130318 -0.00769134 0)
(0.127118 -0.00893097 0)
(0.100871 0.00053824 0)
(0.0677185 0.000766681 0)
(0.0962987 -0.00385539 0)
(0.103103 -0.00145892 0)
(0.109182 0.00132575 0)
(0.113852 0.00345391 0)
(0.119613 0.0052018 0)
(0.126217 0.00657214 0)
(0.133769 0.00762624 0)
(0.142021 0.00837481 0)
(0.150779 0.00879784 0)
(0.159789 0.00895377 0)
(0.168788 0.00883746 0)
(0.177523 0.00846717 0)
(0.185773 0.00788132 0)
(0.193344 0.00712487 0)
(0.200096 0.00625337 0)
(0.205932 0.00531934 0)
(0.210818 0.00436577 0)
(0.214731 0.00343294 0)
(0.217724 0.00253233 0)
(0.219795 0.00169368 0)
(0.221066 0.000885996 0)
(0.22144 4.44082e-05 0)
(0.221253 -0.000445322 0)
(0.220391 -0.00108733 0)
(0.218926 -0.00167022 0)
(0.216891 -0.00218767 0)
(0.21436 -0.00264233 0)
(0.211378 -0.00304166 0)
(0.207993 -0.00339155 0)
(0.204251 -0.00369755 0)
(0.200191 -0.0039647 0)
(0.19585 -0.00420185 0)
(0.191271 -0.00441193 0)
(0.186501 -0.0045918 0)
(0.181599 -0.00473279 0)
(0.176621 -0.00482463 0)
(0.171638 -0.00486084 0)
(0.166706 -0.00483523 0)
(0.161901 -0.00475632 0)
(0.157242 -0.0046324 0)
(0.152826 -0.00447193 0)
(0.148572 -0.0042938 0)
(0.144626 -0.00417403 0)
(0.140643 -0.00410462 0)
(0.137094 -0.00429003 0)
(0.1328 -0.0046643 0)
(0.12962 -0.00585894 0)
(0.123776 -0.00754888 0)
(0.091691 0.0536567 0)
(0.154069 -0.0018003 0)
(0.124078 -0.00712852 0)
(0.111079 -0.00415227 0)
(0.111213 -0.00131743 0)
(0.112027 0.000774626 0)
(0.116429 0.0020069 0)
(0.122378 0.00279983 0)
(0.129779 0.00335846 0)
(0.138188 0.00375161 0)
(0.147272 0.00398364 0)
(0.156685 0.00405939 0)
(0.166141 0.00400404 0)
(0.175344 0.00382993 0)
(0.184043 0.00355817 0)
(0.192019 0.00321094 0)
(0.19913 0.00281481 0)
(0.20526 0.00239586 0)
(0.210409 0.0019709 0)
(0.214509 0.00156389 0)
(0.217718 0.00116742 0)
(0.219876 0.000803655 0)
(0.221385 0.000488231 0)
(0.221755 5.47468e-05 0)
(0.22159 -0.000105275 0)
(0.220792 -0.000385772 0)
(0.219371 -0.000636988 0)
(0.217342 -0.000859973 0)
(0.214811 -0.00105421 0)
(0.211835 -0.00122415 0)
(0.20847 -0.00137326 0)
(0.204767 -0.00150312 0)
(0.20077 -0.00161443 0)
(0.196519 -0.00171613 0)
(0.192039 -0.00181534 0)
(0.187348 -0.00191057 0)
(0.18248 -0.00199598 0)
(0.177469 -0.00206457 0)
(0.172383 -0.00211269 0)
(0.167255 -0.00213227 0)
(0.162204 -0.00212756 0)
(0.157192 -0.00208282 0)
(0.152433 -0.00203766 0)
(0.147653 -0.00197271 0)
(0.143387 -0.00194238 0)
(0.138563 -0.00191611 0)
(0.134912 -0.00204936 0)
(0.128619 -0.0022755 0)
(0.125829 -0.00300003 0)
(0.112561 -0.00503188 0)
)
;

boundaryField
{
    floor
    {
        type            noSlip;
    }
    ceiling
    {
        type            noSlip;
    }
    inlet
    {
        type            fixedValue;
        value           uniform (0.1 0 0);
    }
    outlet
    {
        type            inletOutlet;
        inletValue      uniform (0 0 0);
        value           nonuniform List<vector> 
40
(
(0.073296 -0.00621211 0)
(0.0696831 -0.00888489 0)
(0.0687016 -0.0104004 0)
(0.0692443 -0.0114926 0)
(0.0705264 -0.0122735 0)
(0.0722217 -0.0128947 0)
(0.0741656 -0.0134089 0)
(0.0762585 -0.0138401 0)
(0.078434 -0.014202 0)
(0.0806457 -0.0145034 0)
(0.0828605 -0.0147507 0)
(0.0850551 -0.014949 0)
(0.0872133 -0.0151025 0)
(0.0893258 -0.015216 0)
(0.0913887 -0.0152908 0)
(0.0933994 -0.0153307 0)
(0.0953594 -0.0153402 0)
(0.0972734 -0.0153207 0)
(0.0991472 -0.0152743 0)
(0.100988 -0.0152028 0)
(0.102804 -0.0151076 0)
(0.104602 -0.0149897 0)
(0.106391 -0.0148499 0)
(0.108176 -0.0146886 0)
(0.109964 -0.0145058 0)
(0.111759 -0.0143013 0)
(0.113561 -0.0140745 0)
(0.115368 -0.0138244 0)
(0.117175 -0.0135497 0)
(0.118971 -0.0132483 0)
(0.120738 -0.0129177 0)
(0.12245 -0.0125544 0)
(0.124069 -0.0121533 0)
(0.12554 -0.0117069 0)
(0.126781 -0.0112027 0)
(0.127661 -0.0106173 0)
(0.127942 -0.00990398 0)
(0.127118 -0.00893097 0)
(0.123776 -0.00754888 0)
(0.112561 -0.00503188 0)
)
;
    }
    fixedWalls
    {
        type            empty;
    }
    baffleFacesThermoBaffle1D_master
    {
        type            fixedValue;
        value           uniform (0 0 0);
    }
    baffleFacesThermoBaffle1D_slave
    {
        type            fixedValue;
        value           uniform (0 0 0);
    }
    baffleFacesThermoBaffle3D_master
    {
        type            fixedValue;
        value           uniform (0 0 0);
    }
    baffleFacesThermoBaffle3D_slave
    {
        type            fixedValue;
        value           uniform (0 0 0);
    }
}


// ************************************************************************* //
