/*--------------------------------*- C++ -*----------------------------------*\
| =========                 |                                                 |
| \\      /  F ield         | OpenFOAM: The Open Source CFD Toolbox           |
|  \\    /   O peration     | Version:  v1906                                 |
|   \\  /    A nd           | Web:      www.OpenFOAM.com                      |
|    \\/     M anipulation  |                                                 |
\*---------------------------------------------------------------------------*/
FoamFile
{
    version     2.0;
    format      ascii;
    class       volScalarField;
    location    "0.2";
    object      p;
}
// * * * * * * * * * * * * * * * * * * * * * * * * * * * * * * * * * * * * * //

dimensions      [0 2 -2 0 0 0 0];


internalField   nonuniform List<scalar> 
4800
(
7.89131e-11
-0.000171355
-0.000177503
-0.00013416
0.000118315
0.000393837
0.000264433
-0.000160169
5.50951e-05
0.000506352
0.000792686
0.000737977
0.000681031
0.00103935
0.00140786
0.00158783
0.00166177
0.00182242
0.00213098
0.00246168
1.49977e-06
-0.000172657
-0.000175665
-0.000180513
0.000119079
0.000390341
0.000264691
-0.000163415
6.00411e-05
0.000507347
0.000796253
0.000738152
0.000690202
0.00102057
0.00140982
0.00158931
0.00165683
0.00178974
0.00203184
0.00225971
1.28672e-06
-0.000173415
-0.000174997
-0.000161388
0.000119587
0.0003897
0.000263336
-0.000161311
6.03391e-05
0.000510688
0.000797016
0.000741317
0.000692805
0.00102391
0.00141354
0.00158902
0.00163657
0.00171865
0.0018979
0.00207844
1.33957e-06
-0.000174334
-0.000173378
-0.000173289
0.000119414
0.000389672
0.00025947
-0.00015598
5.62208e-05
0.000520016
0.000793006
0.000750561
0.000690478
0.00103037
0.00141566
0.00157552
0.00159867
0.00162478
0.00176009
0.00194334
1.26856e-06
-0.000175205
-0.000173003
-0.000182002
0.000118533
0.000391167
0.000254908
-0.000148203
4.91147e-05
0.00053131
0.000787581
0.000757673
0.000692653
0.00102154
0.00141378
0.00155019
0.00154387
0.00152784
0.00163257
0.00182314
8.36799e-07
-0.000175758
-0.000173845
-0.000188454
0.000115536
0.000394783
0.000247062
-0.000137591
3.96862e-05
0.000541833
0.000786579
0.000759116
0.000701151
0.00099892
0.0014004
0.00151503
0.0014767
0.00143754
0.00150844
0.00169659
6.5587e-07
-0.000176182
-0.000176462
-0.000193869
0.000110053
0.000400637
0.000237214
-0.000126314
3.27557e-05
0.00054651
0.000791079
0.000754291
0.000707149
0.000983436
0.00137228
0.00146737
0.0014042
0.00135085
0.00138621
0.00156592
-2.67257e-08
-0.000175878
-0.000181299
-0.00019745
0.000102384
0.000408072
0.000226997
-0.000118554
3.15427e-05
0.000543482
0.000800534
0.000748196
0.000702019
0.000975914
0.00133834
0.00141114
0.00132174
0.00125973
0.00127354
0.00143705
-1.4327e-06
-0.000174121
-0.000188798
-0.000199421
9.27561e-05
0.000415903
0.000219708
-0.000117873
3.6648e-05
0.000535441
0.000805943
0.000745999
0.000686174
0.00095351
0.00130329
0.00135122
0.00123052
0.00116521
0.00117241
0.00131093
-3.93005e-06
-0.000170497
-0.000199165
-0.000199993
8.23902e-05
0.000421738
0.000218098
-0.00012528
4.4841e-05
0.000528973
0.000801667
0.000748164
0.000667489
0.000909655
0.00126229
0.001296
0.00113721
0.00106454
0.00107881
0.00119181
-8.03779e-06
-0.000164265
-0.000212126
-0.000200737
7.30999e-05
0.000422798
0.000223459
-0.000139001
4.85215e-05
0.000530552
0.00078764
0.000744531
0.000654099
0.000844841
0.00119907
0.00124111
0.00105084
0.000958892
0.000990194
0.00108821
-1.43195e-05
-0.000154981
-0.000226895
-0.000203692
6.72336e-05
0.000418253
0.000234769
-0.000153173
4.03292e-05
0.000538688
0.000770711
0.000725363
0.000642955
0.000790694
0.00111548
0.00117526
0.000973569
0.000853585
0.000897674
0.00100123
-2.34043e-05
-0.000142438
-0.000241455
-0.000211821
6.57102e-05
0.000408047
0.000247674
-0.000158761
1.91197e-05
0.000545783
0.000761353
0.000688711
0.000621448
0.000749381
0.00102888
0.00109324
0.000896612
0.000752482
0.000797805
0.000923352
-3.56847e-05
-0.000126804
-0.000253372
-0.000228077
6.82354e-05
0.000395146
0.000256311
-0.000152512
-1.20739e-05
0.000538794
0.000761167
0.000645182
0.000573647
0.000712591
0.000956428
0.00100329
0.000810336
0.000656315
0.000695239
0.000841243
-5.14354e-05
-0.000109085
-0.000259603
-0.000253507
7.25316e-05
0.000384296
0.000255774
-0.00013398
-4.15037e-05
0.000510676
0.000763902
0.000611013
0.000496453
0.000651069
0.000893028
0.000925189
0.000722465
0.000557486
0.000590339
0.000748341
-7.05833e-05
-9.08826e-05
-0.000257339
-0.000288595
7.28541e-05
0.000380824
0.000245554
-0.000112021
-5.94715e-05
0.000462455
0.000752688
0.000590371
0.000420179
0.000563112
0.0008176
0.000858063
0.000647192
0.000458757
0.000482903
0.000646559
-9.27309e-05
-7.31471e-05
-0.000244765
-0.00033098
6.2144e-05
0.000387817
0.000230111
-0.000101725
-6.50318e-05
0.00040732
0.000715959
0.000574855
0.000366073
0.000459124
0.000718958
0.000787286
0.000583657
0.000374051
0.000378012
0.000538229
-0.00012309
-6.0769e-05
-0.000221224
-0.000374989
3.34444e-05
0.000403897
0.000218763
-0.00011162
-6.33264e-05
0.000362344
0.00065342
0.000550117
0.000333165
0.000372793
0.000602788
0.000692799
0.000522554
0.000304821
0.000281765
0.000432828
-0.000149168
-5.46522e-05
-0.000188319
-0.000414677
-1.6673e-05
0.000421209
0.000222084
-0.000148932
-7.48129e-05
0.000331516
0.000583015
0.000489305
0.000297456
0.000308692
0.000495149
0.000581332
0.00043977
0.00023614
0.000197661
0.00034181
-0.000174499
-5.72568e-05
-0.000145036
-0.000436416
-8.89091e-05
0.00042712
0.000246148
-0.000191152
-0.000114185
0.000309578
0.000526749
0.000400081
0.000228202
0.000256155
0.000415543
0.000471856
0.000337666
0.000149018
0.000112804
0.000258314
-0.000197463
-7.04725e-05
-0.000104969
-0.000439037
-0.000177862
0.000407745
0.000290283
-0.000216459
-0.000184966
0.000277507
0.000496023
0.000317752
0.000126105
0.000178457
0.000356098
0.000394557
0.000234351
4.12753e-05
6.66634e-07
0.000161447
-0.000216759
-9.29949e-05
-7.13811e-05
-0.000419819
-0.000271198
0.000353378
0.000341847
-0.000215157
-0.000283844
0.000205234
0.000482357
0.000270864
7.39705e-06
5.71085e-05
0.000286508
0.000347583
0.000160545
-6.92673e-05
-0.000136906
2.43071e-05
-0.000231792
-0.000122853
-5.11696e-05
-0.000378994
-0.000354032
0.000260808
0.000381525
-0.000172736
-0.000377764
8.82507e-05
0.000453581
0.000261032
-8.4689e-05
-9.72804e-05
0.000167513
0.000307965
0.000129026
-0.000151335
-0.000278586
-0.000152877
-0.000243008
-0.00015693
-4.85654e-05
-0.000326763
-0.000413217
0.000134737
0.000388698
-9.98843e-05
-0.000442049
-7.01313e-05
0.000378579
0.000274123
-0.000126753
-0.000251322
-1.93875e-06
0.000228196
0.00012305
-0.000186042
-0.000388334
-0.000339934
-0.000251358
-0.000191633
-6.44969e-05
-0.00027385
-0.000442659
-6.9383e-06
0.000348968
-1.96923e-05
-0.000458915
-0.00023829
0.000247371
0.000270036
-0.000121906
-0.000361757
-0.000199071
8.39061e-05
9.58524e-05
-0.00018131
-0.000446641
-0.000497438
-0.000258524
-0.000224087
-9.78475e-05
-0.000231206
-0.000443747
-0.000141406
0.000260069
4.03527e-05
-0.000427281
-0.000377664
6.75432e-05
0.000216672
-9.36838e-05
-0.000413792
-0.000377082
-0.000109489
9.21704e-06
-0.000175274
-0.0004607
-0.000598239
-0.000266481
-0.000252919
-0.000142971
-0.000207268
-0.000423636
-0.000252978
0.000131544
5.75975e-05
-0.000368192
-0.000468982
-0.000129943
0.000105409
-8.4094e-05
-0.000418227
-0.000502159
-0.000314979
-0.000140066
-0.000211565
-0.000456313
-0.000647807
-0.000276925
-0.000277811
-0.000192844
-0.000205223
-0.000394536
-0.000334831
-1.3961e-05
2.52973e-05
-0.000311944
-0.000509944
-0.000306072
-5.2644e-05
-0.000120333
-0.000405122
-0.0005723
-0.000489651
-0.000324971
-0.000307078
-0.000473087
-0.000669711
-0.000290839
-0.000299568
-0.000242234
-0.00022461
-0.000370634
-0.000386484
-0.000153554
-5.21875e-05
-0.000282925
-0.000513105
-0.000439767
-0.000229044
-0.000206898
-0.000409553
-0.000604195
-0.000616018
-0.000505525
-0.000446321
-0.00053229
-0.000694088
-0.000308616
-0.000320603
-0.000288124
-0.000260505
-0.000361104
-0.000416481
-0.00027344
-0.000158757
-0.000292442
-0.000505956
-0.000530353
-0.000391983
-0.000329748
-0.000449842
-0.000626413
-0.000700771
-0.000655965
-0.000600142
-0.000630832
-0.000742513
-0.000330416
-0.000342603
-0.000329582
-0.000305482
-0.000369287
-0.000437517
-0.000369526
-0.000273932
-0.000337934
-0.000509617
-0.000587723
-0.000524861
-0.000465776
-0.000525378
-0.000661958
-0.000760928
-0.000771738
-0.00074289
-0.000750011
-0.000818501
-0.000355731
-0.000366884
-0.00036749
-0.000353938
-0.000393938
-0.000459478
-0.000444431
-0.000382967
-0.000409643
-0.00053438
-0.000630172
-0.000627622
-0.000594065
-0.00062273
-0.000718946
-0.000815694
-0.000860976
-0.000863899
-0.000870625
-0.000912586
-0.000383668
-0.000393994
-0.000403545
-0.000402376
-0.000430963
-0.000487912
-0.00050448
-0.000478867
-0.000493586
-0.000580214
-0.000672536
-0.000707917
-0.000705338
-0.000726313
-0.000793295
-0.000875776
-0.000935131
-0.000963023
-0.000980556
-0.00101221
-0.000413576
-0.000423788
-0.000439058
-0.000449216
-0.000475081
-0.000523981
-0.000557107
-0.00056079
-0.000578333
-0.000641042
-0.000721603
-0.000775573
-0.000799307
-0.000825037
-0.000875894
-0.00094317
-0.0010039
-0.00104611
-0.00107599
-0.00110768
-0.000444768
-0.000455568
-0.000474667
-0.000493949
-0.000521895
-0.000565965
-0.000607071
-0.000631213
-0.000657554
-0.000709082
-0.00077799
-0.000837982
-0.000878823
-0.000913653
-0.000958662
-0.00101508
-0.001072
-0.00111992
-0.00115843
-0.00119376
-0.000476413
-0.000488301
-0.000510281
-0.000536358
-0.000568351
-0.000611054
-0.000656124
-0.000693148
-0.000728921
-0.000777392
-0.000838391
-0.000898399
-0.0009482
-0.000991258
-0.00103638
-0.00108711
-0.00113958
-0.00118817
-0.00123077
-0.00126934
-0.000507467
-0.000520683
-0.000545084
-0.000576093
-0.000612469
-0.000656169
-0.00070371
-0.000748609
-0.000792088
-0.000841343
-0.000898296
-0.000956799
-0.00101049
-0.00105903
-0.00110629
-0.00115508
-0.0012046
-0.00125213
-0.00129585
-0.00133605
-0.000536581
-0.000551092
-0.000577597
-0.000612212
-0.000652495
-0.000698272
-0.0007478
-0.000797531
-0.000846718
-0.000898172
-0.000953529
-0.00101053
-0.00106556
-0.00111713
-0.00116639
-0.00121492
-0.00126296
-0.00130949
-0.00135341
-0.00139437
-0.000562506
-0.000577921
-0.000605884
-0.000642803
-0.000685869
-0.000733639
-0.000784733
-0.000837179
-0.00088993
-0.000943579
-0.00099881
-0.00105488
-0.00111007
-0.00116314
-0.00121391
-0.0012628
-0.00131
-0.00135529
-0.00139831
-0.00143892
-0.000585067
-0.000602761
-0.000633499
-0.000673705
-0.00072037
-0.000771364
-0.000825152
-0.000880371
-0.000936135
-0.000992308
-0.00104897
-0.00110573
-0.00116172
-0.0012161
-0.00126836
-0.00131835
-0.00136603
-0.00141133
-0.00145421
-0.00149472
0.00321489
0.0037706
0.00353021
0.00288349
0.00241408
0.00223884
0.0020737
0.00170208
0.00115431
0.000688751
0.000432776
0.000220046
-0.000112844
-0.000549196
-0.00089118
-0.00102613
-0.00118876
-0.00165979
-0.00234788
-0.00294707
-0.00345407
-0.00411209
-0.00488939
-0.00568875
-0.00653028
-0.00721525
-0.00762645
-0.00784747
-0.00775944
-0.00734462
-0.0068446
-0.00629447
-0.00567617
-0.0051884
-0.00488909
-0.00469783
-0.00472423
-0.00496885
-0.00508121
-0.00488975
-0.00466052
-0.00461199
-0.00463873
-0.004598
-0.00451348
-0.00445212
-0.00440908
-0.00435654
-0.00429225
-0.00422911
-0.00417485
-0.00413064
-0.00409619
-0.00407113
-0.00405359
-0.00404149
-0.00403301
-0.00402691
-0.00402231
-0.00401865
-0.00401558
-0.004013
-0.00401085
-0.00400903
-0.00400754
-0.00400647
-0.00400567
-0.00400534
-0.00400514
-0.0040055
-0.00400576
-0.00400676
-0.00400734
-0.00400895
-0.00400969
-0.00401186
-0.00401273
-0.00401527
-0.00401646
-0.00401894
-0.00402092
-0.00402264
-0.00402607
-0.00402643
-0.00403148
-0.00403084
-0.00403623
-0.00403663
-0.00403959
-0.00404342
-0.00404238
-0.00404844
-0.00404634
-0.00404825
-0.00404874
-0.00404238
-0.00403783
-0.00402733
-0.00399957
-0.00396898
0.00272156
0.00339198
0.00342678
0.00287236
0.00239566
0.00220345
0.00203541
0.00166806
0.00112166
0.000655331
0.000402534
0.000197962
-0.000127938
-0.000565804
-0.000912513
-0.00104636
-0.00120765
-0.0016792
-0.00236281
-0.00295454
-0.00345606
-0.00410829
-0.00487668
-0.00566144
-0.00648823
-0.00716892
-0.00758491
-0.0078155
-0.00773479
-0.00732359
-0.00682879
-0.00628559
-0.00567004
-0.00518512
-0.00488701
-0.00469333
-0.00472178
-0.00496704
-0.00507898
-0.00488697
-0.00465822
-0.00461112
-0.00463849
-0.00459744
-0.00451277
-0.00445156
-0.00440887
-0.00435684
-0.00429292
-0.00422993
-0.0041756
-0.0041311
-0.00409645
-0.00407118
-0.00405348
-0.00404129
-0.00403279
-0.0040267
-0.00402214
-0.00401853
-0.00401551
-0.00401296
-0.00401083
-0.00400902
-0.00400753
-0.00400647
-0.00400567
-0.00400534
-0.00400514
-0.0040055
-0.00400576
-0.00400676
-0.00400734
-0.00400895
-0.00400969
-0.00401186
-0.00401273
-0.00401527
-0.00401646
-0.00401894
-0.00402092
-0.00402264
-0.00402608
-0.00402642
-0.00403149
-0.00403084
-0.00403623
-0.00403663
-0.00403958
-0.00404343
-0.00404237
-0.00404846
-0.00404634
-0.00404825
-0.00404874
-0.00404238
-0.00403783
-0.00402736
-0.00399966
-0.00396895
0.00246002
0.00314704
0.00335662
0.00291275
0.00243598
0.00221251
0.00202232
0.00164293
0.00108993
0.000615438
0.000360992
0.000167951
-0.000147655
-0.000581297
-0.000926672
-0.00106899
-0.00124405
-0.00171444
-0.00238028
-0.00295657
-0.00345569
-0.00410211
-0.00485134
-0.0056074
-0.00639703
-0.00704743
-0.00745822
-0.00770192
-0.00764177
-0.0072539
-0.0067798
-0.00625475
-0.0056574
-0.00518704
-0.00489937
-0.00471082
-0.00473216
-0.00496482
-0.00506947
-0.00488039
-0.00465786
-0.00461178
-0.00463705
-0.00459518
-0.00451137
-0.00445069
-0.00440866
-0.00435604
-0.00429229
-0.00422959
-0.0041756
-0.00413142
-0.00409697
-0.00407177
-0.00405409
-0.00404186
-0.00403328
-0.0040271
-0.00402243
-0.00401873
-0.00401563
-0.00401303
-0.00401087
-0.00400904
-0.00400754
-0.00400647
-0.00400567
-0.00400534
-0.00400514
-0.0040055
-0.00400576
-0.00400677
-0.00400733
-0.00400895
-0.00400969
-0.00401186
-0.00401273
-0.00401528
-0.00401646
-0.00401894
-0.00402092
-0.00402263
-0.00402608
-0.00402642
-0.00403149
-0.00403084
-0.00403623
-0.00403663
-0.00403958
-0.00404343
-0.00404237
-0.00404846
-0.00404635
-0.00404827
-0.00404876
-0.00404242
-0.00403786
-0.00402739
-0.00400001
-0.00396909
0.00227933
0.00290765
0.00320309
0.00286952
0.00242478
0.00219163
0.00198508
0.00159531
0.00103527
0.000554651
0.000306411
0.000129944
-0.000171319
-0.00059753
-0.000949842
-0.00110934
-0.00129047
-0.00174994
-0.00239726
-0.00296235
-0.00345872
-0.00409243
-0.00481676
-0.00553963
-0.00628532
-0.00690282
-0.00730932
-0.00756788
-0.00753428
-0.00717379
-0.00671989
-0.00621495
-0.0056407
-0.00518771
-0.00491065
-0.00472736
-0.00474179
-0.00495645
-0.00505026
-0.00486687
-0.00465356
-0.00460915
-0.00463182
-0.00458929
-0.00450671
-0.00444676
-0.00440523
-0.00435316
-0.00429064
-0.00422932
-0.0041764
-0.00413278
-0.00409847
-0.00407308
-0.0040551
-0.00404249
-0.00403359
-0.0040272
-0.00402243
-0.00401869
-0.00401559
-0.004013
-0.00401085
-0.00400903
-0.00400754
-0.00400647
-0.00400567
-0.00400534
-0.00400514
-0.0040055
-0.00400576
-0.00400677
-0.00400733
-0.00400895
-0.00400969
-0.00401186
-0.00401273
-0.00401528
-0.00401646
-0.00401894
-0.00402092
-0.00402264
-0.00402608
-0.00402642
-0.00403149
-0.00403084
-0.00403623
-0.00403663
-0.00403958
-0.00404344
-0.00404238
-0.00404847
-0.00404636
-0.00404829
-0.00404878
-0.00404247
-0.00403791
-0.00402743
-0.00400046
-0.00396935
0.00211647
0.00266204
0.0030082
0.00278875
0.00239611
0.00216965
0.00196148
0.00156504
0.000992687
0.000501283
0.000255753
9.24004e-05
-0.000196348
-0.000621331
-0.000984208
-0.00115131
-0.00132868
-0.00177916
-0.002415
-0.00296823
-0.00345503
-0.00407175
-0.00476965
-0.00545989
-0.00616524
-0.00675088
-0.00714905
-0.00742072
-0.00741482
-0.00708378
-0.00665163
-0.00616819
-0.00561892
-0.00518424
-0.0049183
-0.00474219
-0.00475018
-0.00494564
-0.00502846
-0.00485188
-0.00464902
-0.00460638
-0.00462587
-0.00458256
-0.00450162
-0.00444285
-0.00440159
-0.00434993
-0.00428881
-0.00422891
-0.00417696
-0.00413384
-0.00409971
-0.00407428
-0.00405614
-0.00404338
-0.00403434
-0.00402781
-0.00402289
-0.00401901
-0.00401579
-0.00401312
-0.00401092
-0.00400907
-0.00400755
-0.00400647
-0.00400568
-0.00400534
-0.00400514
-0.0040055
-0.00400576
-0.00400676
-0.00400733
-0.00400895
-0.00400969
-0.00401186
-0.00401273
-0.00401528
-0.00401646
-0.00401894
-0.00402092
-0.00402264
-0.00402608
-0.00402642
-0.00403149
-0.00403084
-0.00403623
-0.00403664
-0.00403958
-0.00404344
-0.00404239
-0.00404847
-0.00404639
-0.00404831
-0.00404882
-0.00404253
-0.00403799
-0.00402747
-0.00400094
-0.00396967
0.0019672
0.00243313
0.00280363
0.00268896
0.00235211
0.0021387
0.00193865
0.00154015
0.000955522
0.000446875
0.000196306
4.79269e-05
-0.000227687
-0.000652311
-0.00101608
-0.00118276
-0.00136124
-0.00181025
-0.00243448
-0.00297117
-0.00344617
-0.00404706
-0.00471902
-0.00537642
-0.0060431
-0.00659703
-0.00698427
-0.00726613
-0.00728812
-0.00698973
-0.00658104
-0.00611913
-0.00559491
-0.00517917
-0.00492542
-0.004757
-0.00475851
-0.00493465
-0.00500653
-0.00483706
-0.00464463
-0.0046032
-0.00461925
-0.00457543
-0.00449633
-0.00443848
-0.00439715
-0.00434603
-0.00428649
-0.00422797
-0.00417712
-0.00413472
-0.004101
-0.00407571
-0.00405748
-0.00404446
-0.00403512
-0.00402829
-0.00402315
-0.00401914
-0.00401584
-0.00401313
-0.00401092
-0.00400906
-0.00400754
-0.00400647
-0.00400567
-0.00400534
-0.00400514
-0.0040055
-0.00400576
-0.00400676
-0.00400733
-0.00400895
-0.00400968
-0.00401186
-0.00401273
-0.00401528
-0.00401645
-0.00401894
-0.00402092
-0.00402264
-0.00402608
-0.00402643
-0.00403149
-0.00403085
-0.00403622
-0.00403664
-0.00403958
-0.00404345
-0.0040424
-0.00404848
-0.00404641
-0.00404834
-0.00404887
-0.0040426
-0.0040381
-0.00402752
-0.0040014
-0.00397003
0.00183606
0.00223498
0.00259352
0.00256362
0.00228712
0.00208898
0.00190217
0.00151585
0.000925154
0.000393837
0.00013454
1.20139e-06
-0.000260753
-0.000681431
-0.00104638
-0.00121976
-0.00140336
-0.0018439
-0.00245027
-0.00297195
-0.00343457
-0.00401813
-0.004665
-0.005289
-0.00591773
-0.00644385
-0.00681962
-0.0071056
-0.00715352
-0.00689071
-0.00650752
-0.00606696
-0.00556783
-0.00517203
-0.00493091
-0.00477032
-0.0047659
-0.00492297
-0.00498362
-0.00482093
-0.00463888
-0.00459883
-0.00461165
-0.00456724
-0.00448976
-0.00443295
-0.00439211
-0.00434139
-0.00428378
-0.00422693
-0.00417741
-0.00413584
-0.00410247
-0.00407712
-0.00405864
-0.00404532
-0.00403573
-0.00402872
-0.00402345
-0.00401934
-0.00401598
-0.00401321
-0.00401097
-0.00400908
-0.00400755
-0.00400647
-0.00400566
-0.00400533
-0.00400513
-0.00400549
-0.00400575
-0.00400676
-0.00400733
-0.00400894
-0.00400968
-0.00401186
-0.00401272
-0.00401527
-0.00401645
-0.00401894
-0.00402092
-0.00402264
-0.00402608
-0.00402643
-0.00403148
-0.00403085
-0.00403622
-0.00403665
-0.00403958
-0.00404345
-0.00404241
-0.00404849
-0.00404645
-0.00404837
-0.00404893
-0.00404267
-0.00403823
-0.00402757
-0.00400185
-0.00397042
0.0017161
0.00206517
0.00237861
0.00241059
0.00220688
0.00202311
0.00184873
0.00148879
0.000901306
0.000348626
7.46271e-05
-5.30538e-05
-0.000299026
-0.000712735
-0.00108753
-0.00127013
-0.00144466
-0.00186553
-0.00245909
-0.00297332
-0.0034204
-0.00398309
-0.00460903
-0.00520149
-0.00579124
-0.00629157
-0.00665402
-0.00693757
-0.00700911
-0.0067851
-0.00643038
-0.00601174
-0.00553771
-0.00516181
-0.0049332
-0.00478115
-0.00477185
-0.0049101
-0.00495919
-0.00480337
-0.00463228
-0.00459398
-0.00460343
-0.00455844
-0.00448312
-0.00442785
-0.00438732
-0.00433937
-0.00428115
-0.0042259
-0.00417759
-0.00413672
-0.00410366
-0.00407842
-0.00405988
-0.00404643
-0.00403662
-0.00402938
-0.00402389
-0.00401962
-0.00401612
-0.00401328
-0.00401101
-0.00400908
-0.00400754
-0.00400646
-0.00400565
-0.00400532
-0.00400512
-0.00400548
-0.00400575
-0.00400675
-0.00400732
-0.00400894
-0.00400968
-0.00401185
-0.00401272
-0.00401527
-0.00401645
-0.00401894
-0.00402092
-0.00402264
-0.00402607
-0.00402643
-0.00403148
-0.00403085
-0.00403622
-0.00403666
-0.00403959
-0.00404346
-0.00404243
-0.00404849
-0.00404649
-0.0040484
-0.004049
-0.00404274
-0.00403838
-0.00402762
-0.00400227
-0.00397085
0.00159496
0.00191555
0.00216913
0.00223649
0.00211362
0.00194776
0.00177665
0.0014465
0.000879902
0.000310594
1.21674e-05
-0.000113691
-0.00034165
-0.000748978
-0.00113382
-0.00131769
-0.00147688
-0.00188347
-0.00247084
-0.00297767
-0.00340388
-0.00394185
-0.00455048
-0.00511376
-0.00566205
-0.00613627
-0.00648643
-0.00676511
-0.00685634
-0.00667133
-0.00634881
-0.005954
-0.00550424
-0.00514755
-0.00493208
-0.00478966
-0.0047762
-0.00489596
-0.00493397
-0.00478556
-0.00462544
-0.00458855
-0.00459467
-0.00454941
-0.00447613
-0.00442187
-0.00438152
-0.00433425
-0.00427801
-0.00422441
-0.0041774
-0.00413743
-0.00410487
-0.00407976
-0.00406107
-0.00404733
-0.00403723
-0.00402975
-0.00402411
-0.00401973
-0.00401617
-0.00401329
-0.00401101
-0.00400905
-0.00400753
-0.00400644
-0.00400563
-0.0040053
-0.00400511
-0.00400547
-0.00400573
-0.00400674
-0.00400731
-0.00400893
-0.00400967
-0.00401185
-0.00401272
-0.00401527
-0.00401645
-0.00401894
-0.00402091
-0.00402264
-0.00402607
-0.00402643
-0.00403148
-0.00403086
-0.00403622
-0.00403666
-0.00403959
-0.00404346
-0.00404245
-0.0040485
-0.00404654
-0.00404844
-0.00404909
-0.00404282
-0.00403855
-0.00402769
-0.00400266
-0.0039713
0.0014648
0.00177641
0.00197856
0.00204986
0.0020006
0.00186584
0.00168539
0.00137968
0.000855066
0.000278047
-4.84916e-05
-0.000170591
-0.000386358
-0.000791299
-0.00117642
-0.00136111
-0.00151737
-0.00191039
-0.0024806
-0.00297506
-0.00338168
-0.0038947
-0.00448687
-0.00502594
-0.00553366
-0.0059789
-0.00631805
-0.00658988
-0.00669361
-0.00654736
-0.00626321
-0.00589472
-0.00546764
-0.00512939
-0.00492763
-0.0047955
-0.00477884
-0.00488129
-0.00490854
-0.00476696
-0.00461747
-0.0045822
-0.00458502
-0.00453915
-0.00446788
-0.00441515
-0.00437552
-0.00432919
-0.00427471
-0.00422281
-0.00417719
-0.00413812
-0.00410601
-0.00408101
-0.00406227
-0.0040484
-0.00403813
-0.00403047
-0.00402463
-0.00402008
-0.00401638
-0.00401339
-0.00401108
-0.00400906
-0.00400751
-0.00400642
-0.00400561
-0.00400528
-0.00400509
-0.00400545
-0.00400572
-0.00400673
-0.0040073
-0.00400892
-0.00400966
-0.00401184
-0.00401271
-0.00401527
-0.00401644
-0.00401893
-0.00402091
-0.00402264
-0.00402607
-0.00402643
-0.00403148
-0.00403086
-0.00403622
-0.00403667
-0.0040396
-0.00404346
-0.00404248
-0.00404851
-0.0040466
-0.00404848
-0.00404919
-0.0040429
-0.00403874
-0.00402778
-0.00400302
-0.00397178
0.00132731
0.00163495
0.00181079
0.0018594
0.00186106
0.00177431
0.00158383
0.00128921
0.000816986
0.00025338
-0.00010125
-0.000226322
-0.000433696
-0.000837076
-0.00121991
-0.00141168
-0.00156556
-0.00193284
-0.00248027
-0.00296585
-0.00335933
-0.00384643
-0.00441875
-0.00493862
-0.00540661
-0.00581839
-0.00614682
-0.00641067
-0.00652326
-0.00641652
-0.0061738
-0.00583268
-0.00542777
-0.00510741
-0.00491926
-0.00479829
-0.00477994
-0.00486567
-0.00488171
-0.00474679
-0.00460823
-0.00457458
-0.00457404
-0.00452801
-0.0044594
-0.00440841
-0.00436925
-0.00432365
-0.00427094
-0.00422086
-0.00417662
-0.0041385
-0.00410695
-0.00408218
-0.00406339
-0.00404929
-0.00403873
-0.00403081
-0.00402478
-0.00402013
-0.00401636
-0.00401333
-0.00401084
-0.00400902
-0.00400747
-0.00400638
-0.00400558
-0.00400525
-0.00400506
-0.00400543
-0.0040057
-0.00400671
-0.00400728
-0.00400891
-0.00400965
-0.00401183
-0.0040127
-0.00401526
-0.00401644
-0.00401893
-0.0040209
-0.00402264
-0.00402607
-0.00402643
-0.00403148
-0.00403086
-0.00403622
-0.00403667
-0.00403961
-0.00404346
-0.00404252
-0.00404851
-0.00404667
-0.00404852
-0.00404931
-0.004043
-0.00403894
-0.00402788
-0.00400335
-0.00397228
0.00119605
0.00148355
0.00165682
0.00167416
0.00169351
0.00166638
0.00148508
0.00118343
0.000757793
0.000231372
-0.00014938
-0.000287868
-0.000478256
-0.000878743
-0.0012725
-0.00146779
-0.00160461
-0.00194959
-0.00248399
-0.00296064
-0.00333575
-0.00379226
-0.00434413
-0.00484725
-0.00527867
-0.00565861
-0.00597433
-0.00622883
-0.0063497
-0.0062793
-0.00607679
-0.00576622
-0.00538561
-0.00508211
-0.00490666
-0.00479729
-0.00477816
-0.00484806
-0.00485358
-0.00472544
-0.00459764
-0.00456587
-0.00456262
-0.00451669
-0.00445038
-0.00440072
-0.00436206
-0.00431751
-0.00426687
-0.00421856
-0.00417583
-0.00413875
-0.00410779
-0.00408323
-0.00406442
-0.00405023
-0.00403954
-0.00403148
-0.00402529
-0.0040205
-0.00401658
-0.00401346
-0.00401096
-0.00400901
-0.00400745
-0.00400635
-0.00400554
-0.00400522
-0.00400503
-0.0040054
-0.00400567
-0.00400669
-0.00400726
-0.00400889
-0.00400964
-0.00401182
-0.00401269
-0.00401525
-0.00401643
-0.00401893
-0.0040209
-0.00402264
-0.00402606
-0.00402643
-0.00403147
-0.00403087
-0.00403622
-0.00403667
-0.00403963
-0.00404346
-0.00404256
-0.00404852
-0.00404674
-0.00404857
-0.00404944
-0.00404311
-0.00403915
-0.00402801
-0.00400365
-0.00397278
0.00108628
0.00132856
0.00150133
0.0014993
0.00150689
0.00153641
0.0013898
0.00107136
0.000674306
0.000198789
-0.000193637
-0.000351537
-0.000518837
-0.000914143
-0.00132923
-0.00152469
-0.00164183
-0.00196999
-0.00249303
-0.00295382
-0.00330172
-0.00373029
-0.00426631
-0.00475292
-0.0051537
-0.00550231
-0.00579919
-0.00604506
-0.00617443
-0.00613448
-0.00597088
-0.00569567
-0.00534178
-0.00505349
-0.00488873
-0.00479081
-0.00477284
-0.00482917
-0.00482475
-0.00470297
-0.00458603
-0.00455657
-0.00455034
-0.00450392
-0.0044399
-0.00439217
-0.00435451
-0.00431116
-0.0042624
-0.00421594
-0.00417467
-0.00413866
-0.00410838
-0.00408417
-0.00406543
-0.00405109
-0.00404016
-0.00403184
-0.00402543
-0.00402052
-0.0040165
-0.00401335
-0.00401088
-0.00400893
-0.00400737
-0.00400628
-0.00400548
-0.00400516
-0.00400498
-0.00400536
-0.00400564
-0.00400666
-0.00400724
-0.00400887
-0.00400962
-0.00401181
-0.00401268
-0.00401524
-0.00401642
-0.00401892
-0.00402089
-0.00402263
-0.00402606
-0.00402643
-0.00403147
-0.00403087
-0.00403623
-0.00403667
-0.00403965
-0.00404346
-0.0040426
-0.00404853
-0.00404683
-0.00404863
-0.00404959
-0.00404324
-0.00403936
-0.00402816
-0.00400393
-0.0039733
0.000995851
0.00118234
0.00133657
0.00133546
0.00131998
0.00137891
0.00128471
0.00096097
0.000570691
0.00015032
-0.000231874
-0.000414451
-0.000565276
-0.000943932
-0.00137625
-0.0015874
-0.00169095
-0.00198711
-0.00249316
-0.00294427
-0.00326792
-0.00366765
-0.00418356
-0.00465511
-0.00502949
-0.00534448
-0.00562355
-0.0058653
-0.00599804
-0.00598016
-0.00585578
-0.00562092
-0.00529599
-0.00502136
-0.00486518
-0.00477887
-0.00476433
-0.00480909
-0.00479534
-0.0046796
-0.00457291
-0.00454521
-0.00453611
-0.00449001
-0.004429
-0.00438331
-0.00434645
-0.00430415
-0.00425727
-0.0042128
-0.00417317
-0.00413835
-0.00410877
-0.00408487
-0.00406618
-0.00405178
-0.00404075
-0.00403233
-0.00402582
-0.00402082
-0.00401669
-0.00401365
-0.00401092
-0.0040089
-0.00400732
-0.00400622
-0.00400542
-0.0040051
-0.00400493
-0.00400531
-0.0040056
-0.00400662
-0.00400721
-0.00400885
-0.0040096
-0.00401179
-0.00401266
-0.00401523
-0.00401641
-0.00401891
-0.00402089
-0.00402263
-0.00402606
-0.00402643
-0.00403147
-0.00403087
-0.00403623
-0.00403667
-0.00403967
-0.00404346
-0.00404266
-0.00404854
-0.00404692
-0.0040487
-0.00404974
-0.00404338
-0.00403957
-0.00402834
-0.00400418
-0.0039738
0.000910009
0.00105333
0.00116994
0.00117805
0.00114425
0.00119481
0.00115713
0.000855858
0.000458531
8.67042e-05
-0.000267836
-0.000478709
-0.000623413
-0.000969749
-0.001411
-0.00165213
-0.00174697
-0.00200105
-0.00248396
-0.00293737
-0.00324405
-0.0035986
-0.00408723
-0.00455486
-0.00490613
-0.00518752
-0.00545442
-0.0056901
-0.0058162
-0.00581588
-0.00573339
-0.00554218
-0.00524752
-0.00498609
-0.00483676
-0.00476117
-0.00475166
-0.00478757
-0.00476525
-0.00465413
-0.00455689
-0.00453204
-0.00452144
-0.00447579
-0.00441719
-0.00437328
-0.00433742
-0.00429651
-0.00425171
-0.00420929
-0.00417122
-0.00413755
-0.00410877
-0.00408535
-0.00406688
-0.00405248
-0.00404132
-0.00403269
-0.00402595
-0.00402084
-0.0040166
-0.00401343
-0.00401078
-0.00400878
-0.0040072
-0.00400612
-0.00400533
-0.00400503
-0.00400486
-0.00400525
-0.00400555
-0.00400658
-0.00400717
-0.00400882
-0.00400957
-0.00401177
-0.00401265
-0.00401522
-0.0040164
-0.0040189
-0.00402088
-0.00402262
-0.00402605
-0.00402643
-0.00403147
-0.00403087
-0.00403624
-0.00403667
-0.0040397
-0.00404346
-0.00404272
-0.00404856
-0.00404703
-0.00404879
-0.00404989
-0.00404356
-0.00403978
-0.00402854
-0.00400441
-0.0039743
0.00081546
0.000938596
0.00101093
0.00101694
0.000980071
0.00100224
0.00100292
0.000750234
0.000345483
4.1296e-06
-0.000307445
-0.000540309
-0.000689046
-0.000999748
-0.00143873
-0.0017019
-0.00180304
-0.00202727
-0.00247196
-0.00292535
-0.00322193
-0.00352394
-0.00398548
-0.00445437
-0.00478212
-0.00503335
-0.00528939
-0.00551454
-0.00563216
-0.00564829
-0.00560419
-0.00545631
-0.00519548
-0.00494861
-0.00480371
-0.00473706
-0.00473411
-0.00476365
-0.00473343
-0.00462674
-0.00453951
-0.00451808
-0.00450561
-0.00445987
-0.00440386
-0.00436231
-0.00432781
-0.00428836
-0.00424553
-0.00420511
-0.00416879
-0.00413644
-0.00410856
-0.00408563
-0.00406732
-0.0040529
-0.00404166
-0.00403294
-0.00402611
-0.00402096
-0.00401689
-0.00401347
-0.00401075
-0.00400869
-0.0040071
-0.00400601
-0.00400523
-0.00400493
-0.00400478
-0.00400518
-0.00400548
-0.00400653
-0.00400713
-0.00400878
-0.00400954
-0.00401174
-0.00401262
-0.0040152
-0.00401638
-0.00401889
-0.00402087
-0.00402262
-0.00402605
-0.00402643
-0.00403148
-0.00403086
-0.00403626
-0.00403666
-0.00403973
-0.00404345
-0.00404279
-0.00404858
-0.00404713
-0.00404889
-0.00405005
-0.00404375
-0.00403999
-0.00402875
-0.00400464
-0.00397478
0.00070897
0.000824144
0.000859974
0.000848718
0.00082299
0.000823192
0.000829922
0.000632191
0.000231966
-9.86515e-05
-0.000354711
-0.000589654
-0.000758198
-0.00104252
-0.0014624
-0.00173725
-0.00185649
-0.00206239
-0.00246153
-0.00290256
-0.00319526
-0.00345827
-0.00388576
-0.00434311
-0.00465393
-0.0048849
-0.00512675
-0.00533959
-0.00545279
-0.00548075
-0.00546523
-0.00536019
-0.00513967
-0.00491023
-0.00476691
-0.00470566
-0.00470969
-0.00473669
-0.00470157
-0.00459901
-0.00451993
-0.00450125
-0.00448771
-0.00444281
-0.00438973
-0.00435049
-0.00431733
-0.0042794
-0.00423864
-0.00420036
-0.00416583
-0.00413477
-0.00410781
-0.00408546
-0.00406747
-0.0040532
-0.00404196
-0.00403316
-0.00402616
-0.00402073
-0.0040166
-0.00401323
-0.00401055
-0.0040085
-0.00400693
-0.00400585
-0.00400509
-0.00400481
-0.00400467
-0.00400509
-0.0040054
-0.00400646
-0.00400707
-0.00400873
-0.0040095
-0.00401171
-0.00401259
-0.00401517
-0.00401636
-0.00401888
-0.00402086
-0.00402261
-0.00402604
-0.00402642
-0.00403148
-0.00403086
-0.00403627
-0.00403666
-0.00403978
-0.00404345
-0.00404286
-0.00404861
-0.00404725
-0.00404901
-0.0040502
-0.00404398
-0.00404019
-0.00402899
-0.00400486
-0.00397524
0.00059896
0.000699836
0.0007111
0.000677174
0.000663034
0.000664343
0.000654377
0.000492526
0.000117695
-0.000214756
-0.000418987
-0.000626207
-0.000824757
-0.00109638
-0.00148872
-0.00177294
-0.00189462
-0.00208649
-0.00246386
-0.00287991
-0.00316065
-0.00340027
-0.0037847
-0.0042208
-0.00452779
-0.00474201
-0.00496375
-0.00516737
-0.00528035
-0.00531473
-0.00531786
-0.00525228
-0.00507807
-0.00487176
-0.00472694
-0.00466573
-0.00467809
-0.00470822
-0.00466997
-0.0045689
-0.00449652
-0.00448205
-0.00446899
-0.00442495
-0.00437428
-0.00433736
-0.00430586
-0.00426967
-0.00423104
-0.00419488
-0.00416215
-0.00413254
-0.00410668
-0.00408502
-0.0040674
-0.00405325
-0.004042
-0.00403316
-0.00402635
-0.00402079
-0.00401654
-0.00401311
-0.00401039
-0.00400832
-0.00400675
-0.00400568
-0.00400493
-0.00400467
-0.00400455
-0.00400498
-0.00400531
-0.00400638
-0.004007
-0.00400867
-0.00400945
-0.00401167
-0.00401256
-0.00401515
-0.00401634
-0.00401886
-0.00402085
-0.0040226
-0.00402604
-0.00402641
-0.00403148
-0.00403085
-0.00403629
-0.00403665
-0.00403982
-0.00404345
-0.00404294
-0.00404865
-0.00404736
-0.00404916
-0.00405036
-0.00404423
-0.0040404
-0.00402923
-0.00400509
-0.00397567
0.000494314
0.000569367
0.000559266
0.000502552
0.000491092
0.000514185
0.000491765
0.000342481
3.18994e-06
-0.000337481
-0.000510378
-0.000663796
-0.000877192
-0.00115172
-0.00152387
-0.00181177
-0.00191923
-0.00209837
-0.00247392
-0.00286212
-0.00312096
-0.00334047
-0.00368315
-0.00410037
-0.00440412
-0.00459527
-0.00480031
-0.00500411
-0.00511481
-0.00514931
-0.00516597
-0.0051338
-0.00500674
-0.00483114
-0.00468643
-0.00462018
-0.00463904
-0.00467563
-0.00463681
-0.00453707
-0.00447083
-0.00446089
-0.00444866
-0.00440548
-0.00435728
-0.00432294
-0.00429336
-0.00425903
-0.0042226
-0.00418865
-0.00415782
-0.00412972
-0.00410495
-0.00408405
-0.00406689
-0.00405299
-0.00404186
-0.00403305
-0.00402612
-0.00402053
-0.00401622
-0.0040128
-0.0040101
-0.00400805
-0.0040065
-0.00400546
-0.00400473
-0.00400449
-0.00400439
-0.00400485
-0.0040052
-0.00400628
-0.00400692
-0.0040086
-0.00400939
-0.00401162
-0.00401252
-0.00401511
-0.00401631
-0.00401884
-0.00402083
-0.00402258
-0.00402603
-0.0040264
-0.00403149
-0.00403085
-0.00403632
-0.00403664
-0.00403987
-0.00404346
-0.00404302
-0.00404871
-0.00404747
-0.00404933
-0.00405051
-0.0040445
-0.00404062
-0.00402947
-0.00400533
-0.00397608
0.00040507
0.000450155
0.000409922
0.00032475
0.000303842
0.000352636
0.000345968
0.000205161
-0.000113858
-0.000462063
-0.000627675
-0.00072282
-0.000910212
-0.00119615
-0.0015652
-0.00185325
-0.00195333
-0.00210144
-0.00246011
-0.00285081
-0.00309658
-0.00327357
-0.00357716
-0.00398724
-0.0042815
-0.00444403
-0.0046404
-0.00484962
-0.00495236
-0.00498441
-0.0050163
-0.0050086
-0.00492096
-0.00478514
-0.00464949
-0.00457127
-0.00458891
-0.00463614
-0.00460403
-0.00450566
-0.00444207
-0.00443597
-0.00442616
-0.00438476
-0.00433895
-0.00430715
-0.00427975
-0.00424752
-0.00421331
-0.00418154
-0.00415263
-0.00412613
-0.0041026
-0.0040826
-0.004066
-0.0040524
-0.00404142
-0.00403266
-0.00402575
-0.00402021
-0.00401588
-0.00401246
-0.00400977
-0.00400774
-0.0040062
-0.00400519
-0.00400449
-0.00400428
-0.00400421
-0.00400469
-0.00400506
-0.00400616
-0.00400682
-0.00400852
-0.00400932
-0.00401156
-0.00401247
-0.00401507
-0.00401628
-0.00401881
-0.00402081
-0.00402256
-0.00402602
-0.00402639
-0.0040315
-0.00403084
-0.00403634
-0.00403664
-0.00403992
-0.00404347
-0.0040431
-0.00404879
-0.00404757
-0.00404953
-0.00405067
-0.00404479
-0.00404085
-0.00402971
-0.00400557
-0.00397647
0.000332173
0.000361247
0.000273712
0.000151331
0.000103626
0.000167346
0.000205589
8.6675e-05
-0.000224972
-0.000579261
-0.000760818
-0.000813376
-0.000939043
-0.00122405
-0.00160168
-0.00189673
-0.00200446
-0.0021004
-0.00241751
-0.00284133
-0.0030894
-0.00320538
-0.00346757
-0.00387501
-0.00416189
-0.00429794
-0.00448081
-0.00469595
-0.00479622
-0.00482476
-0.00486935
-0.00487998
-0.00482199
-0.00472898
-0.00461372
-0.00452171
-0.0045297
-0.00458938
-0.00457078
-0.00447389
-0.00440957
-0.00440723
-0.00440193
-0.00436305
-0.0043192
-0.00428982
-0.00426486
-0.00423487
-0.00420292
-0.00417343
-0.0041466
-0.00412181
-0.00409959
-0.00408052
-0.00406456
-0.00405139
-0.00404067
-0.00403206
-0.0040252
-0.00401971
-0.00401539
-0.00401199
-0.00400933
-0.00400733
-0.00400584
-0.00400486
-0.0040042
-0.00400403
-0.00400399
-0.00400449
-0.0040049
-0.00400602
-0.0040067
-0.00400842
-0.00400924
-0.00401149
-0.00401242
-0.00401502
-0.00401624
-0.00401878
-0.00402079
-0.00402254
-0.00402602
-0.00402638
-0.00403151
-0.00403083
-0.00403637
-0.00403663
-0.00403998
-0.00404349
-0.00404318
-0.00404889
-0.00404767
-0.00404976
-0.00405083
-0.00404509
-0.00404109
-0.00402994
-0.00400583
-0.00397684
0.000249835
0.00029844
0.000169667
-1.50586e-06
-9.63449e-05
-3.93093e-05
4.48155e-05
-2.83953e-05
-0.000311727
-0.000679412
-0.000895376
-0.000931647
-0.000994629
-0.00123885
-0.00161578
-0.00193668
-0.00206394
-0.00211552
-0.00236925
-0.00280229
-0.00308124
-0.00316382
-0.00336099
-0.00374583
-0.00404668
-0.00416959
-0.00431899
-0.00453649
-0.00465111
-0.0046735
-0.00472168
-0.00475204
-0.00471498
-0.0046564
-0.00457379
-0.00447787
-0.00446648
-0.00453146
-0.00453282
-0.00444294
-0.00437565
-0.00437478
-0.0043751
-0.00433993
-0.00429786
-0.00427066
-0.00424845
-0.00422107
-0.00419152
-0.00416433
-0.0041396
-0.00411657
-0.00409576
-0.00407777
-0.00406258
-0.00404994
-0.00403955
-0.00403113
-0.00402439
-0.00401899
-0.00401473
-0.00401139
-0.00400878
-0.00400684
-0.00400539
-0.00400446
-0.00400385
-0.00400372
-0.00400372
-0.00400427
-0.0040047
-0.00400586
-0.00400656
-0.0040083
-0.00400914
-0.0040114
-0.00401235
-0.00401496
-0.0040162
-0.00401874
-0.00402076
-0.00402252
-0.00402601
-0.00402636
-0.00403151
-0.00403081
-0.0040364
-0.00403663
-0.00404003
-0.00404352
-0.00404325
-0.00404901
-0.00404778
-0.00405
-0.004051
-0.00404539
-0.00404137
-0.00403016
-0.00400609
-0.00397719
0.000113726
0.000233512
0.000105027
-0.00011667
-0.000274364
-0.000256602
-0.000151018
-0.00015433
-0.000379609
-0.000754001
-0.00101377
-0.00106907
-0.00108815
-0.001252
-0.00160831
-0.00196418
-0.00211871
-0.00215741
-0.00233319
-0.00272238
-0.00306084
-0.00315785
-0.00326347
-0.00359791
-0.00393496
-0.00406081
-0.00415939
-0.00436961
-0.0045146
-0.00453366
-0.00457311
-0.0046243
-0.00460619
-0.00456911
-0.0045239
-0.00443902
-0.00440338
-0.00446249
-0.00448795
-0.0044133
-0.00434144
-0.00433785
-0.00434446
-0.00431524
-0.00427524
-0.00424981
-0.00423051
-0.00420605
-0.00417896
-0.00415405
-0.0041315
-0.00411038
-0.0040911
-0.00407428
-0.00405996
-0.00404793
-0.00403796
-0.00402984
-0.00402329
-0.00401804
-0.00401388
-0.00401063
-0.0040081
-0.00400623
-0.00400485
-0.00400398
-0.00400343
-0.00400336
-0.00400341
-0.004004
-0.00400447
-0.00400566
-0.00400639
-0.00400816
-0.00400902
-0.0040113
-0.00401227
-0.0040149
-0.00401615
-0.00401869
-0.00402073
-0.00402249
-0.004026
-0.00402634
-0.00403152
-0.0040308
-0.00403643
-0.00403664
-0.00404008
-0.00404357
-0.00404332
-0.00404915
-0.00404788
-0.00405026
-0.00405119
-0.00404569
-0.00404166
-0.00403039
-0.00400634
-0.00397754
-8.48332e-05
0.000119636
5.35166e-05
-0.000189462
-0.000409251
-0.000462766
-0.000366827
-0.000310726
-0.000457292
-0.000799072
-0.00110356
-0.0012055
-0.00120488
-0.0012953
-0.00159607
-0.00196111
-0.00216105
-0.0022159
-0.00231998
-0.00263212
-0.00301021
-0.00315582
-0.00319421
-0.00345469
-0.00380911
-0.00395744
-0.00401746
-0.00420263
-0.00437572
-0.00440443
-0.00442897
-0.00449505
-0.00449985
-0.00447301
-0.00445741
-0.00439896
-0.00434701
-0.00438788
-0.00443252
-0.00438122
-0.00430792
-0.00429784
-0.00430982
-0.00428872
-0.00425154
-0.00422724
-0.00421071
-0.00418954
-0.00416513
-0.00414256
-0.00412226
-0.00410314
-0.00408548
-0.00406993
-0.0040566
-0.00404531
-0.00403588
-0.00402813
-0.00402185
-0.00401681
-0.0040128
-0.00400968
-0.00400726
-0.00400549
-0.00400419
-0.00400341
-0.00400293
-0.00400292
-0.00400303
-0.00400367
-0.00400419
-0.00400543
-0.0040062
-0.00400799
-0.00400888
-0.00401119
-0.00401217
-0.00401482
-0.00401608
-0.00401864
-0.0040207
-0.00402245
-0.00402598
-0.00402632
-0.00403153
-0.00403079
-0.00403646
-0.00403665
-0.00404013
-0.00404364
-0.0040434
-0.00404931
-0.00404799
-0.00405053
-0.0040514
-0.00404597
-0.00404198
-0.00403061
-0.0040066
-0.00397787
-0.000308963
-6.52051e-05
-3.17298e-05
-0.000236299
-0.000495428
-0.000628446
-0.000580499
-0.000501013
-0.000563525
-0.000833187
-0.00115863
-0.00131668
-0.001334
-0.00137881
-0.0015896
-0.00193418
-0.00218613
-0.00226739
-0.00233508
-0.00256447
-0.0029198
-0.00313129
-0.00316697
-0.00333297
-0.00365785
-0.00385282
-0.00390568
-0.00404235
-0.00422446
-0.00428325
-0.00429758
-0.00436337
-0.00439307
-0.00437536
-0.00437613
-0.00435083
-0.00429778
-0.00431312
-0.00436558
-0.0043432
-0.00427616
-0.00425704
-0.00427086
-0.00425914
-0.00422645
-0.00420305
-0.00418899
-0.00417146
-0.00415001
-0.0041298
-0.00411176
-0.00409474
-0.00407883
-0.00406468
-0.00405246
-0.00404202
-0.00403322
-0.00402595
-0.00402002
-0.00401525
-0.00401146
-0.0040085
-0.00400623
-0.00400459
-0.00400341
-0.00400272
-0.00400234
-0.00400241
-0.00400259
-0.00400329
-0.00400387
-0.00400515
-0.00400596
-0.00400779
-0.00400872
-0.00401105
-0.00401206
-0.00401472
-0.00401601
-0.00401857
-0.00402065
-0.00402241
-0.00402596
-0.00402629
-0.00403153
-0.00403079
-0.00403649
-0.00403667
-0.00404018
-0.00404371
-0.00404347
-0.00404949
-0.00404811
-0.00405079
-0.00405164
-0.00404624
-0.00404232
-0.00403083
-0.00400684
-0.00397819
-0.000511444
-0.000294385
-0.00017736
-0.000297322
-0.000547531
-0.000741292
-0.000767927
-0.000701259
-0.000704557
-0.000886528
-0.00118673
-0.00139527
-0.00145538
-0.00148066
-0.00161415
-0.00190676
-0.00218023
-0.00230209
-0.00237022
-0.00252465
-0.00281554
-0.00307839
-0.00315386
-0.00323924
-0.00350445
-0.0037401
-0.00380967
-0.00389695
-0.00406804
-0.00416362
-0.00417921
-0.00423262
-0.00428351
-0.00428113
-0.00428623
-0.00428813
-0.00425016
-0.0042447
-0.0042918
-0.00429605
-0.00424373
-0.00421669
-0.00422813
-0.00422572
-0.0041998
-0.00417767
-0.00416546
-0.0041516
-0.00413343
-0.00411568
-0.00409993
-0.00408512
-0.00407108
-0.00405844
-0.00404743
-0.00403796
-0.00402992
-0.00402322
-0.00401774
-0.00401332
-0.0040098
-0.00400707
-0.00400499
-0.00400351
-0.00400247
-0.00400191
-0.00400163
-0.0040018
-0.00400207
-0.00400285
-0.00400349
-0.00400483
-0.00400569
-0.00400756
-0.00400852
-0.00401089
-0.00401193
-0.00401461
-0.00401592
-0.0040185
-0.0040206
-0.00402236
-0.00402594
-0.00402627
-0.00403153
-0.00403078
-0.00403651
-0.0040367
-0.00404023
-0.00404381
-0.00404354
-0.00404967
-0.00404825
-0.00405106
-0.00405191
-0.0040465
-0.00404267
-0.00403107
-0.00400707
-0.00397851
-0.000659451
-0.000517552
-0.000371912
-0.000401928
-0.000596406
-0.000812354
-0.000909648
-0.000886474
-0.000868864
-0.000972729
-0.00121208
-0.00144287
-0.00154875
-0.00158675
-0.00167382
-0.0018896
-0.00215374
-0.00231929
-0.0024004
-0.00251027
-0.00273325
-0.00299568
-0.00312185
-0.00318153
-0.003374
-0.00360944
-0.00371307
-0.00377712
-0.00391828
-0.0040367
-0.00406972
-0.00411065
-0.00417059
-0.0041877
-0.00419464
-0.00421245
-0.00419818
-0.0041839
-0.00421652
-0.00423835
-0.00420703
-0.00417781
-0.00418382
-0.00418839
-0.00417086
-0.00415107
-0.0041402
-0.0041298
-0.00411527
-0.00410018
-0.00408675
-0.00407419
-0.00406214
-0.00405113
-0.00404146
-0.00403308
-0.00402591
-0.0040199
-0.00401495
-0.00401096
-0.00400779
-0.00400535
-0.0040035
-0.00400222
-0.00400136
-0.00400095
-0.0040008
-0.00400109
-0.00400146
-0.00400233
-0.00400305
-0.00400445
-0.00400537
-0.00400729
-0.0040083
-0.0040107
-0.00401177
-0.00401448
-0.00401582
-0.00401841
-0.00402054
-0.00402231
-0.00402591
-0.00402624
-0.00403153
-0.00403078
-0.00403654
-0.00403674
-0.00404027
-0.00404391
-0.00404361
-0.00404986
-0.00404841
-0.00405131
-0.0040522
-0.00404676
-0.00404301
-0.00403133
-0.00400728
-0.00397881
-0.000751851
-0.000696319
-0.000578224
-0.000549705
-0.000671294
-0.000865838
-0.00100704
-0.00103943
-0.00103221
-0.00108713
-0.00125677
-0.00147187
-0.00161369
-0.00168021
-0.00174718
-0.0018984
-0.00212771
-0.00231282
-0.00241606
-0.00251394
-0.00267734
-0.00290166
-0.00306862
-0.00314275
-0.0032696
-0.00347399
-0.00361159
-0.00367682
-0.00378286
-0.00390542
-0.00396313
-0.00399894
-0.00405693
-0.004093
-0.00410639
-0.00412945
-0.00413642
-0.00412643
-0.00414495
-0.00417337
-0.00416365
-0.00413935
-0.0041395
-0.00414749
-0.00413877
-0.00412305
-0.00411354
-0.00410617
-0.00409541
-0.00408324
-0.00407217
-0.00406191
-0.00405197
-0.00404271
-0.00403449
-0.00402731
-0.00402112
-0.00401591
-0.0040116
-0.00400813
-0.00400538
-0.00400329
-0.00400174
-0.0040007
-0.00400005
-0.00399982
-0.00399983
-0.00400026
-0.00400075
-0.00400172
-0.00400253
-0.00400401
-0.004005
-0.00400698
-0.00400804
-0.00401048
-0.0040116
-0.00401433
-0.0040157
-0.00401831
-0.00402047
-0.00402225
-0.00402587
-0.00402621
-0.00403152
-0.00403078
-0.00403656
-0.00403678
-0.00404032
-0.00404402
-0.0040437
-0.00405005
-0.00404859
-0.00405156
-0.0040525
-0.00404702
-0.00404335
-0.0040316
-0.00400749
-0.00397909
-0.000808848
-0.000823731
-0.000760338
-0.000717811
-0.000779012
-0.000927096
-0.00107691
-0.00115476
-0.00117566
-0.00121296
-0.00132587
-0.001502
-0.00165698
-0.00175012
-0.00182029
-0.00193186
-0.00211137
-0.00229285
-0.00241843
-0.00251661
-0.00264206
-0.00282301
-0.00299829
-0.00309669
-0.00319121
-0.00335404
-0.00350289
-0.00358315
-0.00366674
-0.00377765
-0.00385388
-0.00389596
-0.00394911
-0.00399654
-0.00401989
-0.00404444
-0.0040656
-0.00406792
-0.00407903
-0.00410579
-0.00411266
-0.00409873
-0.00409593
-0.00410444
-0.00410344
-0.00409329
-0.00408569
-0.00408084
-0.00407379
-0.0040648
-0.00405621
-0.00404826
-0.00404051
-0.00403313
-0.00402646
-0.0040206
-0.00401552
-0.00401121
-0.00400765
-0.00400478
-0.00400253
-0.00400085
-0.00399965
-0.00399891
-0.00399851
-0.00399851
-0.0039987
-0.00399929
-0.00399992
-0.00400102
-0.00400193
-0.00400351
-0.00400458
-0.00400662
-0.00400774
-0.00401023
-0.00401139
-0.00401416
-0.00401557
-0.0040182
-0.00402038
-0.00402218
-0.00402583
-0.00402618
-0.00403151
-0.00403078
-0.00403657
-0.00403683
-0.00404037
-0.00404414
-0.00404381
-0.00405024
-0.00404879
-0.0040518
-0.00405282
-0.00404728
-0.00404368
-0.00403188
-0.00400769
-0.00397936
-0.000855835
-0.000912911
-0.000904017
-0.000878952
-0.00090716
-0.00100825
-0.00114
-0.0012405
-0.00129165
-0.00133206
-0.00141108
-0.00154489
-0.00169016
-0.00180019
-0.00188213
-0.00197441
-0.00211177
-0.00227375
-0.00240767
-0.00251144
-0.00262092
-0.00276402
-0.00292218
-0.00303994
-0.00313002
-0.00325504
-0.00339394
-0.00348972
-0.00356577
-0.00366023
-0.00374496
-0.00379865
-0.00384828
-0.00389925
-0.00393383
-0.00396187
-0.0039901
-0.00400509
-0.00401652
-0.00403933
-0.00405593
-0.00405427
-0.00405281
-0.00406073
-0.00406528
-0.00406133
-0.00405661
-0.00405409
-0.00405047
-0.00404483
-0.00403888
-0.00403329
-0.00402777
-0.00402236
-0.00401737
-0.00401293
-0.00400906
-0.00400576
-0.00400304
-0.00400087
-0.00399921
-0.00399802
-0.00399723
-0.00399684
-0.00399673
-0.00399698
-0.0039974
-0.00399817
-0.00399897
-0.00400021
-0.00400125
-0.00400292
-0.00400409
-0.00400621
-0.0040074
-0.00400994
-0.00401115
-0.00401397
-0.00401541
-0.00401807
-0.00402028
-0.0040221
-0.00402577
-0.00402614
-0.0040315
-0.00403079
-0.00403659
-0.00403689
-0.00404042
-0.00404425
-0.00404393
-0.00405043
-0.004049
-0.00405203
-0.00405313
-0.00404755
-0.00404399
-0.00403217
-0.0040079
-0.00397961
-0.000911285
-0.000983207
-0.00101335
-0.00101681
-0.00103755
-0.00110536
-0.00120926
-0.00131072
-0.00138213
-0.00143424
-0.00149953
-0.00160066
-0.00172471
-0.00183764
-0.00192867
-0.00201588
-0.00212616
-0.00226156
-0.00239108
-0.00249988
-0.00260272
-0.00271984
-0.00285503
-0.00297773
-0.00307249
-0.00317423
-0.00329415
-0.00339618
-0.00347464
-0.00355731
-0.00364038
-0.00370281
-0.00375384
-0.00380583
-0.00384883
-0.00388185
-0.0039134
-0.00393797
-0.00395493
-0.00397585
-0.00399674
-0.00400566
-0.004009
-0.00401709
-0.00402522
-0.00402716
-0.00402625
-0.00402619
-0.00402567
-0.00402338
-0.00402022
-0.00401704
-0.00401378
-0.00401043
-0.00400721
-0.00400429
-0.00400173
-0.00399954
-0.00399776
-0.00399638
-0.00399538
-0.00399475
-0.00399444
-0.00399445
-0.00399469
-0.00399523
-0.00399591
-0.0039969
-0.00399788
-0.00399928
-0.00400046
-0.00400226
-0.00400353
-0.00400574
-0.00400701
-0.00400962
-0.00401088
-0.00401374
-0.00401523
-0.00401793
-0.00402017
-0.00402201
-0.00402571
-0.0040261
-0.00403148
-0.00403079
-0.00403661
-0.00403694
-0.00404049
-0.00404437
-0.00404406
-0.00405061
-0.00404923
-0.00405227
-0.00405345
-0.00404783
-0.00404429
-0.00403246
-0.0040081
-0.00397985
-0.000981454
-0.00105065
-0.00110068
-0.00112906
-0.00115645
-0.00120739
-0.00128676
-0.00137681
-0.00145519
-0.00151807
-0.0015811
-0.00166264
-0.00176484
-0.0018699
-0.00196381
-0.00205078
-0.00214591
-0.00225847
-0.00237643
-0.00248393
-0.00258297
-0.00268614
-0.00280143
-0.00291642
-0.00301388
-0.0031057
-0.00320844
-0.00330779
-0.00338964
-0.00346579
-0.00354314
-0.00361047
-0.00366591
-0.00371813
-0.00376525
-0.00380373
-0.00383851
-0.00386928
-0.0038929
-0.00391499
-0.00393774
-0.0039541
-0.00396373
-0.0039737
-0.00398436
-0.0039912
-0.00399455
-0.00399733
-0.0039997
-0.0040006
-0.00400034
-0.00399963
-0.00399865
-0.0039974
-0.00399602
-0.00399471
-0.00399353
-0.00399255
-0.00399179
-0.00399129
-0.00399103
-0.00399104
-0.00399126
-0.00399173
-0.00399237
-0.00399325
-0.00399421
-0.00399545
-0.00399665
-0.00399823
-0.00399957
-0.00400151
-0.0040029
-0.00400521
-0.00400656
-0.00400925
-0.00401058
-0.00401349
-0.00401503
-0.00401776
-0.00402004
-0.00402191
-0.00402564
-0.00402605
-0.00403145
-0.0040308
-0.00403663
-0.004037
-0.00404056
-0.00404449
-0.0040442
-0.00405079
-0.00404946
-0.00405251
-0.00405375
-0.00404812
-0.00404457
-0.00403274
-0.00400831
-0.00398007
-0.00106314
-0.00112258
-0.00117796
-0.0012212
-0.00125848
-0.00130434
-0.00136759
-0.00144354
-0.0015193
-0.00158718
-0.00165163
-0.00172353
-0.001809
-0.00190207
-0.00199265
-0.00207841
-0.00216577
-0.00226247
-0.00236623
-0.00246737
-0.00256311
-0.00265832
-0.00275837
-0.00286122
-0.00295706
-0.00304552
-0.00313634
-0.00322763
-0.00330943
-0.00338352
-0.00345639
-0.00352436
-0.00358295
-0.00363599
-0.00368539
-0.00372856
-0.00376672
-0.00380134
-0.00383056
-0.00385597
-0.0038805
-0.00390163
-0.00391719
-0.00393045
-0.00394349
-0.00395422
-0.00396175
-0.0039677
-0.00397287
-0.00397678
-0.0039794
-0.00398122
-0.00398253
-0.00398339
-0.00398391
-0.00398426
-0.00398455
-0.00398484
-0.00398518
-0.00398562
-0.00398618
-0.00398688
-0.0039877
-0.00398868
-0.00398976
-0.00399101
-0.0039923
-0.00399382
-0.00399526
-0.00399706
-0.00399858
-0.00400067
-0.00400219
-0.00400461
-0.00400607
-0.00400883
-0.00401024
-0.00401321
-0.0040148
-0.00401758
-0.0040199
-0.0040218
-0.00402556
-0.004026
-0.00403142
-0.0040308
-0.00403665
-0.00403705
-0.00404063
-0.0040446
-0.00404435
-0.00405097
-0.00404969
-0.00405275
-0.00405403
-0.00404841
-0.00404484
-0.00403302
-0.00400853
-0.00398028
-0.00114892
-0.0011986
-0.0012515
-0.00130028
-0.00134456
-0.00139075
-0.00144572
-0.00151045
-0.00157949
-0.00164674
-0.00171165
-0.00177895
-0.00185363
-0.00193538
-0.00201907
-0.00210125
-0.00218333
-0.0022695
-0.00236109
-0.00245405
-0.00254455
-0.00263314
-0.00272305
-0.00281556
-0.00290615
-0.00299112
-0.00307414
-0.00315756
-0.00323693
-0.00330996
-0.00337946
-0.00344563
-0.00350576
-0.00356036
-0.00361116
-0.00365725
-0.00369844
-0.003736
-0.00376945
-0.00379873
-0.00382565
-0.00385006
-0.00387037
-0.00388748
-0.00390317
-0.00391709
-0.00392836
-0.00393758
-0.00394555
-0.00395228
-0.00395766
-0.00396201
-0.00396559
-0.00396855
-0.00397098
-0.00397304
-0.00397483
-0.00397645
-0.00397796
-0.00397942
-0.00398085
-0.00398231
-0.00398378
-0.00398533
-0.00398689
-0.00398856
-0.00399021
-0.00399204
-0.00399375
-0.00399577
-0.00399749
-0.00399975
-0.00400142
-0.00400397
-0.00400553
-0.00400839
-0.00400987
-0.00401291
-0.00401456
-0.00401738
-0.00401975
-0.00402168
-0.00402547
-0.00402594
-0.00403139
-0.00403079
-0.00403667
-0.00403711
-0.00404071
-0.00404472
-0.0040445
-0.00405115
-0.00404992
-0.00405299
-0.00405431
-0.0040487
-0.00404511
-0.00403328
-0.00400875
-0.00398049
-0.00123149
-0.0012745
-0.00132265
-0.00137139
-0.00141859
-0.00146601
-0.00151739
-0.0015748
-0.00163687
-0.00170036
-0.00176357
-0.00182784
-0.00189587
-0.00196882
-0.0020449
-0.00212173
-0.00219881
-0.00227779
-0.00236007
-0.00244439
-0.00252836
-0.00261139
-0.00269453
-0.00277858
-0.00286207
-0.00294267
-0.00302092
-0.00309838
-0.00317361
-0.00324451
-0.00331169
-0.00337596
-0.0034362
-0.00349173
-0.00354335
-0.00359117
-0.00363483
-0.00367482
-0.00371129
-0.00374397
-0.00377362
-0.00380075
-0.00382472
-0.00384549
-0.00386408
-0.00388082
-0.0038953
-0.00390763
-0.00391835
-0.00392768
-0.00393563
-0.00394238
-0.00394815
-0.00395313
-0.00395741
-0.00396114
-0.00396443
-0.00396739
-0.00397008
-0.00397258
-0.00397493
-0.00397719
-0.00397936
-0.00398152
-0.00398361
-0.00398575
-0.0039878
-0.00398998
-0.00399199
-0.00399427
-0.00399622
-0.00399867
-0.00400051
-0.00400321
-0.00400489
-0.00400786
-0.00400943
-0.00401255
-0.00401426
-0.00401715
-0.00401956
-0.00402154
-0.00402537
-0.00402587
-0.00403135
-0.00403078
-0.00403668
-0.00403715
-0.00404079
-0.00404483
-0.00404465
-0.00405132
-0.00405014
-0.00405323
-0.00405457
-0.00404897
-0.00404536
-0.00403353
-0.00400896
-0.0039807
-0.00130667
-0.00134631
-0.00139044
-0.00143697
-0.00148406
-0.00153161
-0.0015811
-0.00163404
-0.00169061
-0.0017496
-0.00180977
-0.00187109
-0.00193456
-0.00200114
-0.00207054
-0.0021416
-0.00221357
-0.00228672
-0.00236179
-0.00243869
-0.00251636
-0.00259385
-0.00267106
-0.00274837
-0.00282563
-0.00290168
-0.0029758
-0.00304842
-0.00311943
-0.00318776
-0.00325303
-0.0033155
-0.00337484
-0.00343052
-0.00348269
-0.00353152
-0.00357682
-0.0036187
-0.00365736
-0.00369271
-0.00372497
-0.00375456
-0.00378141
-0.00380537
-0.00382684
-0.00384625
-0.00386356
-0.00387876
-0.00389215
-0.00390398
-0.00391435
-0.0039234
-0.00393131
-0.00393824
-0.00394432
-0.00394969
-0.00395445
-0.00395872
-0.00396257
-0.0039661
-0.00396934
-0.00397239
-0.00397524
-0.00397799
-0.00398059
-0.00398317
-0.0039856
-0.0039881
-0.0039904
-0.00399293
-0.00399508
-0.00399772
-0.00399971
-0.00400253
-0.00400433
-0.00400739
-0.00400905
-0.00401224
-0.00401401
-0.00401695
-0.0040194
-0.00402142
-0.00402528
-0.00402582
-0.00403132
-0.00403078
-0.00403671
-0.00403721
-0.00404087
-0.00404494
-0.00404479
-0.00405149
-0.00405034
-0.00405345
-0.00405482
-0.00404923
-0.00404561
-0.00403377
-0.00400918
-0.00398091
-0.00137377
-0.00141199
-0.00145351
-0.00149758
-0.00154314
-0.00158969
-0.0016376
-0.00168766
-0.00174033
-0.00179536
-0.00185213
-0.0019103
-0.0019701
-0.00203198
-0.00209607
-0.00216195
-0.0022291
-0.00229736
-0.00236692
-0.00243782
-0.00250963
-0.00258172
-0.00265381
-0.00272592
-0.00279791
-0.00286921
-0.00293923
-0.00300793
-0.00307528
-0.00314074
-0.0032038
-0.00326439
-0.0033224
-0.00337754
-0.00342963
-0.00347874
-0.00352481
-0.00356784
-0.00360793
-0.00364509
-0.00367937
-0.00371098
-0.00374003
-0.00376648
-0.00379045
-0.00381222
-0.00383191
-0.00384956
-0.00386532
-0.0038794
-0.00389196
-0.00390313
-0.00391303
-0.00392184
-0.00392967
-0.00393666
-0.00394292
-0.00394854
-0.00395362
-0.00395825
-0.00396249
-0.00396641
-0.00397005
-0.00397349
-0.0039767
-0.00397981
-0.00398271
-0.00398563
-0.00398828
-0.00399112
-0.00399355
-0.00399642
-0.00399861
-0.00400161
-0.00400356
-0.00400675
-0.00400852
-0.0040118
-0.00401366
-0.00401666
-0.00401917
-0.00402125
-0.00402515
-0.00402572
-0.00403126
-0.00403075
-0.00403671
-0.00403724
-0.00404094
-0.00404503
-0.00404492
-0.00405165
-0.00405053
-0.00405367
-0.00405505
-0.00404947
-0.00404584
-0.00403399
-0.00400938
-0.0039811
-0.00143244
-0.00147018
-0.00151034
-0.00155266
-0.00159663
-0.00164184
-0.00168832
-0.00173637
-0.00178635
-0.00183832
-0.0018921
-0.00194743
-0.00200428
-0.00206275
-0.00212293
-0.0021847
-0.00224782
-0.00231206
-0.00237734
-0.00244364
-0.00251079
-0.00257846
-0.00264634
-0.00271421
-0.00278192
-0.00284922
-0.00291573
-0.00298119
-0.00304541
-0.00310814
-0.00316902
-0.00322783
-0.00328443
-0.00333862
-0.00339025
-0.00343926
-0.00348561
-0.00352926
-0.00357025
-0.00360858
-0.00364428
-0.00367743
-0.00370813
-0.00373641
-0.0037623
-0.00378595
-0.00380748
-0.00382696
-0.00384452
-0.00386033
-0.00387455
-0.0038873
-0.00389872
-0.00390895
-0.00391812
-0.00392635
-0.00393375
-0.00394043
-0.00394647
-0.00395197
-0.00395699
-0.00396161
-0.00396587
-0.00396986
-0.00397356
-0.00397711
-0.00398039
-0.00398365
-0.00398659
-0.00398968
-0.00399233
-0.00399539
-0.00399775
-0.00400089
-0.00400296
-0.00400626
-0.00400811
-0.00401147
-0.00401339
-0.00401645
-0.00401901
-0.00402112
-0.00402506
-0.00402566
-0.00403123
-0.00403075
-0.00403673
-0.00403728
-0.004041
-0.00404513
-0.00404504
-0.0040518
-0.00405071
-0.00405386
-0.00405526
-0.00404969
-0.00404606
-0.0040342
-0.00400959
-0.00398131
-0.00147684
-0.00151409
-0.00155315
-0.00159394
-0.00163626
-0.00167993
-0.00172491
-0.00177131
-0.0018193
-0.00186897
-0.00192028
-0.00197314
-0.00202744
-0.00208316
-0.0021403
-0.00219881
-0.00225858
-0.00231946
-0.00238132
-0.00244406
-0.00250757
-0.00257164
-0.00263604
-0.00270055
-0.00276499
-0.00282915
-0.00289276
-0.00295555
-0.00301728
-0.00307774
-0.00313664
-0.00319376
-0.00324895
-0.00330208
-0.00335304
-0.00340173
-0.00344815
-0.00349221
-0.00353388
-0.00357311
-0.00360991
-0.00364429
-0.00367636
-0.00370618
-0.00373377
-0.00375918
-0.00378247
-0.00380373
-0.00382307
-0.00384062
-0.00385652
-0.00387089
-0.00388386
-0.00389555
-0.00390609
-0.0039156
-0.00392418
-0.00393194
-0.00393898
-0.00394539
-0.00395123
-0.0039566
-0.00396152
-0.0039661
-0.00397031
-0.00397431
-0.00397798
-0.00398158
-0.00398482
-0.00398818
-0.00399105
-0.00399431
-0.00399683
-0.00400013
-0.00400232
-0.00400572
-0.00400767
-0.00401111
-0.00401309
-0.00401621
-0.00401882
-0.00402097
-0.00402494
-0.00402558
-0.00403117
-0.00403072
-0.00403672
-0.0040373
-0.00404105
-0.0040452
-0.00404514
-0.00405192
-0.00405085
-0.00405402
-0.00405543
-0.00404987
-0.00404623
-0.00403436
-0.00400973
-0.00398145
-0.00153268
-0.0015701
-0.00160925
-0.00164985
-0.00169168
-0.00173461
-0.00177865
-0.00182387
-0.00187041
-0.00191839
-0.00196782
-0.00201868
-0.0020709
-0.00212444
-0.00217925
-0.00223526
-0.0022924
-0.00235053
-0.00240954
-0.00246933
-0.00252978
-0.00259076
-0.00265211
-0.00271365
-0.0027752
-0.00283655
-0.00289751
-0.00295781
-0.00301722
-0.00307542
-0.00313198
-0.00318665
-0.00323942
-0.00329031
-0.00333923
-0.0033862
-0.00343126
-0.00347438
-0.00351545
-0.0035544
-0.0035912
-0.00362576
-0.00365798
-0.00368787
-0.00371553
-0.00374104
-0.00376452
-0.00378608
-0.00380586
-0.00382399
-0.00384057
-0.00385571
-0.00386952
-0.00388212
-0.00389359
-0.00390405
-0.00391359
-0.00392229
-0.00393024
-0.00393752
-0.00394418
-0.00395031
-0.00395595
-0.00396119
-0.00396601
-0.00397055
-0.00397472
-0.00397877
-0.00398241
-0.00398612
-0.0039893
-0.00399283
-0.0039956
-0.00399909
-0.00400147
-0.00400502
-0.0040071
-0.00401064
-0.00401272
-0.00401592
-0.00401859
-0.0040208
-0.00402482
-0.00402549
-0.00403111
-0.00403068
-0.0040367
-0.00403731
-0.00404109
-0.00404527
-0.00404523
-0.00405205
-0.004051
-0.0040542
-0.00405563
-0.00405009
-0.00404646
-0.00403458
-0.00400995
-0.00398169
)
;

boundaryField
{
    zeroGradPlanes
    {
        type            zeroGradient;
    }
    inlet
    {
        type            zeroGradient;
    }
    plate
    {
        type            zeroGradient;
    }
    frontAndBack
    {
        type            empty;
    }
}


// ************************************************************************* //
