/*--------------------------------*- C++ -*----------------------------------*\
| =========                 |                                                 |
| \\      /  F ield         | OpenFOAM: The Open Source CFD Toolbox           |
|  \\    /   O peration     | Version:  v1906                                 |
|   \\  /    A nd           | Web:      www.OpenFOAM.com                      |
|    \\/     M anipulation  |                                                 |
\*---------------------------------------------------------------------------*/
FoamFile
{
    version     2.0;
    format      ascii;
    class       surfaceScalarField;
    location    "2500";
    object      phi;
}
// * * * * * * * * * * * * * * * * * * * * * * * * * * * * * * * * * * * * * //

dimensions      [1 0 -1 0 0 0 0];
oriented        oriented;


internalField   nonuniform List<scalar> 
3878
(
0.000196915
-4.98633e-05
0.000183925
1.299e-05
0.00015864
2.5284e-05
0.000137085
2.15547e-05
0.00011834
1.87448e-05
9.92756e-05
1.90644e-05
7.83904e-05
2.0885e-05
5.5406e-05
2.29843e-05
3.07036e-05
2.47023e-05
5.60644e-06
2.50972e-05
-1.71549e-05
2.27614e-05
-3.342e-05
1.62651e-05
-3.72667e-05
3.84657e-06
-2.20842e-05
-1.51828e-05
-2.20845e-05
-2.59095e-05
2.59084e-05
-4.29757e-05
1.70653e-05
-5.76271e-05
1.46508e-05
-6.32744e-05
5.64703e-06
-6.13057e-05
-1.96886e-06
-4.91376e-05
-1.21681e-05
-2.97735e-05
-1.9364e-05
-4.42736e-06
-2.53459e-05
2.32308e-05
-2.76578e-05
5.13618e-05
-2.81306e-05
7.56895e-05
-2.4327e-05
8.20779e-05
-6.38746e-06
6.63182e-05
1.57607e-05
6.63193e-05
-5.48766e-05
5.48773e-05
-8.18105e-05
2.69344e-05
-0.000107708
2.58975e-05
-0.000126628
1.89202e-05
-0.000138137
1.15095e-05
-0.000143498
5.36145e-06
-0.00014502
1.52193e-06
-0.00014236
-2.66082e-06
-0.000136845
-5.51537e-06
-0.000129867
-6.97816e-06
-0.000121662
-8.20464e-06
-0.000112704
-8.95815e-06
-0.000103079
-9.62509e-06
-9.28527e-05
-1.02265e-05
-8.18805e-05
-1.09722e-05
-6.99592e-05
-1.19213e-05
-5.68154e-05
-1.31438e-05
-4.25265e-05
-1.42889e-05
-2.75531e-05
-1.49734e-05
-1.56325e-05
-1.19205e-05
-8.55785e-06
0.000113143
-1.59557e-05
0.000124396
1.73744e-06
0.000133557
1.61232e-05
0.000131695
2.34169e-05
0.00012261
2.78293e-05
0.000109258
3.24166e-05
9.30128e-05
3.71298e-05
7.43568e-05
4.16403e-05
5.39229e-05
4.51362e-05
3.26946e-05
4.63255e-05
1.21565e-05
4.32995e-05
-5.39947e-06
3.38211e-05
-1.72877e-05
1.57348e-05
-2.05746e-05
-1.1896e-05
-4.26592e-05
-2.33853e-05
4.92928e-05
-4.23394e-05
3.60188e-05
-5.39697e-05
2.62807e-05
-5.89427e-05
1.06199e-05
-5.68111e-05
-4.10059e-06
-4.80409e-05
-2.09384e-05
-3.33486e-05
-3.40564e-05
-1.41519e-05
-4.45426e-05
8.15275e-06
-4.99622e-05
3.01393e-05
-5.01169e-05
4.7936e-05
-4.21233e-05
5.82491e-05
-1.67002e-05
4.84061e-05
2.56044e-05
0.000114726
-4.7163e-05
0.000102041
-8.03254e-05
6.0097e-05
-0.000101547
4.71192e-05
-0.000116113
3.34867e-05
-0.000124709
2.01049e-05
-0.000128395
9.04789e-06
-0.000128685
1.81145e-06
-0.000125647
-5.69813e-06
-0.000120534
-1.0629e-05
-0.000113817
-1.36957e-05
-0.000106069
-1.59518e-05
-9.75791e-05
-1.74486e-05
-8.85591e-05
-1.86452e-05
-7.90754e-05
-1.97102e-05
-6.91172e-05
-2.09304e-05
-5.85813e-05
-2.24573e-05
-4.73581e-05
-2.4367e-05
-3.5399e-05
-2.6248e-05
-2.3256e-05
-2.71164e-05
-1.18951e-05
-2.32815e-05
-1.48756e-05
0.000137138
-6.04295e-06
0.000134161
4.71517e-06
0.000135493
1.4791e-05
0.000132656
2.62541e-05
0.000125462
3.50225e-05
0.000114825
4.30541e-05
0.000101439
5.05155e-05
8.57985e-05
5.72808e-05
6.84525e-05
6.24821e-05
5.00957e-05
6.46824e-05
3.1593e-05
6.18022e-05
1.43007e-05
5.11134e-05
-2.24409e-07
3.02599e-05
-8.71554e-06
-3.4049e-06
-5.13746e-05
-2.29365e-05
7.22284e-05
-4.03389e-05
5.34205e-05
-5.05401e-05
3.64815e-05
-5.53389e-05
1.54184e-05
-5.40736e-05
-5.36611e-06
-4.76988e-05
-2.73133e-05
-3.67433e-05
-4.50119e-05
-2.19667e-05
-5.93191e-05
-4.488e-06
-6.74409e-05
1.36336e-05
-6.82384e-05
2.87561e-05
-5.72456e-05
3.84421e-05
-2.63858e-05
3.4547e-05
2.95001e-05
0.000149274
-4.21409e-05
0.000144182
-7.17281e-05
8.96845e-05
-9.09776e-05
6.63688e-05
-0.000102933
4.54426e-05
-0.000109868
2.70391e-05
-0.000112926
1.21063e-05
-0.000112433
1.31836e-06
-0.000109527
-8.60374e-06
-0.000104744
-1.54121e-05
-9.85267e-05
-1.99133e-05
-9.1382e-05
-2.30966e-05
-8.35832e-05
-2.52474e-05
-7.53486e-05
-2.68798e-05
-6.67851e-05
-2.82737e-05
-5.79491e-05
-2.97664e-05
-4.88246e-05
-3.15818e-05
-3.93892e-05
-3.38023e-05
-2.96235e-05
-3.60137e-05
-1.96706e-05
-3.70693e-05
-9.78853e-06
-3.31636e-05
-2.08337e-05
0.000142895
-1.8871e-06
0.000140341
7.26908e-06
0.000137912
1.722e-05
0.000134296
2.98705e-05
0.000128077
4.12405e-05
0.000119201
5.19304e-05
0.000107915
6.18021e-05
9.45636e-05
7.06319e-05
7.95625e-05
7.74832e-05
6.33979e-05
8.0847e-05
4.66271e-05
7.85731e-05
2.98993e-05
6.78412e-05
1.41927e-05
4.59666e-05
1.80048e-06
8.98739e-06
-4.95739e-05
-2.31993e-05
9.54265e-05
-3.87848e-05
6.90052e-05
-4.81848e-05
4.5881e-05
-5.29523e-05
2.01855e-05
-5.27355e-05
-5.58309e-06
-4.84823e-05
-3.15666e-05
-4.04668e-05
-5.30274e-05
-2.92956e-05
-7.04903e-05
-1.58851e-05
-8.08513e-05
-1.42768e-06
-8.26957e-05
1.21868e-05
-7.08599e-05
2.24581e-05
-3.66569e-05
2.22229e-05
2.97357e-05
0.000171497
-3.9837e-05
0.000184019
-6.43134e-05
0.000114161
-8.06635e-05
8.27189e-05
-9.05173e-05
5.52965e-05
-9.60293e-05
3.25511e-05
-9.82502e-05
1.43272e-05
-9.7176e-05
2.44093e-07
-9.42237e-05
-1.1556e-05
-8.9712e-05
-1.99239e-05
-8.39548e-05
-2.56704e-05
-7.73954e-05
-2.9656e-05
-7.02922e-05
-3.23506e-05
-6.28589e-05
-3.43131e-05
-5.52346e-05
-3.5898e-05
-4.75212e-05
-3.74798e-05
-3.97693e-05
-3.93338e-05
-3.20236e-05
-4.15479e-05
-2.42554e-05
-4.37819e-05
-1.64156e-05
-4.49091e-05
-8.13349e-06
-4.14457e-05
-2.69144e-05
0.000144785
3.78546e-07
0.000142659
9.39542e-06
0.000139756
2.01226e-05
0.000136016
3.36107e-05
0.000130514
4.67422e-05
0.000122942
5.95024e-05
0.00011331
7.1434e-05
0.000101803
8.21388e-05
8.86854e-05
9.06011e-05
7.42494e-05
9.5283e-05
5.87926e-05
9.40299e-05
4.25963e-05
8.40376e-05
2.60946e-05
6.24684e-05
1.07695e-05
2.43127e-05
-3.8804e-05
-2.26776e-05
0.000118102
-3.77165e-05
8.40431e-05
-4.66586e-05
5.48224e-05
-5.11147e-05
2.46412e-05
-5.20032e-05
-4.69495e-06
-4.94891e-05
-3.40809e-05
-4.38397e-05
-5.86768e-05
-3.59227e-05
-7.84072e-05
-2.60211e-05
-9.07529e-05
-1.46442e-05
-9.40725e-05
-2.65682e-06
-8.2847e-05
8.22865e-06
-4.7542e-05
1.30634e-05
2.49014e-05
0.000184561
-3.66591e-05
0.000220678
-5.77652e-05
0.000135267
-7.08837e-05
9.58374e-05
-7.86322e-05
6.3045e-05
-8.26036e-05
3.65225e-05
-8.3685e-05
1.54086e-05
-8.21164e-05
-1.32451e-06
-7.90723e-05
-1.46001e-05
-7.47485e-05
-2.42477e-05
-6.94074e-05
-3.10115e-05
-6.34182e-05
-3.56453e-05
-5.70116e-05
-3.87573e-05
-5.03921e-05
-4.09326e-05
-4.372e-05
-4.257e-05
-3.71263e-05
-4.40735e-05
-3.07111e-05
-4.57489e-05
-2.4591e-05
-4.7668e-05
-1.87891e-05
-4.95838e-05
-1.32693e-05
-5.04289e-05
-6.90976e-06
-4.78052e-05
-3.31865e-05
0.000145607
1.82245e-06
0.000143752
1.12495e-05
0.000140998
2.28769e-05
0.000137498
3.71111e-05
0.000132648
5.15921e-05
0.000126147
6.60031e-05
0.000117889
7.96925e-05
0.000107919
9.21081e-05
9.63562e-05
0.000102164
8.33096e-05
0.00010833
6.88437e-05
0.000108496
5.29456e-05
9.99357e-05
3.56666e-05
7.97475e-05
1.74939e-05
4.24856e-05
-2.13096e-05
-2.19532e-05
0.000140053
-3.65327e-05
9.86214e-05
-4.53663e-05
6.36551e-05
-4.95708e-05
2.88452e-05
-5.10361e-05
-3.23001e-06
-4.98532e-05
-3.5264e-05
-4.6405e-05
-6.21251e-05
-4.13255e-05
-8.34868e-05
-3.45193e-05
-9.7559e-05
-2.61795e-05
-0.000102412
-1.62459e-05
-9.27804e-05
-5.47683e-06
-5.83108e-05
2.7274e-06
1.66977e-05
0.000187289
-3.23577e-05
0.000253036
-5.05781e-05
0.000153488
-6.09152e-05
0.000106175
-6.67552e-05
6.88851e-05
-6.91171e-05
3.88844e-05
-6.89311e-05
1.52227e-05
-6.68896e-05
-3.36601e-06
-6.36964e-05
-1.77934e-05
-5.95082e-05
-2.84358e-05
-5.45635e-05
-3.59563e-05
-4.91488e-05
-4.10601e-05
-4.34474e-05
-4.44587e-05
-3.76536e-05
-4.67264e-05
-3.19417e-05
-4.82819e-05
-2.64508e-05
-4.95644e-05
-2.13044e-05
-5.08953e-05
-1.67135e-05
-5.22588e-05
-1.28291e-05
-5.34683e-05
-9.67051e-06
-5.35875e-05
-6.26203e-06
-5.12137e-05
-3.95003e-05
0.000146009
2.86407e-06
0.000144343
1.29152e-05
0.000141851
2.53689e-05
0.000138695
4.02666e-05
0.000134465
5.58223e-05
0.000128891
7.15776e-05
0.000121804
8.67785e-05
0.000113145
0.000100768
0.000102893
0.000112416
9.09851e-05
0.000120237
7.72721e-05
0.000122209
6.14851e-05
0.000115723
4.3363e-05
9.78697e-05
2.27406e-05
6.31083e-05
1.4317e-06
-2.12436e-05
0.000161294
-3.51784e-05
0.000112555
-4.35812e-05
7.2057e-05
-4.76471e-05
3.29105e-05
-4.92215e-05
-1.65606e-06
-4.89945e-05
-3.54913e-05
-4.73455e-05
-6.37742e-05
-4.46981e-05
-8.61343e-05
-4.08332e-05
-0.000101424
-3.55395e-05
-0.000107706
-2.78411e-05
-0.000100479
-1.73514e-05
-6.88003e-05
-4.8666e-06
4.21331e-06
0.000182423
-2.76086e-05
0.000280644
-4.2999e-05
0.000168878
-5.06281e-05
0.000113804
-5.42124e-05
7.24695e-05
-5.49337e-05
3.96057e-05
-5.3711e-05
1.39999e-05
-5.11525e-05
-5.92446e-06
-4.78009e-05
-2.11451e-05
-4.37504e-05
-3.24863e-05
-3.92259e-05
-4.04807e-05
-3.4419e-05
-4.5867e-05
-2.94361e-05
-4.94417e-05
-2.44822e-05
-5.16802e-05
-1.97435e-05
-5.30207e-05
-1.53453e-05
-5.39626e-05
-1.15031e-05
-5.47376e-05
-8.32129e-06
-5.54406e-05
-5.87653e-06
-5.5913e-05
-4.31181e-06
-5.51522e-05
-3.19642e-06
-5.23291e-05
-4.3942e-05
0.00014623
3.68453e-06
0.000144713
1.4432e-05
0.000142482
2.76002e-05
0.000139682
4.30661e-05
0.000136024
5.948e-05
0.000131262
7.63401e-05
0.000125193
9.28473e-05
0.000117668
0.000108293
0.00010855
0.000121535
9.76092e-05
0.000131178
8.44981e-05
0.00013532
6.87128e-05
0.000131508
4.97239e-05
0.000116859
2.69302e-05
8.59023e-05
2.83628e-05
-2.05595e-05
0.00018185
-3.34887e-05
0.000125482
-4.09188e-05
7.9486e-05
-4.45023e-05
3.64933e-05
-4.58736e-05
-2.85173e-07
-4.61944e-05
-3.51708e-05
-4.59153e-05
-6.40535e-05
-4.53246e-05
-8.6725e-05
-4.42164e-05
-0.000102532
-4.20538e-05
-0.000109868
-3.72423e-05
-0.00010529
-2.80502e-05
-7.79921e-05
-1.37734e-05
-1.00632e-05
0.00016865
-2.32138e-05
0.000303858
-3.48686e-05
0.000180533
-3.95872e-05
0.000118522
-4.08025e-05
7.36848e-05
-3.98474e-05
3.86506e-05
-3.76144e-05
1.17669e-05
-3.46439e-05
-8.89498e-06
-3.11369e-05
-2.46521e-05
-2.72733e-05
-3.63499e-05
-2.32659e-05
-4.44882e-05
-1.91522e-05
-4.99806e-05
-1.50613e-05
-5.35326e-05
-1.11544e-05
-5.5587e-05
-7.42786e-06
-5.67472e-05
-3.99616e-06
-5.73943e-05
-1.06281e-06
-5.76709e-05
1.17902e-06
-5.76824e-05
2.59411e-06
-5.73281e-05
3.29095e-06
-5.5849e-05
4.05471e-06
-5.30928e-05
-4.6575e-05
0.000146368
4.36658e-06
0.000144987
1.58131e-05
0.000142998
2.95883e-05
0.000140538
4.55261e-05
0.000137402
6.26161e-05
0.000133355
8.03869e-05
0.000128182
9.80209e-05
0.000121662
0.000114813
0.000113559
0.000129637
0.000103485
0.000141253
9.09049e-05
0.0001479
7.50851e-05
0.000147328
5.52222e-05
0.000136722
3.03953e-05
0.00011073
5.87592e-05
-1.95693e-05
0.000201416
-3.09919e-05
0.000136903
-3.6923e-05
8.54161e-05
-3.95021e-05
3.90716e-05
-4.02919e-05
5.04209e-07
-4.07808e-05
-3.46822e-05
-4.14868e-05
-6.33478e-05
-4.26452e-05
-8.55666e-05
-4.39848e-05
-0.000101192
-4.47596e-05
-0.000109094
-4.3369e-05
-0.00010668
-3.67166e-05
-8.46444e-05
-2.16731e-05
-2.51065e-05
0.000146977
-1.71288e-05
0.000320987
-2.55917e-05
0.000188996
-2.72611e-05
0.000120192
-2.60669e-05
7.24905e-05
-2.34865e-05
3.60702e-05
-2.04156e-05
8.69611e-06
-1.7116e-05
-1.21946e-05
-1.37182e-05
-2.80499e-05
-1.04195e-05
-3.96486e-05
-7.09691e-06
-4.78108e-05
-3.70103e-06
-5.33765e-05
-3.73393e-07
-5.68602e-05
2.84452e-06
-5.88049e-05
5.80665e-06
-5.97093e-05
8.31212e-06
-5.98997e-05
1.02678e-05
-5.96265e-05
1.15375e-05
-5.89522e-05
1.20713e-05
-5.78618e-05
1.20239e-05
-5.58016e-05
1.2e-05
-5.30689e-05
-4.7692e-05
0.000146467
4.94931e-06
0.00014522
1.70597e-05
0.000143462
3.13469e-05
0.00014134
4.76478e-05
0.000138665
6.52912e-05
0.000135255
8.3797e-05
0.00013088
0.000102396
0.000125295
0.000120397
0.000118134
0.000136799
0.00010889
0.000150497
9.68599e-05
0.00015993
8.10641e-05
0.000163124
6.03964e-05
0.00015739
3.35958e-05
0.000137531
9.23561e-05
-1.81945e-05
0.000219607
-2.72414e-05
0.000145948
-3.09393e-05
8.9113e-05
-3.20048e-05
4.01364e-05
-3.18592e-05
3.5811e-07
-3.22015e-05
-3.43401e-05
-3.35618e-05
-6.19876e-05
-3.61143e-05
-8.30142e-05
-3.96443e-05
-9.76625e-05
-4.33621e-05
-0.000105376
-4.55741e-05
-0.000104468
-4.25731e-05
-8.76453e-05
-2.87623e-05
-3.8917e-05
0.000118215
-1.17486e-05
0.000332736
-1.48302e-05
0.000192078
-1.31058e-05
0.000118467
-9.48112e-06
6.88659e-05
-5.48392e-06
3.2073e-05
-1.84658e-06
5.05878e-06
1.50669e-06
-1.55479e-05
4.62641e-06
-3.11696e-05
7.57565e-06
-4.25978e-05
1.03645e-05
-5.05997e-05
1.29732e-05
-5.59851e-05
1.54248e-05
-5.93118e-05
1.76867e-05
-6.10669e-05
1.96592e-05
-6.16817e-05
2.12164e-05
-6.1457e-05
2.22469e-05
-6.06569e-05
2.26482e-05
-5.93535e-05
2.24053e-05
-5.76189e-05
2.16756e-05
-5.50719e-05
2.08759e-05
-5.22692e-05
-4.76167e-05
0.000146547
5.45123e-06
0.000145442
1.81648e-05
0.000143924
3.28656e-05
0.000142115
4.94565e-05
0.000139863
6.75432e-05
0.000137044
8.66159e-05
0.000133418
0.000106022
0.000128692
0.000125123
0.000122438
0.000143053
0.000114071
0.000158863
0.000102714
0.000171287
8.71173e-05
0.000178721
6.58277e-05
0.00017868
3.70506e-05
0.000166308
0.000129408
-1.58079e-05
0.000235412
-2.18194e-05
0.000151958
-2.25501e-05
8.98429e-05
-2.13809e-05
3.89666e-05
-2.00439e-05
-9.79215e-07
-2.00497e-05
-3.43346e-05
-2.18285e-05
-6.02089e-05
-2.54457e-05
-7.93971e-05
-3.06981e-05
-9.24102e-05
-3.69885e-05
-9.90852e-05
-4.29423e-05
-9.85144e-05
-4.46042e-05
-8.59834e-05
-3.44107e-05
-4.91103e-05
8.38041e-05
-3.17319e-07
0.000333053
-3.5683e-07
0.000192117
3.96431e-06
0.000114146
9.67015e-06
6.31601e-05
1.4672e-05
2.70712e-05
1.85963e-05
1.13445e-06
2.18832e-05
-1.88348e-05
2.45682e-05
-3.38546e-05
2.67852e-05
-4.48148e-05
2.8661e-05
-5.24754e-05
3.0318e-05
-5.76421e-05
3.17918e-05
-6.07857e-05
3.30581e-05
-6.23332e-05
3.40515e-05
-6.26751e-05
3.4677e-05
-6.20824e-05
3.48295e-05
-6.08095e-05
3.44312e-05
-5.89551e-05
3.3476e-05
-5.66638e-05
3.21069e-05
-5.37027e-05
3.06062e-05
-5.07685e-05
-4.65858e-05
0.000146621
5.87965e-06
0.000145668
1.91175e-05
0.000144398
3.41355e-05
0.000142875
5.09791e-05
0.000141046
6.93725e-05
0.000138786
8.88758e-05
0.000135865
0.000108943
0.000131975
0.000129013
0.000126654
0.000148374
0.000119256
0.000166261
0.000108777
0.000181766
9.37176e-05
0.000193781
7.21095e-05
0.000200288
4.13755e-05
0.000197043
0.000170785
-1.22807e-05
0.00024769
-1.31154e-05
0.000152792
-1.02382e-05
8.69651e-05
-6.82159e-06
3.55495e-05
-4.56736e-06
-3.23374e-06
-4.50715e-06
-3.4395e-05
-6.4966e-06
-5.82196e-05
-1.06557e-05
-7.5238e-05
-1.7072e-05
-8.59939e-05
-2.52588e-05
-9.08985e-05
-3.42766e-05
-8.94966e-05
-4.10541e-05
-7.92058e-05
-3.75376e-05
-5.26268e-05
4.62664e-05
6.304e-06
0.000326749
1.41854e-05
0.000184236
2.32226e-05
0.000105109
3.07579e-05
5.56248e-05
3.68841e-05
2.0945e-05
4.09353e-05
-2.91667e-06
4.37676e-05
-2.1667e-05
4.56332e-05
-3.57202e-05
4.68638e-05
-4.60454e-05
4.76694e-05
-5.3281e-05
4.82521e-05
-5.82248e-05
4.86714e-05
-6.1205e-05
4.89106e-05
-6.25724e-05
4.89259e-05
-6.26904e-05
4.86375e-05
-6.1794e-05
4.79499e-05
-6.01219e-05
4.68001e-05
-5.78053e-05
4.5181e-05
-5.50447e-05
4.3211e-05
-5.17326e-05
4.10814e-05
-4.8639e-05
-4.47696e-05
0.000146696
6.23257e-06
0.000145907
1.99066e-05
0.000144873
3.51699e-05
0.000143651
5.22006e-05
0.000142237
7.0787e-05
0.000140517
9.05956e-05
0.000138281
0.000111179
0.000135229
0.000132065
0.000130906
0.000152698
0.000124624
0.000172542
0.00011537
0.000191021
0.000101418
0.000207733
8.02899e-05
0.000221417
4.79407e-05
0.000229393
0.000218727
-6.06607e-06
0.000253754
-7.59341e-07
0.000147484
6.99192e-06
7.92136e-05
1.2473e-05
3.00683e-05
1.52384e-05
-5.99926e-06
1.51621e-05
-3.43188e-05
1.24182e-05
-5.54758e-05
7.35618e-06
-7.01761e-05
4.7746e-07
-7.91152e-05
-8.33407e-06
-8.2087e-05
-1.89981e-05
-7.88326e-05
-2.98493e-05
-6.83546e-05
-3.48333e-05
-4.76428e-05
1.1433e-05
2.18349e-05
0.000304914
3.43538e-05
0.000171717
4.66323e-05
9.28307e-05
5.63574e-05
4.58997e-05
6.20479e-05
1.52545e-05
6.53317e-05
-6.2004e-06
6.70316e-05
-2.3367e-05
6.7646e-05
-3.63346e-05
6.76396e-05
-4.60389e-05
6.72238e-05
-5.28652e-05
6.66383e-05
-5.76393e-05
6.59505e-05
-6.05172e-05
6.51532e-05
-6.17751e-05
6.41969e-05
-6.17341e-05
6.30157e-05
-6.06127e-05
6.15261e-05
-5.86322e-05
5.96667e-05
-5.59459e-05
5.74244e-05
-5.28023e-05
5.48906e-05
-4.91989e-05
5.21946e-05
-4.59429e-05
-4.22917e-05
0.000146772
6.50934e-06
0.000146155
2.05231e-05
0.000145351
3.59744e-05
0.000144449
5.31026e-05
0.000143447
7.17887e-05
0.000142258
9.17853e-05
0.0001407
0.000112736
0.000138507
0.000134259
0.000135263
0.000155942
0.000130327
0.000177478
0.000122678
0.000198671
0.00011058
0.000219831
9.08457e-05
0.000241151
5.63195e-05
0.00026392
0.000275048
4.01526e-06
0.000249739
1.83363e-05
0.000133163
2.99579e-05
6.75921e-05
3.67111e-05
2.33152e-05
3.92667e-05
-8.55485e-06
3.84567e-05
-3.35088e-05
3.49567e-05
-5.19759e-05
2.92386e-05
-6.44579e-05
2.16549e-05
-7.15316e-05
1.23987e-05
-7.28308e-05
1.68567e-06
-6.81197e-05
-1.02179e-05
-5.64511e-05
-2.09332e-05
-3.69276e-05
-9.50048e-06
4.04672e-05
0.000264447
6.2689e-05
0.000149495
7.73375e-05
7.81822e-05
8.55781e-05
3.76591e-05
8.96366e-05
1.1196e-05
9.11932e-05
-7.75702e-06
9.11568e-05
-2.33305e-05
9.01864e-05
-3.53642e-05
8.87386e-05
-4.45911e-05
8.70603e-05
-5.11869e-05
8.52738e-05
-5.58527e-05
8.34659e-05
-5.87092e-05
8.16411e-05
-5.99503e-05
7.97462e-05
-5.98392e-05
7.77131e-05
-5.85796e-05
7.54637e-05
-5.63827e-05
7.29376e-05
-5.34198e-05
7.01119e-05
-4.99766e-05
6.70524e-05
-4.61394e-05
6.38431e-05
-4.27336e-05
-3.92449e-05
0.000146845
6.71325e-06
0.000146403
2.0965e-05
0.000145845
3.65322e-05
0.000145267
5.36805e-05
0.000144678
7.23779e-05
0.000144014
9.24494e-05
0.000143136
0.000113614
0.000141826
0.000135568
0.000139749
0.000158019
0.000136386
0.000180841
0.000130911
0.000204146
0.000121804
0.000228938
0.000106237
0.000256719
7.42929e-05
0.000295864
0.000349342
2.51723e-05
0.000224567
4.93025e-05
0.000109034
6.1528e-05
5.53671e-05
6.6757e-05
1.80864e-05
6.73523e-05
-9.15003e-06
6.47358e-05
-3.08922e-05
5.99507e-05
-4.71908e-05
5.3598e-05
-5.81053e-05
4.59687e-05
-6.39023e-05
3.72873e-05
-6.41495e-05
2.75094e-05
-5.83418e-05
1.66881e-05
-4.56298e-05
2.64368e-06
-2.28833e-05
-6.857e-06
5.88056e-05
0.000205641
9.40097e-05
0.000114291
0.000111513
6.06788e-05
0.000116662
3.251e-05
0.000118035
9.82367e-06
0.000117213
-6.93519e-06
0.000115203
-2.13207e-05
0.000112592
-3.27529e-05
0.00010969
-4.16887e-05
0.000106767
-4.82646e-05
0.000103853
-5.2938e-05
0.000100998
-5.58547e-05
9.82086e-05
-5.71608e-05
9.54356e-05
-5.70661e-05
9.261e-05
-5.5754e-05
8.96564e-05
-5.34292e-05
8.65137e-05
-5.02771e-05
8.31489e-05
-4.66117e-05
7.96045e-05
-4.25949e-05
7.59306e-05
-3.90597e-05
-3.5703e-05
0.000146917
6.84494e-06
0.000146649
2.12327e-05
0.000146348
3.68326e-05
0.000146099
5.39304e-05
0.00014592
7.25561e-05
0.000145778
9.2592e-05
0.000145577
0.000113815
0.000145165
0.00013598
0.000144313
0.000158872
0.000142677
0.000182477
0.000139722
0.000207102
0.000134396
0.000234264
0.000124382
0.000266733
9.33357e-05
0.000326911
0.000442679
6.8894e-05
0.000155675
9.35131e-05
8.44157e-05
0.000101734
4.71469e-05
0.000101684
1.81363e-05
9.83042e-05
-5.76958e-06
9.2919e-05
-2.55069e-05
8.63658e-05
-4.06375e-05
7.91838e-05
-5.09233e-05
7.16054e-05
-5.6324e-05
6.39225e-05
-5.64666e-05
5.64211e-05
-5.08405e-05
4.92787e-05
-3.84874e-05
4.11189e-05
-1.47237e-05
3.42618e-05
0.000107498
9.81434e-05
0.000137712
8.40772e-05
0.00014508
5.33111e-05
0.000146202
3.13873e-05
0.000144359
1.16674e-05
0.000141498
-4.07501e-06
0.000137899
-1.77208e-05
0.000133964
-2.88178e-05
0.000129913
-3.76384e-05
0.00012593
-4.42813e-05
0.000122048
-4.90562e-05
0.00011829
-5.2097e-05
0.000114657
-5.35272e-05
0.000111105
-5.35146e-05
0.000107573
-5.22216e-05
0.000103989
-4.98447e-05
0.000100291
-4.65798e-05
9.64395e-05
-4.27599e-05
9.24565e-05
-3.86119e-05
8.83658e-05
-3.4969e-05
-3.17295e-05
0.000146988
6.90544e-06
0.000146896
2.13248e-05
0.000146853
3.6875e-05
0.000146931
5.38521e-05
0.00014716
7.23272e-05
0.000147531
9.22216e-05
0.000147995
0.000113351
0.000148477
0.000135499
0.000148867
0.000158481
0.000149056
0.000182288
0.000148965
0.000207192
0.000148837
0.000234393
0.000149717
0.000265854
0.000164884
0.000311744
0.000236098
0.000371466
0.000189489
0.000202286
0.000163998
0.000109907
0.000149602
6.15439e-05
0.000139181
2.85577e-05
0.000130083
3.32814e-06
0.000121408
-1.68315e-05
0.000112978
-3.22071e-05
0.000104885
-4.28303e-05
9.72704e-05
-4.87095e-05
9.04478e-05
-4.9644e-05
8.49647e-05
-4.53576e-05
8.16071e-05
-3.51298e-05
8.32658e-05
-1.63824e-05
0.000100256
1.72712e-05
0.000136323
6.20772e-05
0.000158617
6.17829e-05
0.000165714
4.62142e-05
0.000167234
2.98668e-05
0.000165615
1.32865e-05
0.000162255
-7.14571e-07
0.000158082
-1.35483e-05
0.000153516
-2.42512e-05
0.000148799
-3.2922e-05
0.000144117
-3.95993e-05
0.000139534
-4.44732e-05
0.000135085
-4.76475e-05
0.000130778
-4.92203e-05
0.000126586
-4.93231e-05
0.000122461
-4.80957e-05
0.000118339
-4.57228e-05
0.000114163
-4.24042e-05
0.000109887
-3.8484e-05
0.000105519
-3.42441e-05
0.000101062
-3.05118e-05
-2.73833e-05
0.000147057
6.89608e-06
0.000147139
2.12429e-05
0.000147352
3.66624e-05
0.000147753
5.34507e-05
0.00014838
7.17006e-05
0.000149247
9.13541e-05
0.000150353
0.000112245
0.000151688
0.000134163
0.000153258
0.000156911
0.000155139
0.000180408
0.000157576
0.000204755
0.000161474
0.000230495
0.00016894
0.000258389
0.000191664
0.00028902
0.000246645
0.000316485
0.000235813
0.000213118
0.000208983
0.000136739
0.000188166
8.23617e-05
0.000172296
4.44282e-05
0.00015946
1.61642e-05
0.000148369
-5.7406e-06
0.000138475
-2.23129e-05
0.000129631
-3.39859e-05
0.000121885
-4.09638e-05
0.000115499
-4.3258e-05
0.000110968
-4.08262e-05
0.000109018
-3.31806e-05
0.000111598
-1.89623e-05
0.000124244
4.62522e-06
0.000149621
3.67001e-05
0.000168372
4.30325e-05
0.000177636
3.69495e-05
0.000181155
2.63486e-05
0.000181264
1.31767e-05
0.000178994
1.55533e-06
0.000175255
-9.80843e-06
0.000170782
-1.97784e-05
0.000165943
-2.80829e-05
0.000160984
-3.46402e-05
0.000156026
-3.95159e-05
0.000151144
-4.27655e-05
0.000146374
-4.44494e-05
0.000141712
-4.46613e-05
0.000137131
-4.35147e-05
0.000132584
-4.11757e-05
0.000128021
-3.78418e-05
0.000123396
-3.38583e-05
0.000118705
-2.95538e-05
0.000113937
-2.57435e-05
-2.27227e-05
0.000147125
6.81904e-06
0.000147376
2.09919e-05
0.000147836
3.62026e-05
0.00014855
5.27365e-05
0.000149559
7.06914e-05
0.0001509
9.00132e-05
0.000152608
0.000110537
0.000154736
0.000132036
0.000157374
0.000154273
0.00016073
0.000177051
0.000165239
0.000200246
0.000172008
0.000223727
0.000183185
0.000247212
0.00020553
0.000266675
0.000244706
0.00027731
0.000247675
0.000210149
0.00023234
0.000152075
0.000214538
0.000100165
0.000198474
6.04921e-05
0.000184593
3.00461e-05
0.000172498
6.35397e-06
0.000161883
-1.16979e-05
0.000152634
-2.47363e-05
0.000144789
-3.31193e-05
0.000138558
-3.70269e-05
0.000134304
-3.65724e-05
0.000132584
-3.14602e-05
0.000134501
-2.08795e-05
0.000143315
-4.1882e-06
0.000160897
1.91179e-05
0.000176258
2.76712e-05
0.000186121
2.70862e-05
0.000191367
2.11034e-05
0.000192875
1.16683e-05
0.000192162
2.26813e-06
0.000189519
-7.16534e-06
0.000185675
-1.59344e-05
0.000181172
-2.35797e-05
0.000176328
-2.97967e-05
0.000171325
-3.45122e-05
0.000166282
-3.77231e-05
0.000161274
-3.94412e-05
0.000156331
-3.97176e-05
0.00015145
-3.8634e-05
0.000146606
-3.63315e-05
0.000141761
-3.29973e-05
0.000136871
-2.89686e-05
0.00013193
-2.46124e-05
0.000126912
-2.07255e-05
-1.78076e-05
0.000147189
6.6775e-06
0.000147602
2.05793e-05
0.000148297
3.5507e-05
0.000149309
5.17251e-05
0.000150679
6.93209e-05
0.000152463
8.82298e-05
0.000154726
0.000108273
0.000157565
0.000129197
0.000161133
0.000150705
0.00016571
0.000172475
0.000171797
0.000194159
0.000180429
0.000215095
0.000193339
0.000234301
0.000213289
0.000246726
0.000241749
0.000248851
0.000249728
0.000202171
0.000243542
0.000158261
0.000231299
0.000112408
0.000217822
7.39693e-05
0.000204943
4.29261e-05
0.000193169
1.81277e-05
0.000182636
-1.16512e-06
0.000173421
-1.55206e-05
0.000165632
-2.53303e-05
0.000159463
-3.08579e-05
0.000155181
-3.22909e-05
0.000153202
-2.94814e-05
0.000154212
-2.18889e-05
0.000160079
-1.00559e-05
0.000172339
6.85825e-06
0.000184449
1.55613e-05
0.000193689
1.78461e-05
0.000199615
1.51773e-05
0.000202256
9.02732e-06
0.000202714
1.81045e-06
0.000201343
-5.79448e-06
0.000198402
-1.29931e-05
0.000194532
-1.97102e-05
0.000190103
-2.53676e-05
0.000185332
-2.97409e-05
0.000180379
-3.27701e-05
0.000175353
-3.44152e-05
0.000170317
-3.46818e-05
0.000165299
-3.36159e-05
0.000160295
-3.13271e-05
0.000155283
-2.79853e-05
0.000150225
-2.39103e-05
0.000145112
-1.95002e-05
0.000139913
-1.55259e-05
-1.27012e-05
0.000147249
6.47571e-06
0.000147813
2.00153e-05
0.000148729
3.45911e-05
0.000150018
5.04361e-05
0.000151724
6.76149e-05
0.000153914
8.604e-05
0.000156677
0.000105509
0.000160142
0.000125732
0.000164493
0.000146354
0.000170032
0.000166937
0.000177241
0.00018695
0.000186939
0.000205397
0.000200173
0.000221067
0.000217867
0.000229032
0.000239903
0.000226816
0.000249109
0.000192965
0.000248729
0.000158641
0.000241664
0.000119474
0.000231657
8.39763e-05
0.000220883
5.37006e-05
0.000210353
2.86572e-05
0.000200566
8.62229e-06
0.000191808
-6.76277e-06
0.000184295
-1.78171e-05
0.000178242
-2.48046e-05
0.000173876
-2.79249e-05
0.000171534
-2.71391e-05
0.000171722
-2.2077e-05
0.000175428
-1.37623e-05
0.000183917
-1.6306e-06
0.000193214
6.2638e-06
0.00020124
9.82069e-06
0.000207092
9.32472e-06
0.000210418
5.70147e-06
0.000211642
5.86486e-07
0.000211268
-5.42011e-06
0.000209333
-1.10584e-05
0.000206226
-1.66026e-05
0.000202387
-2.15292e-05
0.000198048
-2.54013e-05
0.000193385
-2.81075e-05
0.000188533
-2.95632e-05
0.000183581
-2.97302e-05
0.000178583
-2.86177e-05
0.000173557
-2.63005e-05
0.000168496
-2.2925e-05
0.000163371
-1.87854e-05
0.000158175
-1.43039e-05
0.000152868
-1.02189e-05
-7.46986e-06
0.000147304
6.21886e-06
0.000148007
1.93127e-05
0.000149124
3.34737e-05
0.000150667
4.88933e-05
0.000152679
6.56031e-05
0.000155236
8.34828e-05
0.000158444
0.000102301
0.000162447
0.000121729
0.000167443
0.000141358
0.000173717
0.000160662
0.000181682
0.000178985
0.000191854
0.000195226
0.000204934
0.000207988
0.000220887
0.000213079
0.000238725
0.000208978
0.000248208
0.000183483
0.000251217
0.000155632
0.000248122
0.00012257
0.000241485
9.0614e-05
0.000233189
6.19968e-05
0.000224397
3.74493e-05
0.000215799
1.72203e-05
0.000207837
1.19905e-06
0.000200824
-1.08038e-05
0.000195015
-1.89958e-05
0.000190638
-2.35482e-05
0.000187995
-2.44964e-05
0.000187532
-2.1614e-05
0.000189648
-1.58777e-05
0.000195414
-7.39663e-06
0.0002024
-7.22601e-07
0.00020904
3.18055e-06
0.00021438
3.98478e-06
0.000217899
2.18235e-06
0.000219673
-1.1866e-06
0.000219883
-5.63042e-06
0.000218841
-1.00164e-05
0.000216511
-1.42728e-05
0.000213336
-1.83536e-05
0.000209544
-2.161e-05
0.000205313
-2.38757e-05
0.000200785
-2.50356e-05
0.000196067
-2.50126e-05
0.000191232
-2.37819e-05
0.000186314
-2.13827e-05
0.000181323
-1.79341e-05
0.000176236
-1.36985e-05
0.000171048
-9.11546e-06
0.000165713
-4.88397e-06
-2.18366e-06
0.000147353
5.91305e-06
0.000148179
1.84861e-05
0.000149477
3.21759e-05
0.000151247
4.71229e-05
0.000153534
6.33167e-05
0.000156419
8.05977e-05
0.000160018
9.87022e-05
0.000164481
0.000117266
0.000170003
0.000135836
0.000176821
0.000153845
0.000185242
0.000170564
0.000195642
0.000184826
0.000208384
0.000195246
0.000222878
0.000198585
0.000238041
0.000193814
0.000247502
0.000174022
0.000252452
0.000150683
0.000252321
0.000122702
0.000248585
9.43494e-05
0.000242701
6.78815e-05
0.000235808
4.43423e-05
0.000228633
2.43957e-05
0.000221692
8.13956e-06
0.000215365
-4.47687e-06
0.000209947
-1.35777e-05
0.000205685
-1.9286e-05
0.000202862
-2.16732e-05
0.000201887
-2.06394e-05
0.000202904
-1.68944e-05
0.00020666
-1.11522e-05
0.000211786
-5.84905e-06
0.000217084
-2.11745e-06
0.0002217
-6.30732e-07
0.000225079
-1.19675e-06
0.000227091
-3.19842e-06
0.000227713
-6.25319e-06
0.000227284
-9.58728e-06
0.000225675
-1.26637e-05
0.000223147
-1.58251e-05
0.000219944
-1.8407e-05
0.000216221
-2.01532e-05
0.000212121
-2.09354e-05
0.000207753
-2.06451e-05
0.0002032
-1.92285e-05
0.000198509
-1.66914e-05
0.000193699
-1.3124e-05
0.000188753
-8.75255e-06
0.000183666
-4.02833e-06
0.000178385
3.96266e-07
3.08472e-06
0.000147394
5.56521e-06
0.000148329
1.75521e-05
0.000149783
3.07215e-05
0.000151753
4.51528e-05
0.000154282
6.07878e-05
0.000157457
7.74225e-05
0.000161398
9.47619e-05
0.000166251
0.000112413
0.000172181
0.000129906
0.000179398
0.000146627
0.000188145
0.000161817
0.000198629
0.000174342
0.000210902
0.000182973
0.000224277
0.000185211
0.000237697
0.000180394
0.000247163
0.000164557
0.000253146
0.0001447
0.000255267
0.000120581
0.000253872
9.57448e-05
0.000250148
7.16056e-05
0.000245117
4.93732e-05
0.000239439
3.00742e-05
0.000233638
1.39399e-05
0.000228127
1.03426e-06
0.000223227
-8.67774e-06
0.000219207
-1.52654e-05
0.000216336
-1.88021e-05
0.000214964
-1.92684e-05
0.000215255
-1.71854e-05
0.000217562
-1.34583e-05
0.000221193
-9.48008e-06
0.000225279
-6.20433e-06
0.000229101
-4.45176e-06
0.000232135
-4.23122e-06
0.000234156
-5.21923e-06
0.000235054
-7.1515e-06
0.000234979
-9.51198e-06
0.000233944
-1.16286e-05
0.000232012
-1.38937e-05
0.000229385
-1.57793e-05
0.000226199
-1.69675e-05
0.000222584
-1.73205e-05
0.000218646
-1.67069e-05
0.000214467
-1.50502e-05
0.000210102
-1.23258e-05
0.000205573
-8.59515e-06
0.000200866
-4.04582e-06
0.000195973
8.64823e-07
0.000190832
5.5378e-06
8.26094e-06
0.000147429
5.18307e-06
0.000148452
1.65284e-05
0.000150038
2.91356e-05
0.00015218
4.30112e-05
0.000154921
5.80462e-05
0.000158352
7.39914e-05
0.000162591
9.05235e-05
0.000167772
0.000107232
0.000174051
0.000123627
0.000181598
0.00013908
0.00019056
0.000152855
0.000201001
0.0001639
0.000212836
0.000171138
0.000225368
0.00017268
0.00023767
0.000168092
0.000247141
0.000155086
0.000253802
0.000138038
0.000257415
0.000116968
0.000257956
9.52035e-05
0.000256111
7.34511e-05
0.000252807
5.26777e-05
0.000248593
3.42883e-05
0.000243965
1.85672e-05
0.000239341
5.65895e-06
0.000235051
-4.38783e-06
0.000231376
-1.1591e-05
0.00022858
-1.60054e-05
0.000226974
-1.76629e-05
0.000226742
-1.69528e-05
0.000228014
-1.47306e-05
0.000230475
-1.19407e-05
0.000233516
-9.24589e-06
0.000236558
-7.49372e-06
0.000239145
-6.81843e-06
0.000241019
-7.09293e-06
0.000242018
-8.15091e-06
0.000242169
-9.66298e-06
0.000241545
-1.10042e-05
0.000240113
-1.24615e-05
0.000238009
-1.36756e-05
0.000235347
-1.43055e-05
0.000232237
-1.421e-05
0.000228772
-1.32426e-05
0.000225033
-1.13109e-05
0.000221071
-8.36346e-06
0.000216909
-4.43289e-06
0.000212531
3.31992e-07
0.000207921
5.47479e-06
0.000203001
1.04574e-05
1.32706e-05
0.000147454
4.77529e-06
0.000148548
1.54344e-05
0.000150239
2.74445e-05
0.000152523
4.07271e-05
0.000155447
5.51224e-05
0.000159104
7.0334e-05
0.00016361
8.60184e-05
0.000169089
0.000101753
0.000175674
0.000117042
0.000183476
0.000131279
0.000192576
0.000143755
0.000202951
0.000153526
0.000214422
0.000159667
0.000226341
0.00016076
0.000237921
0.000156512
0.000247407
0.000145601
0.000254626
0.000130819
0.00025912
0.000112475
0.000261227
9.30963e-05
0.000261053
7.36255e-05
0.000259295
5.44354e-05
0.000256443
3.71404e-05
0.000252959
2.20512e-05
0.000249241
9.37735e-06
0.000245615
-7.61611e-07
0.000242363
-8.33948e-06
0.000239741
-1.33831e-05
0.000238032
-1.59546e-05
0.000237444
-1.63639e-05
0.000237981
-1.52677e-05
0.000239519
-1.34791e-05
0.000241691
-1.14175e-05
0.000244016
-9.81953e-06
0.00024612
-8.92205e-06
0.000247748
-8.7212e-06
0.000248722
-9.12411e-06
0.000248984
-9.92554e-06
0.000248637
-1.06574e-05
0.000247606
-1.14302e-05
0.00024595
-1.20192e-05
0.000243769
-1.21248e-05
0.000241151
-1.1592e-05
0.000238175
-1.02667e-05
0.000234912
-8.04775e-06
0.000231408
-4.85939e-06
0.000227681
-7.05714e-07
0.000223711
4.30192e-06
0.000219468
9.71795e-06
0.00021485
1.50747e-05
1.80408e-05
0.000147469
4.35185e-06
0.000148613
1.42905e-05
0.000150382
2.56756e-05
0.000152782
3.83272e-05
0.000155866
5.20387e-05
0.000159732
6.64684e-05
0.000164486
8.12642e-05
0.000170239
9.59996e-05
0.000177089
0.000110192
0.000185106
0.000123261
0.000194316
0.000134545
0.00020463
0.000143211
0.000215821
0.000148477
0.000227308
0.000149273
0.000238424
0.000145396
0.000247935
0.000136089
0.000255553
0.000123201
0.000260839
0.000107189
0.000264017
8.99176e-05
0.000265256
7.23871e-05
0.000264917
5.47746e-05
0.000263288
3.87695e-05
0.00026088
2.44586e-05
0.00025805
1.22075e-05
0.000255107
2.18152e-06
0.000252326
-5.5582e-06
0.00024995
-1.10077e-05
0.000248241
-1.42456e-05
0.0002474
-1.55232e-05
0.000247445
-1.53124e-05
0.000248285
-1.43194e-05
0.00024973
-1.28616e-05
0.000251417
-1.15071e-05
0.00025304
-1.05445e-05
0.000254368
-1.005e-05
0.000255228
-9.98326e-06
0.000255526
-1.02235e-05
0.000255334
-1.04659e-05
0.000254598
-1.06944e-05
0.000253312
-1.07327e-05
0.000251555
-1.03682e-05
0.000249397
-9.43404e-06
0.000246901
-7.77024e-06
0.000244127
-5.27419e-06
0.000241115
-1.84733e-06
0.000237874
2.53544e-06
0.000234379
7.79697e-06
0.000230579
1.35178e-05
0.00022634
1.93138e-05
2.25011e-05
0.000147473
3.92445e-06
0.000148646
1.31181e-05
0.000150465
2.38561e-05
0.000152958
3.58341e-05
0.000156185
4.88117e-05
0.000160246
6.24079e-05
0.000165237
7.62733e-05
0.000171247
8.99888e-05
0.000178345
0.000103094
0.000186563
0.000115044
0.000195876
0.000125231
0.000206156
0.000132931
0.00021715
0.000137482
0.000228345
0.000138079
0.000239169
0.000134573
0.000248717
0.000126541
0.000256663
0.000115256
0.000262627
0.000101225
0.000266671
8.58741e-05
0.000269029
7.00288e-05
0.000269811
5.39923e-05
0.000269374
3.92065e-05
0.000267958
2.58753e-05
0.000265971
1.41945e-05
0.000263702
4.45076e-06
0.000261411
-3.2679e-06
0.000259329
-8.92504e-06
0.000257694
-1.26111e-05
0.000256696
-1.45254e-05
0.000256401
-1.50167e-05
0.000256723
-1.46414e-05
0.000257572
-1.37114e-05
0.000258704
-1.26386e-05
0.000259871
-1.17112e-05
0.000260877
-1.10567e-05
0.000261564
-1.06696e-05
0.000261835
-1.0495e-05
0.000261715
-1.0346e-05
0.000261174
-1.01533e-05
0.000260179
-9.73731e-06
0.000258783
-8.97256e-06
0.00025704
-7.69123e-06
0.000254997
-5.72663e-06
0.000252707
-2.98477e-06
0.000250202
6.5792e-07
0.000247481
5.25648e-06
0.000244516
1.07623e-05
0.000241228
1.68056e-05
0.000237437
2.31047e-05
2.65845e-05
0.000147463
3.5073e-06
0.000148641
1.19402e-05
0.000150484
2.20131e-05
0.00015305
3.32674e-05
0.00015641
4.54519e-05
0.000160663
5.81554e-05
0.000165889
7.10467e-05
0.000172155
8.37229e-05
0.000179497
9.57521e-05
0.000187911
0.00010663
0.000197338
0.000115805
0.000207619
0.00012265
0.000218492
0.000126609
0.000229505
0.000127066
0.000240164
0.000123914
0.000249775
0.000116929
0.000257993
0.000107038
0.000264513
9.47049e-05
0.000269345
8.10422e-05
0.000272591
6.6782e-05
0.00027427
5.23131e-05
0.000274811
3.8666e-05
0.000274385
2.63013e-05
0.000273181
1.53985e-05
0.000271555
6.07634e-06
0.000269754
-1.46658e-06
0.000267985
-7.15643e-06
0.000266475
-1.1101e-05
0.000265404
-1.34543e-05
0.000264863
-1.44757e-05
0.000264804
-1.45823e-05
0.000265171
-1.40783e-05
0.000265826
-1.3294e-05
0.000266575
-1.24598e-05
0.000267259
-1.17401e-05
0.000267737
-1.11481e-05
0.000267924
-1.06822e-05
0.000267824
-1.02458e-05
0.000267394
-9.72306e-06
0.000266613
-8.95659e-06
0.000265514
-7.87301e-06
0.000264134
-6.31157e-06
0.000262505
-4.09728e-06
0.000260679
-1.15954e-06
0.00025868
2.65763e-06
0.000256498
7.43845e-06
0.000254106
1.31545e-05
0.00025139
1.95207e-05
0.000248111
2.63843e-05
3.02271e-05
0.000147434
3.11838e-06
0.000148592
1.07821e-05
0.000150432
2.01733e-05
0.00015306
3.06394e-05
0.000156553
4.19594e-05
0.000161005
5.37033e-05
0.000166476
6.55758e-05
0.000173003
7.71955e-05
0.000180593
8.81622e-05
0.000189211
9.80121e-05
0.000198767
0.000106248
0.000209088
0.00011233
0.000219909
0.000115788
0.000230826
0.000116149
0.000241409
0.000113332
0.0002511
0.000107238
0.000259568
9.85704e-05
0.000266569
8.77035e-05
0.000272048
7.55637e-05
0.000276042
6.27873e-05
0.000278567
4.97887e-05
0.000279856
3.73764e-05
0.000280235
2.59226e-05
0.00027983
1.58038e-05
0.000278805
7.10128e-06
0.000277474
-1.35538e-07
0.000276021
-5.70323e-06
0.000274662
-9.7426e-06
0.000273574
-1.23664e-05
0.000272856
-1.37575e-05
0.000272515
-1.42409e-05
0.000272504
-1.40677e-05
0.000272742
-1.35315e-05
0.000273114
-1.28316e-05
0.000273484
-1.21102e-05
0.000273734
-1.13982e-05
0.000273804
-1.07523e-05
0.000273671
-1.01129e-05
0.000273286
-9.33812e-06
0.000272655
-8.32509e-06
0.000271789
-7.00756e-06
0.000270718
-5.24048e-06
0.000269456
-2.8355e-06
0.000268065
2.31738e-07
0.000266557
4.16616e-06
0.00026492
9.07495e-06
0.000263134
1.49401e-05
0.000261045
2.161e-05
0.000258334
2.90958e-05
3.33667e-05
0.000147382
2.78188e-06
0.000148491
9.67274e-06
0.000150303
1.83613e-05
0.00015299
2.79524e-05
0.000156628
3.83217e-05
0.000161298
4.90328e-05
0.00016703
5.98438e-05
0.000173831
7.03946e-05
0.000181679
8.03149e-05
0.000190511
8.91792e-05
0.000200219
9.65406e-05
0.000210616
0.000101933
0.000221443
0.000104961
0.000232339
0.000105253
0.000242916
0.000102755
0.000252697
9.74564e-05
0.000261422
8.98451e-05
0.000268838
8.02875e-05
0.000274859
6.95429e-05
0.000279486
5.81607e-05
0.000282724
4.65508e-05
0.000284742
3.53577e-05
0.000285729
2.49355e-05
0.000285966
1.55675e-05
0.000285565
7.50179e-06
0.000284675
7.54656e-07
0.000283523
-4.55108e-06
0.000282324
-8.54363e-06
0.000281254
-1.12964e-05
0.000280415
-1.29181e-05
0.000279842
-1.36687e-05
0.000279533
-1.37579e-05
0.000279425
-1.34243e-05
0.00027945
-1.28568e-05
0.000279516
-1.21754e-05
0.000279538
-1.14204e-05
0.000279464
-1.06781e-05
0.000279246
-9.89546e-06
0.000278862
-8.95368e-06
0.000278324
-7.78706e-06
0.000277634
-6.3183e-06
0.000276817
-4.42339e-06
0.000275872
-1.88965e-06
0.000274877
1.22598e-06
0.000273834
5.20906e-06
0.000272741
1.0168e-05
0.000271587
1.60945e-05
0.000270167
2.30299e-05
0.000268076
3.11865e-05
3.59353e-05
0.000147292
2.53456e-06
0.000148321
8.64356e-06
0.000150085
1.65979e-05
0.000152844
2.51933e-05
0.000156656
3.45097e-05
0.000161575
4.41137e-05
0.000167591
5.3828e-05
0.000174679
6.33062e-05
0.000182794
7.22005e-05
0.000191853
8.01196e-05
0.000201733
8.66606e-05
0.000212243
9.14232e-05
0.000223133
9.40713e-05
0.000234052
9.43342e-05
0.000244658
9.21488e-05
0.000254579
8.75354e-05
0.000263561
8.08625e-05
0.000271343
7.2506e-05
0.000277829
6.30565e-05
0.000282995
5.29948e-05
0.000286838
4.27079e-05
0.000289478
3.27179e-05
0.000291066
2.33477e-05
0.000291772
1.48613e-05
0.000291861
7.41281e-06
0.000291442
1.17306e-06
0.000290566
-3.67462e-06
0.000289519
-7.49634e-06
0.000288482
-1.02595e-05
0.000287556
-1.19927e-05
0.000286799
-1.29115e-05
0.00028623
-1.31891e-05
0.00028583
-1.30243e-05
0.000285546
-1.25726e-05
0.000285324
-1.19535e-05
0.000285117
-1.12136e-05
0.000284866
-1.04264e-05
0.000284532
-9.56179e-06
0.000284115
-8.53681e-06
0.00028362
-7.29194e-06
0.000283054
-5.75208e-06
0.000282438
-3.8073e-06
0.000281754
-1.20544e-06
0.000281117
1.86245e-06
0.000280504
5.82186e-06
0.000279947
1.07258e-05
0.000279441
1.66002e-05
0.000278723
2.37478e-05
0.000277302
3.26075e-05
3.78323e-05
0.000147142
2.4375e-06
0.000148057
7.72801e-06
0.000149762
1.48937e-05
0.00015263
2.23248e-05
0.000156666
3.04739e-05
0.000161873
3.89062e-05
0.000168196
4.75051e-05
0.000175583
5.59196e-05
0.000183971
6.3812e-05
0.000193271
7.08197e-05
0.000203336
7.65963e-05
0.000213978
8.07803e-05
0.000224949
8.31006e-05
0.000235947
8.33368e-05
0.000246663
8.14319e-05
0.000256772
7.74265e-05
0.000265991
7.16441e-05
0.0002741
6.43964e-05
0.000280993
5.61643e-05
0.000286622
4.73653e-05
0.000290978
3.83518e-05
0.000294144
2.95519e-05
0.00029624
2.12515e-05
0.000297413
1.36885e-05
0.000297835
6.99113e-06
0.000297785
1.22288e-06
0.000297203
-3.0928e-06
0.000296292
-6.58544e-06
0.000295286
-9.25348e-06
0.000294292
-1.0998e-05
0.000293377
-1.19973e-05
0.000292584
-1.23953e-05
0.000291915
-1.23559e-05
0.000291351
-1.20084e-05
0.00029086
-1.14625e-05
0.000290413
-1.07664e-05
0.000289969
-9.98287e-06
0.000289503
-9.09611e-06
0.000289018
-8.05124e-06
0.000288521
-6.79536e-06
0.00028803
-5.26071e-06
0.000287562
-3.33955e-06
0.000287077
-7.20518e-07
0.000286725
2.2148e-06
0.000286591
5.95614e-06
0.000286568
1.07487e-05
0.000286613
1.65549e-05
0.000286609
2.37515e-05
0.000286037
3.31795e-05
3.89898e-05
0.000146885
2.59734e-06
0.000147649
6.9639e-06
0.000149307
1.32354e-05
0.000152362
1.92701e-05
0.000156696
2.61393e-05
0.000162237
3.33653e-05
0.000168886
4.08568e-05
0.000176567
4.82379e-05
0.00018522
5.51594e-05
0.000194744
6.12956e-05
0.000205005
6.63357e-05
0.000215813
6.9972e-05
0.00022693
7.19836e-05
0.000238083
7.21835e-05
0.000248959
7.0556e-05
0.000259248
6.71375e-05
0.000268703
6.21888e-05
0.000277117
5.59828e-05
0.000284369
4.89123e-05
0.000290399
4.13351e-05
0.000295189
3.35618e-05
0.000298796
2.59448e-05
0.000301317
1.8731e-05
0.000302877
1.21282e-05
0.000303626
6.24178e-06
0.000303757
1.09185e-06
0.000303464
-2.79925e-06
0.000302665
-5.78695e-06
0.000301678
-8.26609e-06
0.000300616
-9.93591e-06
0.000299556
-1.09378e-05
0.000298556
-1.13946e-05
0.000297639
-1.14396e-05
0.000296811
-1.11795e-05
0.000296058
-1.07103e-05
0.00029537
-1.00778e-05
0.000294723
-9.33557e-06
0.000294103
-8.47636e-06
0.000293518
-7.46632e-06
0.000292981
-6.25817e-06
0.000292519
-4.79917e-06
0.000292148
-2.96791e-06
0.000291795
-3.68315e-07
0.00029177
2.24058e-06
0.000292008
5.71817e-06
0.000292495
1.02615e-05
0.000293074
1.59759e-05
0.000293866
2.29596e-05
0.000294322
3.27227e-05
3.96092e-05
0.000146424
3.21791e-06
0.000146999
6.38889e-06
0.000148676
1.15581e-05
0.000152066
1.58806e-05
0.000156803
2.14019e-05
0.000162711
2.74572e-05
0.000169673
3.38946e-05
0.000177628
4.02828e-05
0.000186529
4.62592e-05
0.000196285
5.15395e-05
0.000206771
5.58496e-05
0.000217785
5.89579e-05
0.000229093
6.06755e-05
0.000240419
6.08579e-05
0.000251478
5.94968e-05
0.00026198
5.66358e-05
0.000271682
5.2486e-05
0.000280385
4.72798e-05
0.000287961
4.13365e-05
0.000294339
3.49575e-05
0.000299493
2.84079e-05
0.000303462
2.19757e-05
0.000306325
1.58676e-05
0.000308193
1.02606e-05
0.000309193
5.24143e-06
0.000309478
8.06331e-07
0.000309337
-2.65778e-06
0.000308638
-5.08785e-06
0.000307646
-7.27391e-06
0.000306503
-8.7931e-06
0.000305295
-9.73022e-06
0.000304092
-1.01915e-05
0.000302936
-1.02838e-05
0.00030185
-1.00927e-05
0.000300839
-9.69947e-06
0.000299905
-9.14415e-06
0.000299042
-8.47261e-06
0.000298247
-7.68166e-06
0.000297534
-6.75322e-06
0.00029692
-5.6437e-06
0.000296441
-4.32e-06
0.00029612
-2.64764e-06
0.000295902
-1.4984e-07
0.000296163
1.97975e-06
0.000296645
5.23556e-06
0.000297583
9.3236e-06
0.000298771
1.47886e-05
0.000300418
2.13119e-05
0.000301935
3.12065e-05
3.95131e-05
0.000145532
4.7303e-06
0.000145875
6.04525e-06
0.000147805
9.62856e-06
0.000151805
1.18809e-05
0.000157062
1.61447e-05
0.000163338
2.11806e-05
0.000170576
2.66567e-05
0.000178763
3.20959e-05
0.000187887
3.71355e-05
0.00019787
4.15561e-05
0.000208577
4.51429e-05
0.000219815
4.77202e-05
0.000231344
4.91458e-05
0.000242894
4.93084e-05
0.000254182
4.82085e-05
0.000264928
4.58898e-05
0.000274892
4.25218e-05
0.000283876
3.82957e-05
0.000291747
3.34663e-05
0.000298424
2.82803e-05
0.000303877
2.29548e-05
0.000308132
1.77208e-05
0.000311256
1.27431e-05
0.000313345
8.17227e-06
0.000314524
4.06242e-06
0.000314942
3.87768e-07
0.000314798
-2.51338e-06
0.000314154
-4.4443e-06
0.00031313
-6.24983e-06
0.000311881
-7.54352e-06
0.000310508
-8.35787e-06
0.000309094
-8.77766e-06
0.000307696
-8.88498e-06
0.000306348
-8.74542e-06
0.000305074
-8.42531e-06
0.000303887
-7.957e-06
0.000302794
-7.37981e-06
0.000301803
-6.69059e-06
0.000300934
-5.88388e-06
0.000300208
-4.91768e-06
0.000299665
-3.77719e-06
0.000299365
-2.34757e-06
0.000299282
-6.7001e-08
0.000299663
1.5993e-06
0.000300403
4.49485e-06
0.00030176
7.96653e-06
0.000303538
1.30106e-05
0.000306083
1.87674e-05
0.0003087
2.85897e-05
3.83435e-05
0.000143594
8.18038e-06
0.00014366
5.97877e-06
0.000146636
6.65305e-06
0.000151751
6.76565e-06
0.000157599
1.02971e-05
0.000164155
1.46243e-05
0.000171561
1.92504e-05
0.000179885
2.37723e-05
0.000189176
2.78445e-05
0.000199363
3.13692e-05
0.000210303
3.42023e-05
0.000221796
3.62272e-05
0.000233593
3.73496e-05
0.000245417
3.74842e-05
0.000256982
3.66432e-05
0.000268008
3.48642e-05
0.000278251
3.22783e-05
0.000287512
2.90345e-05
0.000295651
2.53275e-05
0.000302582
2.13495e-05
0.00030827
1.72669e-05
0.000312733
1.32576e-05
0.000316033
9.4431e-06
0.000318253
5.95239e-06
0.000319525
2.79033e-06
0.00032
-8.73609e-08
0.000319762
-2.27527e-06
0.000319096
-3.7783e-06
0.000317983
-5.13685e-06
0.000316585
-6.14513e-06
0.000315016
-6.78905e-06
0.000313368
-7.12973e-06
0.00031171
-7.22656e-06
0.000310088
-7.12364e-06
0.000308536
-6.87358e-06
0.00030708
-6.5005e-06
0.000305738
-6.03782e-06
0.000304526
-5.4786e-06
0.00030347
-4.82878e-06
0.000302599
-4.04632e-06
0.00030195
-3.12856e-06
0.000301626
-2.02312e-06
0.00030162
-6.13249e-08
0.000302076
1.14366e-06
0.000303015
3.55629e-06
0.000304744
6.23749e-06
0.000307086
1.06679e-05
0.000310537
1.53166e-05
0.000314508
2.46187e-05
3.57163e-05
0.000137875
1.73488e-05
0.000137847
6.00654e-06
0.00014537
-8.69791e-07
0.000152328
-1.92271e-07
0.00015858
4.04565e-06
0.000165102
8.10184e-06
0.000172446
1.19066e-05
0.000180761
1.54569e-05
0.000190149
1.84569e-05
0.00020052
2.09982e-05
0.000211706
2.30162e-05
0.000223483
2.44505e-05
0.000235604
2.52278e-05
0.000247764
2.53243e-05
0.000259661
2.47461e-05
0.000271007
2.35191e-05
0.000281549
2.17359e-05
0.000291082
1.95014e-05
0.000299459
1.69502e-05
0.00030659
1.42183e-05
0.000312439
1.14186e-05
0.00031702
8.67658e-06
0.000320393
6.0692e-06
0.000322643
3.70235e-06
0.000323902
1.53205e-06
0.000324298
-4.83787e-07
0.000323914
-1.8916e-06
0.000323095
-2.95923e-06
0.000321813
-3.85447e-06
0.0003202
-4.53243e-06
0.000318381
-4.96929e-06
0.00031645
-5.19925e-06
0.000314488
-5.26416e-06
0.000312554
-5.19e-06
0.000310695
-5.01474e-06
0.000308942
-4.74756e-06
0.000307323
-4.41888e-06
0.00030586
-4.01502e-06
0.000304584
-3.55351e-06
0.000303531
-2.99335e-06
0.000302732
-2.32928e-06
0.000302323
-1.61388e-06
0.000302348
-8.58826e-08
0.00030282
6.7125e-07
0.000303903
2.4736e-06
0.000305928
4.21191e-06
0.000308844
7.75199e-06
0.000313141
1.10193e-05
0.000318832
1.89281e-05
3.0633e-05
0.000114087
5.03049e-05
0.000128706
-8.61245e-06
0.000144989
-1.71524e-05
0.000154093
-9.29616e-06
0.00015988
-1.74152e-06
0.000165681
2.30076e-06
0.000172545
5.04238e-06
0.000180651
7.35131e-06
0.000190046
9.0612e-06
0.000200579
1.04653e-05
0.000212029
1.15667e-05
0.000224139
1.23399e-05
0.000236636
1.27308e-05
0.000249185
1.27756e-05
0.000261459
1.24719e-05
0.000273151
1.18276e-05
0.000283993
1.08936e-05
0.000293768
9.72646e-06
0.000302322
8.39638e-06
0.000309561
6.97846e-06
0.000315452
5.5285e-06
0.000320011
4.11665e-06
0.000323304
2.7765e-06
0.00032542
1.58664e-06
0.000326536
4.15803e-07
0.000326596
-5.43754e-07
0.000325996
-1.29178e-06
0.00032485
-1.81261e-06
0.000323249
-2.25433e-06
0.000321301
-2.58416e-06
0.000319127
-2.7957e-06
0.000316831
-2.90249e-06
0.000314494
-2.92724e-06
0.000312182
-2.87815e-06
0.000309949
-2.78149e-06
0.000307834
-2.63332e-06
0.000305874
-2.45818e-06
0.000304096
-2.23711e-06
0.000302534
-1.9913e-06
0.000301238
-1.69726e-06
0.000300225
-1.31674e-06
0.000299629
-1.01744e-06
0.000299644
-1.01467e-07
0.000300049
2.66683e-07
0.000301257
1.2657e-06
0.000303447
2.02206e-06
0.000307014
4.18429e-06
0.000311994
6.03976e-06
0.000319961
1.09609e-05
2.02739e-05
0.000197348
0.000188736
0.000171584
0.000162287
0.000160546
0.000162847
0.000167889
0.00017524
0.000184301
0.000194767
0.000206333
0.000218673
0.000231404
0.00024418
0.000256652
0.000268479
0.000279373
0.000289099
0.000297496
0.000304474
0.000310002
0.000314119
0.000316896
0.000318482
0.000318898
0.000318354
0.000317063
0.00031525
0.000312996
0.000310411
0.000307616
0.000304713
0.000301786
0.000298908
0.000296126
0.000293493
0.000291035
0.000288798
0.000286806
0.000285109
0.000283792
0.000282775
0.000282674
0.00028294
0.000284206
0.000286228
0.000290412
0.000296452
0.000307413
)
;

boundaryField
{
    floor
    {
        type            calculated;
        value           uniform 0;
    }
    ceiling
    {
        type            calculated;
        value           nonuniform List<scalar> 
50
(
0
0
0
0
-3.30872e-24
3.30872e-24
0
0
0
0
0
0
0
0
0
-3.30872e-24
3.30872e-24
3.30872e-24
0
0
-3.30872e-24
0
0
3.30872e-24
0
0
3.30872e-24
0
0
0
-3.30872e-24
0
0
0
0
0
0
0
0
0
0
0
0
-3.30872e-24
0
0
0
0
0
0
)
;
    }
    inlet
    {
        type            calculated;
        value           nonuniform List<scalar> 
40
(
-0.000147052
-0.000147051
-0.000147051
-0.000147051
-0.000147051
-0.00014705
-0.00014705
-0.00014705
-0.00014705
-0.00014705
-0.000147049
-0.000147049
-0.000147049
-0.000147049
-0.000147049
-0.000147048
-0.000147048
-0.000147048
-0.000147048
-0.000147047
-0.000147047
-0.000147047
-0.000147047
-0.000147047
-0.000147046
-0.000147046
-0.000147046
-0.000147046
-0.000147046
-0.000147045
-0.000147045
-0.000147045
-0.000147045
-0.000147045
-0.000147044
-0.000147044
-0.000147044
-0.000147044
-0.000147043
-0.000147043
)
;
    }
    outlet
    {
        type            calculated;
        value           nonuniform List<scalar> 
40
(
-7.07468e-06
-5.5773e-06
-3.83046e-06
-2.0528e-06
-6.37641e-07
5.17974e-08
1.24526e-06
6.68768e-06
1.3117e-05
2.08006e-05
2.95753e-05
3.92652e-05
4.97167e-05
6.07963e-05
7.23886e-05
8.43923e-05
9.6716e-05
0.000109276
0.000121997
0.000134806
0.000147637
0.000160426
0.000173117
0.000185655
0.000197992
0.00021008
0.00022188
0.000233354
0.000244468
0.000255194
0.000265508
0.000275405
0.00028488
0.000293703
0.000302031
0.000309869
0.000317135
0.000323915
0.00033032
0.000327687
)
;
    }
    fixedWalls
    {
        type            empty;
        value           nonuniform 0();
    }
    baffleFacesThermoBaffle1D_master
    {
        type            calculated;
        value           nonuniform List<scalar> 
16
(
0
0
0
0
0
0
0
-1.35525e-20
0
-1.35525e-20
0
1.35525e-20
0
0
0
0
)
;
    }
    baffleFacesThermoBaffle1D_slave
    {
        type            calculated;
        value           nonuniform List<scalar> 
16
(
0
-1.35525e-20
0
0
0
0
0
0
0
0
2.71051e-20
0
0
0
-1.35525e-20
-1.35525e-20
)
;
    }
    baffleFacesThermoBaffle3D_master
    {
        type            calculated;
        value           nonuniform List<scalar> 
16
(
-2.71051e-20
0
0
5.42101e-20
-5.42101e-20
0
0
5.42101e-20
0
0
-1.0842e-19
0
0
0
0
0
)
;
    }
    baffleFacesThermoBaffle3D_slave
    {
        type            calculated;
        value           nonuniform List<scalar> 
16
(
0
0
0
0
5.42101e-20
0
0
0
-1.0842e-19
0
0
2.1684e-19
0
0
0
0
)
;
    }
}


// ************************************************************************* //
