/*--------------------------------*- C++ -*----------------------------------*\
| =========                 |                                                 |
| \\      /  F ield         | OpenFOAM: The Open Source CFD Toolbox           |
|  \\    /   O peration     | Version:  v1906                                 |
|   \\  /    A nd           | Web:      www.OpenFOAM.com                      |
|    \\/     M anipulation  |                                                 |
\*---------------------------------------------------------------------------*/
FoamFile
{
    version     2.0;
    format      ascii;
    class       volVectorField;
    location    "2500";
    object      U;
}
// * * * * * * * * * * * * * * * * * * * * * * * * * * * * * * * * * * * * * //

dimensions      [0 1 -1 0 0 0 0];


internalField   nonuniform List<vector> 
2000
(
(0.091814 -0.053708 0)
(0.152797 0.00315912 0)
(0.118984 0.00940045 0)
(0.0977046 0.0083129 0)
(0.087562 0.00657245 0)
(0.0741171 0.00624527 0)
(0.0608739 0.00676278 0)
(0.0458995 0.00753217 0)
(0.0295948 0.00822619 0)
(0.0123161 0.00839274 0)
(-0.00454189 0.00755542 0)
(-0.0189092 0.00497362 0)
(-0.0262384 0.000670016 0)
(-0.0234934 -0.00629024 0)
(-0.00848022 -0.00654467 0)
(-0.0118137 0.00659781 0)
(-0.0245809 0.00443618 0)
(-0.0358353 0.00436412 0)
(-0.043461 0.00123011 0)
(-0.0442796 -0.000842847 0)
(-0.0395584 -0.0043378 0)
(-0.0279498 -0.00667682 0)
(-0.0127509 -0.00890891 0)
(0.0072507 -0.00959366 0)
(0.0244199 -0.00966112 0)
(0.0454609 -0.00871635 0)
(0.057632 -0.002162 0)
(0.0563914 0.00292496 0)
(0.0397442 0.0150698 0)
(-0.0296752 0.0124487 0)
(-0.0474569 0.00577406 0)
(-0.0659681 0.00750479 0)
(-0.0818934 0.00486751 0)
(-0.0916159 0.00287434 0)
(-0.0974226 0.0012042 0)
(-0.0991948 0.000112178 0)
(-0.0992785 -0.000811024 0)
(-0.0955427 -0.0017134 0)
(-0.0916579 -0.00201415 0)
(-0.0860713 -0.00237766 0)
(-0.0803328 -0.00258261 0)
(-0.0738298 -0.00280513 0)
(-0.0670991 -0.00301912 0)
(-0.0598134 -0.00330537 0)
(-0.0520526 -0.00367426 0)
(-0.0433928 -0.00415423 0)
(-0.034224 -0.0046118 0)
(-0.0233412 -0.00492961 0)
(-0.015231 -0.00390818 0)
(-0.00525237 -0.00326812 0)
(0.101147 -0.000125723 0)
(0.0661401 0.00210913 0)
(0.0912031 0.00944834 0)
(0.0909713 0.0100827 0)
(0.0876151 0.0104749 0)
(0.0793039 0.0115929 0)
(0.0692837 0.0130089 0)
(0.0572995 0.0144761 0)
(0.0439066 0.015631 0)
(0.029526 0.0159473 0)
(0.0150307 0.0146854 0)
(0.00150311 0.0109794 0)
(-0.00881605 0.00392305 0)
(-0.014815 -0.00653914 0)
(-0.0122067 -0.0153083 0)
(-0.0105178 0.0158767 0)
(-0.0241281 0.0118407 0)
(-0.0342347 0.0090078 0)
(-0.0402718 0.00363064 0)
(-0.0410317 -0.00141397 0)
(-0.0372659 -0.00754843 0)
(-0.0289589 -0.0121975 0)
(-0.0170088 -0.0159848 0)
(-0.00239221 -0.0177059 0)
(0.013584 -0.0175155 0)
(0.0276848 -0.014968 0)
(0.0383987 -0.00525092 0)
(0.0410909 0.0100491 0)
(0.0308128 0.0398994 0)
(-0.0232527 0.033505 0)
(-0.045345 0.0182874 0)
(-0.0639617 0.0155829 0)
(-0.0756319 0.0115603 0)
(-0.083389 0.0070278 0)
(-0.0874663 0.00325589 0)
(-0.0884894 0.000936058 0)
(-0.0876441 -0.00185483 0)
(-0.084496 -0.00349606 0)
(-0.0804742 -0.00451517 0)
(-0.0753576 -0.00528681 0)
(-0.0697932 -0.00579383 0)
(-0.0637335 -0.00621625 0)
(-0.0574017 -0.00660022 0)
(-0.0507304 -0.00705704 0)
(-0.0437518 -0.00763637 0)
(-0.0362586 -0.00836725 0)
(-0.0284704 -0.00909049 0)
(-0.0196956 -0.00946132 0)
(-0.012392 -0.00787668 0)
(-0.00371322 -0.00514867 0)
(0.0987837 -0.00546629 0)
(0.0886152 0.00110679 0)
(0.0929804 0.00538692 0)
(0.091633 0.0102338 0)
(0.088574 0.0134092 0)
(0.0821749 0.0162135 0)
(0.0740025 0.018842 0)
(0.0640311 0.0212539 0)
(0.0527341 0.0231032 0)
(0.0404539 0.0238057 0)
(0.0277866 0.0224985 0)
(0.0152221 0.0180756 0)
(0.00428037 0.00964269 0)
(-0.00478035 -0.00368663 0)
(-0.00563801 -0.0214259 0)
(-0.010412 0.0265013 0)
(-0.0233502 0.0193761 0)
(-0.0322005 0.0136649 0)
(-0.037592 0.00555514 0)
(-0.0386734 -0.00209584 0)
(-0.035937 -0.0105337 0)
(-0.0298783 -0.0173403 0)
(-0.0208269 -0.0226987 0)
(-0.00947511 -0.0256841 0)
(0.00325346 -0.0258801 0)
(0.0154318 -0.0214391 0)
(0.0243361 -0.0092301 0)
(0.0281159 0.0120545 0)
(0.0232581 0.0593365 0)
(-0.0214329 0.0538783 0)
(-0.0397503 0.0328286 0)
(-0.0577362 0.0246279 0)
(-0.0672939 0.0171292 0)
(-0.0736812 0.0102858 0)
(-0.0769871 0.00454793 0)
(-0.0776763 0.000701253 0)
(-0.0764076 -0.00306122 0)
(-0.0736385 -0.00560792 0)
(-0.0698042 -0.00724332 0)
(-0.0651268 -0.00841459 0)
(-0.0599718 -0.0092024 0)
(-0.0544325 -0.00981316 0)
(-0.048664 -0.0103478 0)
(-0.0426866 -0.0109398 0)
(-0.0365534 -0.0116712 0)
(-0.0301581 -0.0125737 0)
(-0.0236924 -0.0134594 0)
(-0.0166391 -0.0138272 0)
(-0.0105203 -0.0121458 0)
(-0.00260932 -0.00755269 0)
(0.0995267 -0.00133728 0)
(0.0952675 0.00261077 0)
(0.0951079 0.00679599 0)
(0.0927642 0.0119109 0)
(0.0897634 0.0162928 0)
(0.084496 0.0203359 0)
(0.0776432 0.0240564 0)
(0.0691924 0.0273918 0)
(0.0594943 0.0299611 0)
(0.0488075 0.031134 0)
(0.0375269 0.0300037 0)
(0.0259587 0.0253759 0)
(0.0147809 0.0161272 0)
(0.00442539 0.000868202 0)
(-0.0002118 -0.0226307 0)
(-0.0114401 0.0359704 0)
(-0.0224642 0.0265345 0)
(-0.0308693 0.0177989 0)
(-0.0356978 0.00766958 0)
(-0.0372516 -0.00251866 0)
(-0.035521 -0.0129561 0)
(-0.0313572 -0.0213549 0)
(-0.0245036 -0.0283407 0)
(-0.0159554 -0.0324102 0)
(-0.0060227 -0.0329727 0)
(0.00396268 -0.0279576 0)
(0.0129076 -0.0135586 0)
(0.0174907 0.0133934 0)
(0.0159157 0.071514 0)
(-0.0208652 0.0708189 0)
(-0.036422 0.0443192 0)
(-0.0513075 0.032266 0)
(-0.0594373 0.0218343 0)
(-0.0646257 0.0128047 0)
(-0.0671227 0.00572681 0)
(-0.0674255 0.000424477 0)
(-0.0658448 -0.00430591 0)
(-0.063255 -0.00758433 0)
(-0.0596476 -0.0097971 0)
(-0.0553525 -0.0113422 0)
(-0.0506284 -0.0123877 0)
(-0.045605 -0.0131643 0)
(-0.0404232 -0.0138113 0)
(-0.0351454 -0.0144815 0)
(-0.0298522 -0.0152836 0)
(-0.0245002 -0.0162545 0)
(-0.0192992 -0.0172276 0)
(-0.0136966 -0.0177104 0)
(-0.0090618 -0.0160813 0)
(-0.00159115 -0.0101632 0)
(0.0996546 -0.00021228 0)
(0.09746 0.00357504 0)
(0.0963467 0.00794589 0)
(0.0939053 0.0135106 0)
(0.0910266 0.0187684 0)
(0.0865346 0.0238044 0)
(0.0807021 0.0284758 0)
(0.0734704 0.0326504 0)
(0.0650643 0.0359144 0)
(0.0556479 0.0376168 0)
(0.0454459 0.0368366 0)
(0.0346077 0.0323674 0)
(0.0233993 0.023017 0)
(0.0120556 0.00676741 0)
(0.00514852 -0.0195149 0)
(-0.011028 0.0464069 0)
(-0.0220082 0.0330283 0)
(-0.0299764 0.0216955 0)
(-0.0343281 0.00975647 0)
(-0.0361734 -0.00232982 0)
(-0.0355473 -0.0142774 0)
(-0.0326922 -0.0243497 0)
(-0.0278246 -0.0324538 0)
(-0.0217867 -0.0374035 0)
(-0.0142064 -0.0385462 0)
(-0.0061443 -0.0334874 0)
(0.00249237 -0.0182741 0)
(0.00831675 0.0125059 0)
(0.0114333 0.0790065 0)
(-0.0188429 0.0887235 0)
(-0.0337389 0.0536381 0)
(-0.0452467 0.0384877 0)
(-0.0520216 0.0254559 0)
(-0.0558171 0.0150317 0)
(-0.0574895 0.00659793 0)
(-0.0571939 -0.000215181 0)
(-0.0554498 -0.00559098 0)
(-0.0529147 -0.00947554 0)
(-0.0495184 -0.012177 0)
(-0.0455755 -0.0140361 0)
(-0.0412868 -0.0152884 0)
(-0.0367805 -0.0161819 0)
(-0.0322004 -0.0168802 0)
(-0.0276272 -0.0175499 0)
(-0.0231653 -0.0183167 0)
(-0.0188158 -0.0192169 0)
(-0.0148341 -0.0201349 0)
(-0.0107144 -0.0205976 0)
(-0.00777429 -0.0192924 0)
(-0.000903999 -0.0128728 0)
(0.0997667 0.000521205 0)
(0.0983625 0.00441026 0)
(0.0970529 0.00916387 0)
(0.0948205 0.0150624 0)
(0.0921611 0.0209653 0)
(0.0882959 0.0267784 0)
(0.0833066 0.0322555 0)
(0.0770923 0.0371901 0)
(0.0697618 0.0411343 0)
(0.0613845 0.0434324 0)
(0.052031 0.0431737 0)
(0.0417046 0.0391752 0)
(0.0303661 0.0302038 0)
(0.0181866 0.0140008 0)
(0.00865088 -0.0132589 0)
(-0.0105757 0.0558823 0)
(-0.021326 0.0394463 0)
(-0.0290907 0.0255288 0)
(-0.033308 0.0115137 0)
(-0.0351101 -0.00171295 0)
(-0.0352182 -0.0150681 0)
(-0.033531 -0.0262583 0)
(-0.0305057 -0.0352067 0)
(-0.0265321 -0.0409613 0)
(-0.0212227 -0.0428176 0)
(-0.015071 -0.0382854 0)
(-0.00743764 -0.0230332 0)
(-0.000606157 0.00941336 0)
(0.00515989 0.0832051 0)
(-0.0167283 0.103307 0)
(-0.0298987 0.0623221 0)
(-0.03919 0.0436402 0)
(-0.0444461 0.0285609 0)
(-0.0471013 0.0163159 0)
(-0.0477189 0.00663001 0)
(-0.0468204 -0.000952166 0)
(-0.0449351 -0.00692314 0)
(-0.042384 -0.0112997 0)
(-0.0391849 -0.0143843 0)
(-0.0355882 -0.0164836 0)
(-0.0317451 -0.0178841 0)
(-0.0277595 -0.0188391 0)
(-0.0237939 -0.0195291 0)
(-0.0199249 -0.0201335 0)
(-0.0162719 -0.0207912 0)
(-0.0128604 -0.0215143 0)
(-0.0100231 -0.0221884 0)
(-0.00742862 -0.0223959 0)
(-0.00615564 -0.021328 0)
(-0.00101365 -0.0149266 0)
(0.099839 0.0010239 0)
(0.098788 0.00515296 0)
(0.0974868 0.0102809 0)
(0.0955101 0.0164818 0)
(0.0931215 0.0228913 0)
(0.0898029 0.0293326 0)
(0.0855355 0.0354997 0)
(0.0801884 0.0411306 0)
(0.073773 0.0457515 0)
(0.0662633 0.0487176 0)
(0.057589 0.049147 0)
(0.0476164 0.0458999 0)
(0.0360516 0.0377311 0)
(0.023065 0.0222673 0)
(0.0113123 -0.00476713 0)
(-0.0101616 0.0652598 0)
(-0.0206246 0.0456285 0)
(-0.0279107 0.0293416 0)
(-0.0320227 0.0133074 0)
(-0.0336838 -0.00105627 0)
(-0.0341363 -0.0153198 0)
(-0.0333974 -0.0272855 0)
(-0.0319164 -0.036809 0)
(-0.0297523 -0.0432829 0)
(-0.0267032 -0.0457545 0)
(-0.0225376 -0.0421417 0)
(-0.0159966 -0.0276964 0)
(-0.00873899 0.00486008 0)
(0.00252061 0.082771 0)
(-0.0141767 0.116536 0)
(-0.025692 0.0696277 0)
(-0.0330178 0.0474938 0)
(-0.036521 0.0305584 0)
(-0.0378545 0.0170088 0)
(-0.0375429 0.00637882 0)
(-0.0361346 -0.00192835 0)
(-0.0340583 -0.00833769 0)
(-0.0314848 -0.0130671 0)
(-0.0284971 -0.0164157 0)
(-0.0252702 -0.0186814 0)
(-0.0218939 -0.0201853 0)
(-0.0184294 -0.0211659 0)
(-0.0150961 -0.0217894 0)
(-0.0119346 -0.0222593 0)
(-0.0090653 -0.0227047 0)
(-0.00666657 -0.0231271 0)
(-0.00475157 -0.0234814 0)
(-0.00323272 -0.0233341 0)
(-0.00293187 -0.0222394 0)
(-0.000164443 -0.0185064 0)
(0.0998847 0.00140859 0)
(0.0990181 0.00582694 0)
(0.0977874 0.0112833 0)
(0.0960477 0.017747 0)
(0.0939393 0.0245625 0)
(0.0911029 0.0315192 0)
(0.0874641 0.0382822 0)
(0.0828672 0.0445562 0)
(0.0772466 0.0498545 0)
(0.0704829 0.0535613 0)
(0.0623757 0.0548392 0)
(0.0526608 0.0526066 0)
(0.0408225 0.0456254 0)
(0.0270255 0.0315421 0)
(0.013597 0.00611998 0)
(-0.00987859 0.0741973 0)
(-0.0198282 0.0514425 0)
(-0.0263248 0.0327643 0)
(-0.0299625 0.0150208 0)
(-0.0313445 -0.000378982 0)
(-0.0318513 -0.015251 0)
(-0.0317856 -0.0276552 0)
(-0.0315199 -0.0374468 0)
(-0.0309981 -0.0442639 0)
(-0.0300785 -0.0473481 0)
(-0.0281752 -0.0449397 0)
(-0.0233369 -0.0321041 0)
(-0.0162765 -0.00108752 0)
(-0.00265902 0.0785554 0)
(-0.0126216 0.127567 0)
(-0.0210714 0.0754921 0)
(-0.0264221 0.050191 0)
(-0.0280126 0.0316158 0)
(-0.0279724 0.0169659 0)
(-0.0267414 0.00563522 0)
(-0.0248798 -0.00316517 0)
(-0.02266 -0.0097977 0)
(-0.0200536 -0.0147986 0)
(-0.0173417 -0.0182833 0)
(-0.0145561 -0.0206115 0)
(-0.0116931 -0.0221453 0)
(-0.00893709 -0.0230523 0)
(-0.00634235 -0.02357 0)
(-0.00383143 -0.0239083 0)
(-0.00164239 -0.0241261 0)
(0.000193189 -0.0242817 0)
(0.00139467 -0.0242965 0)
(0.00219456 -0.0237917 0)
(0.00212549 -0.0225704 0)
(0.00406768 -0.0194581 0)
(0.0999139 0.00172249 0)
(0.0991643 0.00644212 0)
(0.0980272 0.0121784 0)
(0.0964988 0.0188602 0)
(0.0946623 0.0260051 0)
(0.0922513 0.0333831 0)
(0.089166 0.0406604 0)
(0.0852278 0.0475264 0)
(0.080318 0.0535106 0)
(0.0742224 0.0580243 0)
(0.0666234 0.060298 0)
(0.0571276 0.0593277 0)
(0.0450104 0.0538926 0)
(0.0303817 0.0416874 0)
(0.0153684 0.0183225 0)
(-0.00952735 0.0830388 0)
(-0.0186711 0.0567564 0)
(-0.024001 0.0356925 0)
(-0.0267759 0.0163913 0)
(-0.0275946 0.000125999 0)
(-0.0278966 -0.0150305 0)
(-0.0282484 -0.0275051 0)
(-0.0289096 -0.0372743 0)
(-0.0298856 -0.0441784 0)
(-0.0308298 -0.0475927 0)
(-0.0311147 -0.0462505 0)
(-0.0288671 -0.0357035 0)
(-0.0226184 -0.00770641 0)
(-0.00788157 0.0707961 0)
(-0.00934654 0.136709 0)
(-0.0157571 0.0799778 0)
(-0.0189787 0.0516291 0)
(-0.0185753 0.0316432 0)
(-0.0171725 0.0162033 0)
(-0.0151042 0.00444645 0)
(-0.0129208 -0.0044809 0)
(-0.0105613 -0.0113384 0)
(-0.00825948 -0.0163418 0)
(-0.0060312 -0.0198339 0)
(-0.00369984 -0.0222136 0)
(-0.00137152 -0.0237173 0)
(0.000859048 -0.0245692 0)
(0.00303805 -0.0250187 0)
(0.00491649 -0.0251967 0)
(0.00645823 -0.0251909 0)
(0.00759448 -0.0250329 0)
(0.00817289 -0.0247055 0)
(0.00836208 -0.0239298 0)
(0.00798111 -0.0227599 0)
(0.00873301 -0.0202637 0)
(0.0999331 0.00198872 0)
(0.099274 0.00700077 0)
(0.0982411 0.0129729 0)
(0.0969124 0.0198446 0)
(0.0953379 0.027225 0)
(0.0932956 0.0349612 0)
(0.0907052 0.0426837 0)
(0.0873601 0.0501047 0)
(0.0831195 0.0567336 0)
(0.077646 0.0621298 0)
(0.0705485 0.0655389 0)
(0.0612992 0.0660613 0)
(0.0489603 0.0625253 0)
(0.0335261 0.0526825 0)
(0.0169639 0.0320368 0)
(-0.00920299 0.0909635 0)
(-0.0169444 0.0612104 0)
(-0.0205038 0.0378517 0)
(-0.0220259 0.0172371 0)
(-0.0219873 0.000302188 0)
(-0.0218778 -0.0148128 0)
(-0.0224217 -0.0270128 0)
(-0.0237877 -0.0364062 0)
(-0.025969 -0.043038 0)
(-0.0287088 -0.0465779 0)
(-0.0312511 -0.0460803 0)
(-0.0317487 -0.0378426 0)
(-0.0275647 -0.0142041 0)
(-0.0133991 0.0599545 0)
(-0.00852557 0.142831 0)
(-0.00932898 0.0825111 0)
(-0.0103675 0.0516132 0)
(-0.00780901 0.0306208 0)
(-0.00513932 0.0147608 0)
(-0.00242597 0.00302355 0)
(-8.36293e-05 -0.00596775 0)
(0.00215706 -0.0127349 0)
(0.00419496 -0.017688 0)
(0.00620176 -0.0211733 0)
(0.00802265 -0.0235285 0)
(0.00976379 -0.0249861 0)
(0.0113781 -0.0257749 0)
(0.0128534 -0.0260884 0)
(0.0140733 -0.026067 0)
(0.0149742 -0.0258226 0)
(0.0154752 -0.0253857 0)
(0.0155061 -0.0247638 0)
(0.0151513 -0.0237636 0)
(0.0144591 -0.0225831 0)
(0.0141664 -0.0204704 0)
(0.0999463 0.00221825 0)
(0.0993678 0.00750172 0)
(0.0984533 0.0136738 0)
(0.0973251 0.0206639 0)
(0.0959794 0.0282805 0)
(0.0942852 0.0362822 0)
(0.0921476 0.044379 0)
(0.0893737 0.0522791 0)
(0.0857229 0.0596076 0)
(0.0808872 0.0658711 0)
(0.0743588 0.070527 0)
(0.0654485 0.0727599 0)
(0.0530316 0.0714709 0)
(0.0368925 0.0645004 0)
(0.0186754 0.0468729 0)
(-0.00843531 0.0988033 0)
(-0.0142079 0.0645952 0)
(-0.0157385 0.0388246 0)
(-0.0152408 0.0172382 0)
(-0.0141169 -1.74193e-05 0)
(-0.0134825 -0.0147304 0)
(-0.014069 -0.0262835 0)
(-0.0159699 -0.035006 0)
(-0.0190591 -0.0410677 0)
(-0.0232515 -0.0443085 0)
(-0.0278389 -0.0442205 0)
(-0.0314529 -0.0381944 0)
(-0.0302996 -0.0196888 0)
(-0.0190572 0.0450006 0)
(-0.00232866 0.146689 0)
(9.68001e-06 0.0834105 0)
(0.000272424 0.0505033 0)
(0.00491585 0.0285686 0)
(0.00853087 0.0128391 0)
(0.011587 0.00132285 0)
(0.0140084 -0.00739381 0)
(0.0160532 -0.0140191 0)
(0.0176874 -0.0188434 0)
(0.0190724 -0.0222052 0)
(0.0202526 -0.0244592 0)
(0.0213218 -0.0258357 0)
(0.0222583 -0.0265324 0)
(0.0230399 -0.026725 0)
(0.0236046 -0.0265337 0)
(0.0238797 -0.026077 0)
(0.0237966 -0.0253836 0)
(0.0233232 -0.0245064 0)
(0.0224698 -0.0233158 0)
(0.021467 -0.0220895 0)
(0.0203015 -0.0202195 0)
(0.0999564 0.00241468 0)
(0.0994559 0.00793974 0)
(0.0986786 0.0142687 0)
(0.0977337 0.0213753 0)
(0.0966137 0.0291438 0)
(0.0952564 0.0373589 0)
(0.0935469 0.0457677 0)
(0.0912987 0.0541139 0)
(0.0882707 0.0620569 0)
(0.0840675 0.0692537 0)
(0.0782202 0.0751821 0)
(0.0698412 0.0793326 0)
(0.0576022 0.0806499 0)
(0.0408978 0.0772138 0)
(0.0205981 0.0641049 0)
(-0.00796245 0.104344 0)
(-0.00962887 0.0661533 0)
(-0.00826663 0.0384944 0)
(-0.005766 0.0162541 0)
(-0.00357565 -0.000819736 0)
(-0.00272134 -0.0147655 0)
(-0.00347108 -0.0254849 0)
(-0.00547159 -0.0332777 0)
(-0.00916771 -0.0384121 0)
(-0.014363 -0.041039 0)
(-0.0204983 -0.040834 0)
(-0.0267445 -0.0362739 0)
(-0.0296932 -0.0230362 0)
(-0.0235936 0.0299838 0)
(-0.000391231 0.14395 0)
(0.00745221 0.0816059 0)
(0.0131271 0.0474909 0)
(0.018709 0.0258077 0)
(0.023682 0.0103915 0)
(0.0270318 -0.000392788 0)
(0.0292954 -0.00878707 0)
(0.0308421 -0.0150442 0)
(0.0318369 -0.0196119 0)
(0.0324887 -0.022799 0)
(0.0329225 -0.0249539 0)
(0.0332526 -0.0262504 0)
(0.0334716 -0.0268613 0)
(0.0335567 -0.0269425 0)
(0.0334684 -0.026609 0)
(0.0331407 -0.0259601 0)
(0.0325025 -0.0250511 0)
(0.0315595 -0.0239549 0)
(0.0302421 -0.0226019 0)
(0.0289361 -0.0213109 0)
(0.0270352 -0.0196003 0)
(0.0999654 0.00258355 0)
(0.0995494 0.0083109 0)
(0.0989117 0.0147495 0)
(0.0981434 0.0219642 0)
(0.097261 0.0298336 0)
(0.096227 0.0382035 0)
(0.0949305 0.0468625 0)
(0.0931994 0.0555906 0)
(0.0907919 0.0641189 0)
(0.0873374 0.0721655 0)
(0.0822437 0.0794403 0)
(0.0747731 0.0855372 0)
(0.0631422 0.0898245 0)
(0.0465104 0.0905387 0)
(0.0236527 0.0811244 0)
(-0.00495963 0.109483 0)
(-0.00368178 0.065411 0)
(0.00269044 0.0361615 0)
(0.00707747 0.0142982 0)
(0.010015 -0.00198511 0)
(0.0109132 -0.0147721 0)
(0.00990968 -0.0244711 0)
(0.00714224 -0.0313056 0)
(0.00294301 -0.0355431 0)
(-0.00230503 -0.0372187 0)
(-0.00919796 -0.0363042 0)
(-0.0169414 -0.0321621 0)
(-0.0236527 -0.0225658 0)
(-0.024504 0.0119893 0)
(0.00656985 0.14232 0)
(0.0209628 0.0783584 0)
(0.0277803 0.0431883 0)
(0.0363899 0.0220173 0)
(0.0413217 0.00757727 0)
(0.0441225 -0.00206295 0)
(0.0457353 -0.00982576 0)
(0.0464045 -0.0156218 0)
(0.0465251 -0.019893 0)
(0.046325 -0.0229051 0)
(0.0459288 -0.0249638 0)
(0.0454672 -0.0262019 0)
(0.0449524 -0.0267413 0)
(0.0443413 -0.0267419 0)
(0.0436087 -0.0262915 0)
(0.0426992 -0.0254925 0)
(0.0415359 -0.0244053 0)
(0.0401506 -0.0231275 0)
(0.0383999 -0.0216379 0)
(0.0368026 -0.0202765 0)
(0.0342714 -0.0186745 0)
(0.0999732 0.00271474 0)
(0.0996476 0.00861208 0)
(0.0991476 0.0151453 0)
(0.0985616 0.0224143 0)
(0.0979261 0.030347 0)
(0.0972081 0.0388213 0)
(0.0963169 0.0476684 0)
(0.0951027 0.0567077 0)
(0.0933464 0.0657363 0)
(0.0907029 0.0745783 0)
(0.0866477 0.0830663 0)
(0.0802908 0.0912179 0)
(0.070059 0.0986871 0)
(0.0540248 0.105093 0)
(0.0272157 0.1078 0)
(-0.00192377 0.109256 0)
(0.00762393 0.0612534 0)
(0.0176502 0.0318058 0)
(0.0236194 0.0114674 0)
(0.0267203 -0.00321106 0)
(0.0271741 -0.0146759 0)
(0.0255836 -0.0231308 0)
(0.022367 -0.0289368 0)
(0.0177666 -0.0323542 0)
(0.0119731 -0.0332884 0)
(0.00501981 -0.0315903 0)
(-0.00269518 -0.0268942 0)
(-0.0106719 -0.0187044 0)
(-0.0166035 -0.0020289 0)
(0.0146799 0.121808 0)
(0.0389278 0.0693138 0)
(0.0491145 0.0373186 0)
(0.0573361 0.0175551 0)
(0.0608344 0.00565198 0)
(0.0625847 -0.00328923 0)
(0.0628984 -0.0102432 0)
(0.0624222 -0.0155732 0)
(0.061472 -0.0196219 0)
(0.0603629 -0.0224368 0)
(0.0591094 -0.0244524 0)
(0.0578502 -0.0256616 0)
(0.0565878 -0.0261795 0)
(0.0553046 -0.0261271 0)
(0.0539525 -0.0255997 0)
(0.0524902 -0.0246886 0)
(0.050832 -0.0234638 0)
(0.0490319 -0.022041 0)
(0.0468775 -0.0204397 0)
(0.0450044 -0.0190107 0)
(0.0419239 -0.017487 0)
(0.0999794 0.00281764 0)
(0.0997431 0.00883449 0)
(0.0993874 0.0154375 0)
(0.0989939 0.0227297 0)
(0.0986062 0.0306851 0)
(0.0982013 0.039215 0)
(0.0977123 0.0481859 0)
(0.0970189 0.0574542 0)
(0.0959447 0.0668746 0)
(0.0942058 0.0763619 0)
(0.0913865 0.085907 0)
(0.0867686 0.0957912 0)
(0.0787735 0.106368 0)
(0.0663688 0.119185 0)
(0.038213 0.124347 0)
(0.00660505 0.10917 0)
(0.0285266 0.0530933 0)
(0.0393149 0.0263633 0)
(0.045031 0.00845366 0)
(0.0465743 -0.00408011 0)
(0.0457318 -0.0140384 0)
(0.0430076 -0.0214192 0)
(0.0391818 -0.0263227 0)
(0.0343255 -0.0290218 0)
(0.0287394 -0.0292791 0)
(0.0224452 -0.0269616 0)
(0.0153138 -0.0217211 0)
(0.008165 -0.0129573 0)
(-0.00102021 -0.00815869 0)
(0.0216893 0.116063 0)
(0.056009 0.0613984 0)
(0.0749164 0.0297383 0)
(0.0795804 0.0149199 0)
(0.0813766 0.00403838 0)
(0.081223 -0.0033381 0)
(0.0800535 -0.00978814 0)
(0.0783326 -0.0147884 0)
(0.0763338 -0.0186465 0)
(0.0742741 -0.0214617 0)
(0.0722282 -0.0234336 0)
(0.0702144 -0.0246517 0)
(0.0682574 -0.0251798 0)
(0.0663405 -0.0251189 0)
(0.0644118 -0.0245521 0)
(0.0624364 -0.0235688 0)
(0.0603206 -0.0222459 0)
(0.0581366 -0.0207128 0)
(0.0556104 -0.0190241 0)
(0.0534801 -0.0175352 0)
(0.0499163 -0.0160725 0)
(0.0999856 0.00288883 0)
(0.0998363 0.00898655 0)
(0.0996297 0.0156193 0)
(0.0994353 0.0229058 0)
(0.0992955 0.030848 0)
(0.0992015 0.0393857 0)
(0.0991109 0.0484145 0)
(0.0989391 0.0578203 0)
(0.0985656 0.0675011 0)
(0.0977904 0.0774378 0)
(0.0963655 0.0877405 0)
(0.0937552 0.0990047 0)
(0.0889267 0.112302 0)
(0.0810181 0.1354 0)
(0.0490335 0.185623 0)
(0.0401479 0.0681959 0)
(0.0582175 0.0379619 0)
(0.0690583 0.0202833 0)
(0.0704262 0.00694882 0)
(0.0688774 -0.0037692 0)
(0.0657409 -0.0124108 0)
(0.0615281 -0.0189913 0)
(0.0567944 -0.0234425 0)
(0.051708 -0.025746 0)
(0.0464607 -0.0257418 0)
(0.0412202 -0.0231775 0)
(0.0362174 -0.0176549 0)
(0.0310452 -0.00729755 0)
(0.0306129 0.0103103 0)
(0.0587421 0.0596013 0)
(0.0897882 0.0408416 0)
(0.10016 0.0239582 0)
(0.100943 0.0136991 0)
(0.100472 0.00446059 0)
(0.0984882 -0.00254743 0)
(0.0961411 -0.00850892 0)
(0.0934199 -0.0133245 0)
(0.0905848 -0.0171184 0)
(0.0877613 -0.0199388 0)
(0.0850213 -0.0219504 0)
(0.0823638 -0.0232138 0)
(0.0798042 -0.023787 0)
(0.077328 -0.0237509 0)
(0.0748868 -0.0231799 0)
(0.0724527 -0.0221605 0)
(0.0699262 -0.0207752 0)
(0.0673963 -0.0191634 0)
(0.0645343 -0.0174095 0)
(0.0621696 -0.0158704 0)
(0.0581805 -0.0144599 0)
(0.0999916 0.00292955 0)
(0.0999289 0.00906291 0)
(0.0998726 0.0156921 0)
(0.0998783 0.0229421 0)
(0.0999851 0.0308365 0)
(0.100198 0.039336 0)
(0.100498 0.0483564 0)
(0.100841 0.0578027 0)
(0.101169 0.067596 0)
(0.101383 0.0777421 0)
(0.101467 0.0883869 0)
(0.101219 0.100177 0)
(0.101692 0.114292 0)
(0.100872 0.138389 0)
(0.136914 0.174923 0)
(0.158043 0.0813196 0)
(0.117106 0.0391223 0)
(0.106527 0.0215279 0)
(0.0984709 0.00899532 0)
(0.092035 -0.00106579 0)
(0.0860125 -0.009374 0)
(0.0801575 -0.0157645 0)
(0.0745031 -0.0201456 0)
(0.0691118 -0.0224854 0)
(0.0641375 -0.0226475 0)
(0.0598236 -0.0204476 0)
(0.0567554 -0.0154866 0)
(0.0548277 -0.00606386 0)
(0.0603604 0.0113369 0)
(0.0800476 0.0304103 0)
(0.105642 0.0301532 0)
(0.1137 0.021614 0)
(0.115306 0.0131538 0)
(0.11501 0.00564103 0)
(0.112944 -0.00100183 0)
(0.110176 -0.00671304 0)
(0.107042 -0.0114134 0)
(0.10376 -0.0151747 0)
(0.100463 -0.018034 0)
(0.0972377 -0.0201001 0)
(0.0940998 -0.0214268 0)
(0.0910686 -0.0220634 0)
(0.0881387 -0.0220745 0)
(0.0852713 -0.0215257 0)
(0.0824491 -0.0204995 0)
(0.0795706 -0.0190814 0)
(0.0767412 -0.0174174 0)
(0.0735852 -0.0156174 0)
(0.0710136 -0.0140371 0)
(0.0666545 -0.0126751 0)
(0.0999973 0.00294025 0)
(0.10002 0.00906474 0)
(0.100113 0.0156554 0)
(0.100316 0.0228393 0)
(0.100665 0.0306534 0)
(0.101176 0.0390707 0)
(0.101854 0.048019 0)
(0.102691 0.0574105 0)
(0.103687 0.0671685 0)
(0.104835 0.0772803 0)
(0.106295 0.0878361 0)
(0.108087 0.0992237 0)
(0.112085 0.112017 0)
(0.116628 0.12826 0)
(0.150207 0.145065 0)
(0.176453 0.0903677 0)
(0.150361 0.0537017 0)
(0.134931 0.0307755 0)
(0.122526 0.0153605 0)
(0.113062 0.00392626 0)
(0.105015 -0.00500292 0)
(0.0979054 -0.0117685 0)
(0.0915234 -0.0164829 0)
(0.0858489 -0.0191887 0)
(0.0809888 -0.0198452 0)
(0.0771692 -0.0183862 0)
(0.0748918 -0.0145553 0)
(0.0743856 -0.00756604 0)
(0.0788217 0.00441813 0)
(0.0931139 0.0202666 0)
(0.111691 0.0222975 0)
(0.120396 0.018032 0)
(0.12419 0.012378 0)
(0.125089 0.00577555 0)
(0.124123 0.000376557 0)
(0.121833 -0.00492678 0)
(0.118858 -0.00939951 0)
(0.115558 -0.013065 0)
(0.112118 -0.0159177 0)
(0.108662 -0.0180154 0)
(0.105244 -0.0193949 0)
(0.101901 -0.0200924 0)
(0.0986476 -0.0201572 0)
(0.0954595 -0.0196443 0)
(0.092335 -0.0186301 0)
(0.0891745 -0.0172005 0)
(0.086101 -0.0155042 0)
(0.0827001 -0.0136728 0)
(0.0799546 -0.012058 0)
(0.0752811 -0.0107429 0)
(0.100003 0.00292161 0)
(0.100108 0.00899336 0)
(0.100346 0.0155115 0)
(0.10074 0.0226008 0)
(0.101324 0.0303037 0)
(0.102121 0.0385982 0)
(0.103157 0.0474159 0)
(0.104455 0.0566662 0)
(0.106067 0.0662595 0)
(0.108053 0.0761398 0)
(0.110684 0.0863054 0)
(0.114123 0.0968366 0)
(0.120286 0.107793 0)
(0.128253 0.118013 0)
(0.154416 0.124574 0)
(0.175074 0.0908778 0)
(0.164457 0.0627524 0)
(0.15255 0.0395148 0)
(0.14061 0.0225826 0)
(0.130528 0.00988975 0)
(0.121727 0.000105563 0)
(0.114032 -0.00729355 0)
(0.107272 -0.012563 0)
(0.101438 -0.0158333 0)
(0.0966107 -0.0171522 0)
(0.0929818 -0.0165415 0)
(0.0908689 -0.0138359 0)
(0.0906627 -0.00861239 0)
(0.093632 -0.000221177 0)
(0.103555 0.0113831 0)
(0.116937 0.0148174 0)
(0.125364 0.013709 0)
(0.130418 0.0102927 0)
(0.132478 0.0054553 0)
(0.132514 0.000990807 0)
(0.131271 -0.00351141 0)
(0.128856 -0.00756746 0)
(0.125878 -0.0110159 0)
(0.122591 -0.0137741 0)
(0.119154 -0.0158435 0)
(0.115661 -0.0172367 0)
(0.112179 -0.0179707 0)
(0.108744 -0.0180776 0)
(0.105353 -0.0175999 0)
(0.102023 -0.0166046 0)
(0.0986609 -0.0151752 0)
(0.0954076 -0.0134585 0)
(0.0918176 -0.0116044 0)
(0.0889368 -0.00995809 0)
(0.0840074 -0.00868867 0)
(0.100008 0.00287478 0)
(0.100193 0.00885138 0)
(0.100569 0.0152645 0)
(0.101145 0.0222321 0)
(0.101951 0.0297953 0)
(0.103017 0.0379304 0)
(0.104386 0.0465658 0)
(0.106106 0.055601 0)
(0.108264 0.0649239 0)
(0.110968 0.0744243 0)
(0.114537 0.0839992 0)
(0.1192 0.0934623 0)
(0.126576 0.102507 0)
(0.136119 0.108907 0)
(0.155592 0.111295 0)
(0.171934 0.0878508 0)
(0.169362 0.0668998 0)
(0.1626 0.0459165 0)
(0.153192 0.0290322 0)
(0.144161 0.0157556 0)
(0.135719 0.00532013 0)
(0.128128 -0.00269506 0)
(0.121397 -0.00856568 0)
(0.115596 -0.012464 0)
(0.110819 -0.014493 0)
(0.107234 -0.0147232 0)
(0.105028 -0.0130618 0)
(0.104628 -0.00923625 0)
(0.106449 -0.00329617 0)
(0.113212 0.00511419 0)
(0.122861 0.00893942 0)
(0.130246 0.00951503 0)
(0.135541 0.00779725 0)
(0.138351 0.00455492 0)
(0.139222 0.000921761 0)
(0.138867 -0.00261261 0)
(0.137262 -0.00610577 0)
(0.134796 -0.00919631 0)
(0.131873 -0.0117577 0)
(0.128658 -0.0137195 0)
(0.125274 -0.0150678 0)
(0.121814 -0.0157967 0)
(0.11834 -0.0159186 0)
(0.114867 -0.015462 0)
(0.111436 -0.0144809 0)
(0.107958 -0.0130528 0)
(0.104596 -0.0113193 0)
(0.100879 -0.00944493 0)
(0.0979067 -0.00776536 0)
(0.0927838 -0.00653877 0)
(0.100013 0.00280132 0)
(0.100272 0.00864262 0)
(0.100777 0.0149202 0)
(0.101523 0.0217409 0)
(0.102536 0.0291384 0)
(0.103851 0.0370818 0)
(0.105524 0.0454911 0)
(0.107621 0.0542513 0)
(0.110252 0.0632242 0)
(0.11355 0.0722466 0)
(0.117829 0.0811264 0)
(0.123324 0.0894935 0)
(0.131235 0.0968176 0)
(0.140935 0.101042 0)
(0.156394 0.100693 0)
(0.169351 0.0841789 0)
(0.170705 0.06791 0)
(0.168113 0.0498894 0)
(0.16163 0.0340426 0)
(0.154423 0.0208601 0)
(0.147058 0.0101468 0)
(0.140109 0.00170008 0)
(0.133769 -0.00468468 0)
(0.128214 -0.00916654 0)
(0.123575 -0.0118644 0)
(0.120017 -0.0128651 0)
(0.117666 -0.012131 0)
(0.116938 -0.00947397 0)
(0.117925 -0.00528112 0)
(0.122412 0.000796974 0)
(0.129347 0.00440254 0)
(0.135444 0.00577682 0)
(0.140375 0.0052064 0)
(0.143501 0.00319196 0)
(0.144961 0.000605441 0)
(0.145174 -0.00235578 0)
(0.144367 -0.00503577 0)
(0.142509 -0.00768812 0)
(0.140053 -0.00996967 0)
(0.137196 -0.0117476 0)
(0.134062 -0.012987 0)
(0.130761 -0.0136604 0)
(0.127375 -0.0137609 0)
(0.123937 -0.0133003 0)
(0.120505 -0.0123187 0)
(0.117001 -0.0108844 0)
(0.113605 -0.00912966 0)
(0.109829 -0.00723054 0)
(0.106814 -0.00551044 0)
(0.101564 -0.00432113 0)
(0.100017 0.00270327 0)
(0.100344 0.00837199 0)
(0.100968 0.0144859 0)
(0.10187 0.0211364 0)
(0.103072 0.0283449 0)
(0.104614 0.0360684 0)
(0.106559 0.0442155 0)
(0.108988 0.0526548 0)
(0.112019 0.061223 0)
(0.115794 0.0697148 0)
(0.120592 0.0778668 0)
(0.126608 0.0852061 0)
(0.134583 0.0912363 0)
(0.144178 0.0938505 0)
(0.15692 0.0923765 0)
(0.1676 0.0801223 0)
(0.170959 0.0671854 0)
(0.171138 0.0518731 0)
(0.167265 0.0375297 0)
(0.162043 0.0249236 0)
(0.156086 0.0142922 0)
(0.150112 0.00565438 0)
(0.144432 -0.00108666 0)
(0.139311 -0.00604085 0)
(0.134926 -0.00931186 0)
(0.131453 -0.0109808 0)
(0.129004 -0.011049 0)
(0.127969 -0.00938573 0)
(0.128359 -0.00648119 0)
(0.131181 -0.00216402 0)
(0.136133 0.000967527 0)
(0.14097 0.00263265 0)
(0.145266 0.00277615 0)
(0.148339 0.00168372 0)
(0.150134 -9.2469e-05 0)
(0.150749 -0.00231755 0)
(0.150452 -0.0044152 0)
(0.149246 -0.00653431 0)
(0.147273 -0.00846305 0)
(0.144844 -0.00999567 0)
(0.142051 -0.0110684 0)
(0.139013 -0.0116366 0)
(0.135819 -0.0116751 0)
(0.132518 -0.0111803 0)
(0.129179 -0.0101767 0)
(0.125736 -0.00872137 0)
(0.122381 -0.00693418 0)
(0.118617 -0.00499995 0)
(0.11561 -0.00322659 0)
(0.110304 -0.00206516 0)
(0.100021 0.00258302 0)
(0.100408 0.00804536 0)
(0.101138 0.0139702 0)
(0.102179 0.0204293 0)
(0.103551 0.0274279 0)
(0.105297 0.0349074 0)
(0.107484 0.0427628 0)
(0.110202 0.0508467 0)
(0.113571 0.058975 0)
(0.117721 0.0669036 0)
(0.122881 0.0743475 0)
(0.129165 0.0808372 0)
(0.137151 0.0856956 0)
(0.146354 0.0874219 0)
(0.157279 0.0854685 0)
(0.16649 0.0760432 0)
(0.170925 0.0653436 0)
(0.172823 0.0525147 0)
(0.171149 0.0396752 0)
(0.167732 0.0279154 0)
(0.163247 0.0176327 0)
(0.158397 0.00902897 0)
(0.15354 0.00210865 0)
(0.148996 -0.00317675 0)
(0.144974 -0.00689822 0)
(0.141672 -0.00911885 0)
(0.139214 -0.00986454 0)
(0.137927 -0.00907542 0)
(0.137898 -0.00707281 0)
(0.139538 -0.00414685 0)
(0.142997 -0.0015802 0)
(0.146721 9.03283e-05 0)
(0.150295 0.000633008 0)
(0.153102 0.000180837 0)
(0.154975 -0.000927569 0)
(0.155855 -0.00249564 0)
(0.155878 -0.00416413 0)
(0.155211 -0.00568368 0)
(0.153703 -0.00724181 0)
(0.151712 -0.00849472 0)
(0.149303 -0.00935812 0)
(0.146591 -0.00977971 0)
(0.143668 -0.00971909 0)
(0.140586 -0.00915893 0)
(0.137424 -0.00810875 0)
(0.134121 -0.00661346 0)
(0.13088 -0.00477794 0)
(0.127198 -0.00279318 0)
(0.124252 -0.000948696 0)
(0.118965 0.000198513 0)
(0.100024 0.00244335 0)
(0.100463 0.00766937 0)
(0.101285 0.0133827 0)
(0.102448 0.0196312 0)
(0.10397 0.0264011 0)
(0.105895 0.0336157 0)
(0.108297 0.0411559 0)
(0.111265 0.0488598 0)
(0.114912 0.0565262 0)
(0.119343 0.0639208 0)
(0.124756 0.0707021 0)
(0.131246 0.0763629 0)
(0.1391 0.0803784 0)
(0.147866 0.0815226 0)
(0.157564 0.079459 0)
(0.16584 0.0720547 0)
(0.170924 0.0628951 0)
(0.173844 0.0520281 0)
(0.173954 0.0406699 0)
(0.172062 0.0299224 0)
(0.168965 0.0201566 0)
(0.165266 0.0117658 0)
(0.161303 0.0048307 0)
(0.157421 -0.000641663 0)
(0.153852 -0.00468391 0)
(0.150806 -0.0073363 0)
(0.148427 -0.00863155 0)
(0.146975 -0.00854629 0)
(0.146609 -0.00734137 0)
(0.147501 -0.00537836 0)
(0.149796 -0.00341261 0)
(0.152582 -0.00189771 0)
(0.155445 -0.00117141 0)
(0.157874 -0.00120488 0)
(0.159652 -0.0018091 0)
(0.160664 -0.0028485 0)
(0.160912 -0.0040498 0)
(0.160565 -0.00514312 0)
(0.1595 -0.00629466 0)
(0.157914 -0.00724867 0)
(0.155896 -0.00787753 0)
(0.153542 -0.00812351 0)
(0.150937 -0.00793448 0)
(0.148134 -0.00728203 0)
(0.145215 -0.00616186 0)
(0.142123 -0.00460641 0)
(0.139063 -0.00270432 0)
(0.135533 -0.000650404 0)
(0.132703 0.00128722 0)
(0.127509 0.00243811 0)
(0.100026 0.00228737 0)
(0.100509 0.00725138 0)
(0.101407 0.0127339 0)
(0.102673 0.0187544 0)
(0.104325 0.0252777 0)
(0.106409 0.0322066 0)
(0.109 0.0394107 0)
(0.112184 0.0467185 0)
(0.116059 0.0539321 0)
(0.120738 0.0607652 0)
(0.12635 0.0669133 0)
(0.132934 0.0719097 0)
(0.140621 0.0752556 0)
(0.148995 0.0760358 0)
(0.157848 0.0740306 0)
(0.165594 0.0679972 0)
(0.170998 0.0602525 0)
(0.174668 0.050626 0)
(0.175993 0.0408762 0)
(0.175474 0.0310531 0)
(0.173608 0.0219078 0)
(0.171008 0.0138621 0)
(0.167945 0.00705045 0)
(0.164764 0.00152294 0)
(0.161704 -0.00271598 0)
(0.15898 -0.00568365 0)
(0.156753 -0.00740806 0)
(0.15524 -0.00789341 0)
(0.154627 -0.0073293 0)
(0.155007 -0.00610852 0)
(0.156435 -0.00467733 0)
(0.15845 -0.00339947 0)
(0.160661 -0.00263104 0)
(0.162672 -0.00241118 0)
(0.164254 -0.00265275 0)
(0.165272 -0.00326703 0)
(0.165651 -0.0040791 0)
(0.165509 -0.00479919 0)
(0.164797 -0.0055855 0)
(0.163564 -0.00624207 0)
(0.161917 -0.00662839 0)
(0.159921 -0.00668359 0)
(0.157658 -0.00634738 0)
(0.155172 -0.00558305 0)
(0.152546 -0.004374 0)
(0.149721 -0.00274033 0)
(0.146902 -0.000753949 0)
(0.143589 0.00138913 0)
(0.140926 0.0034451 0)
(0.135902 0.0046216 0)
(0.100027 0.00211855 0)
(0.100543 0.00679916 0)
(0.101502 0.0120344 0)
(0.102851 0.0178104 0)
(0.104613 0.0240701 0)
(0.106835 0.0306993 0)
(0.109596 0.0375531 0)
(0.112973 0.0444545 0)
(0.117062 0.0511876 0)
(0.121941 0.0574981 0)
(0.127697 0.0630711 0)
(0.13433 0.0674821 0)
(0.141862 0.0703065 0)
(0.149918 0.0708544 0)
(0.158201 0.0689794 0)
(0.165609 0.063962 0)
(0.171293 0.0572462 0)
(0.175409 0.0488985 0)
(0.177585 0.0402161 0)
(0.178239 0.0315028 0)
(0.177496 0.0229506 0)
(0.175888 0.0153506 0)
(0.173682 0.00877124 0)
(0.1712 0.00329975 0)
(0.168675 -0.00102472 0)
(0.166319 -0.00419931 0)
(0.1643 -0.00624137 0)
(0.162811 -0.00717188 0)
(0.162036 -0.00713495 0)
(0.162075 -0.00645869 0)
(0.162845 -0.00551171 0)
(0.164241 -0.00449402 0)
(0.165882 -0.00376748 0)
(0.167478 -0.00341245 0)
(0.168813 -0.00340669 0)
(0.169748 -0.0036977 0)
(0.170176 -0.0041776 0)
(0.170148 -0.00460481 0)
(0.169707 -0.00506467 0)
(0.168764 -0.00544471 0)
(0.167446 -0.00559714 0)
(0.165791 -0.00546031 0)
(0.16387 -0.00496969 0)
(0.161719 -0.00408318 0)
(0.159418 -0.0027734 0)
(0.156903 -0.00104821 0)
(0.154375 0.00103697 0)
(0.151341 0.00328832 0)
(0.148893 0.00548978 0)
(0.144114 0.00671732 0)
(0.100027 0.00194081 0)
(0.100566 0.00632142 0)
(0.101568 0.0112965 0)
(0.10298 0.0168128 0)
(0.104835 0.0227921 0)
(0.107183 0.0290971 0)
(0.1101 0.0355806 0)
(0.113659 0.0420607 0)
(0.117937 0.0483295 0)
(0.122988 0.0541318 0)
(0.128863 0.0591755 0)
(0.135528 0.0630838 0)
(0.142936 0.065495 0)
(0.150751 0.0658909 0)
(0.158653 0.0641703 0)
(0.165849 0.0599189 0)
(0.171729 0.054077 0)
(0.176199 0.046835 0)
(0.179066 0.0390053 0)
(0.180543 0.0312089 0)
(0.180834 0.0234297 0)
(0.180125 0.016268 0)
(0.178704 0.0100146 0)
(0.176893 0.0046905 0)
(0.174906 0.000375367 0)
(0.172942 -0.0029093 0)
(0.171171 -0.00516835 0)
(0.169766 -0.00643227 0)
(0.168901 -0.00682093 0)
(0.168684 -0.00656104 0)
(0.169025 -0.00599098 0)
(0.1699 -0.00524807 0)
(0.171058 -0.00461336 0)
(0.172263 -0.00420413 0)
(0.17333 -0.00403989 0)
(0.174125 -0.00409442 0)
(0.174541 -0.00429911 0)
(0.174572 -0.00450064 0)
(0.1743 -0.00469782 0)
(0.173594 -0.00482293 0)
(0.172555 -0.00476103 0)
(0.171209 -0.00444299 0)
(0.169616 -0.00380167 0)
(0.167801 -0.00279265 0)
(0.16584 -0.00137873 0)
(0.163666 0.000444536 0)
(0.161467 0.00263724 0)
(0.158765 0.00501286 0)
(0.156579 0.00738771 0)
(0.152116 0.00869452 0)
(0.100025 0.0017587 0)
(0.100574 0.00582677 0)
(0.101602 0.0105307 0)
(0.103059 0.0157701 0)
(0.104995 0.0214485 0)
(0.107457 0.0274118 0)
(0.110524 0.0335092 0)
(0.114255 0.0395602 0)
(0.118711 0.0453633 0)
(0.123922 0.0506791 0)
(0.129907 0.0552372 0)
(0.136604 0.0587074 0)
(0.143926 0.0607847 0)
(0.151568 0.0610785 0)
(0.159221 0.0595166 0)
(0.166292 0.0558639 0)
(0.172311 0.0507593 0)
(0.177118 0.0444031 0)
(0.180507 0.0375161 0)
(0.182692 0.0304021 0)
(0.183753 0.0232051 0)
(0.183838 0.0167739 0)
(0.183187 0.0108035 0)
(0.181993 0.00570901 0)
(0.180524 0.00148348 0)
(0.178958 -0.0018274 0)
(0.177456 -0.00421374 0)
(0.176178 -0.00571134 0)
(0.175283 -0.00641485 0)
(0.17488 -0.0064952 0)
(0.174931 -0.0062221 0)
(0.175391 -0.0057212 0)
(0.176144 -0.00520404 0)
(0.176993 -0.0047938 0)
(0.17779 -0.00453749 0)
(0.178415 -0.00442732 0)
(0.17877 -0.00442774 0)
(0.178822 -0.00443669 0)
(0.178639 -0.00443371 0)
(0.17811 -0.00434253 0)
(0.177299 -0.0040935 0)
(0.176225 -0.00361421 0)
(0.174934 -0.00283493 0)
(0.173443 -0.00171251 0)
(0.171826 -0.000199921 0)
(0.17001 0.00172 0)
(0.168168 0.00402098 0)
(0.165847 0.00653178 0)
(0.163962 0.00910768 0)
(0.159885 0.0105239 0)
(0.100021 0.0015775 0)
(0.100565 0.00532497 0)
(0.101601 0.00974958 0)
(0.103086 0.0146931 0)
(0.105092 0.020048 0)
(0.107666 0.025645 0)
(0.110882 0.0313376 0)
(0.114785 0.0369505 0)
(0.119415 0.0422935 0)
(0.124783 0.0471434 0)
(0.130877 0.051254 0)
(0.137619 0.054339 0)
(0.144892 0.0561413 0)
(0.152425 0.0563647 0)
(0.159926 0.0549564 0)
(0.166937 0.051787 0)
(0.173073 0.0473014 0)
(0.178148 0.041733 0)
(0.182009 0.0355858 0)
(0.184784 0.0292002 0)
(0.186452 0.0227374 0)
(0.18717 0.0166096 0)
(0.187212 0.0112548 0)
(0.186636 0.00636815 0)
(0.185645 0.00230803 0)
(0.184466 -0.000956557 0)
(0.18324 -0.00339131 0)
(0.182111 -0.00503607 0)
(0.181233 -0.00596543 0)
(0.180709 -0.0063072 0)
(0.180545 -0.0062593 0)
(0.180689 -0.00597267 0)
(0.1811 -0.00557416 0)
(0.181635 -0.005196 0)
(0.182174 -0.0048957 0)
(0.182614 -0.00467679 0)
(0.182871 -0.00453018 0)
(0.18291 -0.00439162 0)
(0.182766 -0.00423337 0)
(0.182356 -0.00396976 0)
(0.181723 -0.00356659 0)
(0.18088 -0.00295255 0)
(0.179859 -0.0020549 0)
(0.178672 -0.000836686 0)
(0.177391 0.000760675 0)
(0.175937 0.00276722 0)
(0.174471 0.00516746 0)
(0.172574 0.00781759 0)
(0.171025 0.0106213 0)
(0.167398 0.0121775 0)
(0.100013 0.00140419 0)
(0.100535 0.0048256 0)
(0.101562 0.00896411 0)
(0.103057 0.013588 0)
(0.105132 0.0185921 0)
(0.10782 0.0237961 0)
(0.111192 0.029065 0)
(0.115271 0.034232 0)
(0.12008 0.03912 0)
(0.125607 0.0435235 0)
(0.131818 0.0472199 0)
(0.138621 0.0499621 0)
(0.145882 0.051534 0)
(0.153357 0.0517079 0)
(0.160776 0.0504455 0)
(0.167774 0.0476863 0)
(0.174012 0.0437624 0)
(0.179333 0.038848 0)
(0.18359 0.0333783 0)
(0.186841 0.0276404 0)
(0.189066 0.0218076 0)
(0.190331 0.016282 0)
(0.190888 0.0111395 0)
(0.19088 0.00676527 0)
(0.190375 0.0028563 0)
(0.189555 -0.000292537 0)
(0.188598 -0.00270502 0)
(0.187628 -0.00442219 0)
(0.186795 -0.00549941 0)
(0.186197 -0.00602984 0)
(0.185865 -0.00616954 0)
(0.185784 -0.00602892 0)
(0.185901 -0.005762 0)
(0.18616 -0.00542888 0)
(0.186457 -0.0051165 0)
(0.186708 -0.00483364 0)
(0.186845 -0.00458172 0)
(0.186843 -0.0043483 0)
(0.186695 -0.00406402 0)
(0.186357 -0.00367369 0)
(0.185858 -0.00315273 0)
(0.185205 -0.00243473 0)
(0.184419 -0.00144282 0)
(0.183505 -0.00015385 0)
(0.182545 0.00150705 0)
(0.18145 0.00358125 0)
(0.18037 0.00606035 0)
(0.178933 0.0088462 0)
(0.177748 0.0119035 0)
(0.174635 0.0136287 0)
(0.100001 0.00124723 0)
(0.100478 0.00434035 0)
(0.101476 0.0081855 0)
(0.102971 0.0124587 0)
(0.105121 0.0170786 0)
(0.107934 0.0218596 0)
(0.111476 0.0266859 0)
(0.115741 0.0314003 0)
(0.120735 0.0358394 0)
(0.126426 0.0398147 0)
(0.132764 0.0431259 0)
(0.139646 0.0455604 0)
(0.14693 0.0469365 0)
(0.154392 0.0470798 0)
(0.161787 0.0459542 0)
(0.168799 0.0435304 0)
(0.175146 0.0400994 0)
(0.180698 0.0357723 0)
(0.185287 0.0309201 0)
(0.188937 0.0257927 0)
(0.191622 0.0205671 0)
(0.193397 0.015548 0)
(0.194405 0.0109062 0)
(0.194809 0.00669048 0)
(0.194754 0.00320881 0)
(0.194306 0.000167972 0)
(0.193597 -0.00215228 0)
(0.192781 -0.00387676 0)
(0.192008 -0.00503611 0)
(0.19137 -0.00569204 0)
(0.19091 -0.00596673 0)
(0.19064 -0.0059589 0)
(0.190532 -0.00577221 0)
(0.190544 -0.00551022 0)
(0.190611 -0.00520912 0)
(0.190677 -0.00488452 0)
(0.190685 -0.00458792 0)
(0.190614 -0.00427992 0)
(0.190425 -0.00390131 0)
(0.190126 -0.00342869 0)
(0.189719 -0.00282619 0)
(0.189218 -0.00203713 0)
(0.188627 -0.000977285 0)
(0.187956 0.00035109 0)
(0.187295 0.00204912 0)
(0.186548 0.00416315 0)
(0.185859 0.00668641 0)
(0.184913 0.00959642 0)
(0.184112 0.0129329 0)
(0.181581 0.0148502 0)
(0.0999806 0.00111866 0)
(0.10038 0.00388231 0)
(0.101334 0.0074237 0)
(0.102822 0.0113034 0)
(0.105068 0.015499 0)
(0.108027 0.019825 0)
(0.111758 0.0241913 0)
(0.116221 0.0284492 0)
(0.121407 0.0324472 0)
(0.127269 0.0360124 0)
(0.133744 0.0389669 0)
(0.140722 0.0411227 0)
(0.148062 0.0423261 0)
(0.15555 0.0424289 0)
(0.162951 0.041438 0)
(0.169998 0.039366 0)
(0.176491 0.0363284 0)
(0.182246 0.0325331 0)
(0.187122 0.0282503 0)
(0.191113 0.0236985 0)
(0.19419 0.0190485 0)
(0.19639 0.0145447 0)
(0.197824 0.0103324 0)
(0.198589 0.00654221 0)
(0.198843 0.00317778 0)
(0.198744 0.000489012 0)
(0.198299 -0.00172838 0)
(0.197617 -0.00339973 0)
(0.196906 -0.00458599 0)
(0.196247 -0.00531246 0)
(0.195689 -0.00567848 0)
(0.19526 -0.00576484 0)
(0.194958 -0.0056656 0)
(0.194758 -0.00544784 0)
(0.194615 -0.00516951 0)
(0.194499 -0.00485034 0)
(0.194371 -0.00451704 0)
(0.194194 -0.00415808 0)
(0.193954 -0.00373376 0)
(0.193661 -0.00321255 0)
(0.193309 -0.00256314 0)
(0.192924 -0.00173658 0)
(0.19249 -0.00063542 0)
(0.192029 0.000693186 0)
(0.191636 0.00237599 0)
(0.191226 0.00450909 0)
(0.190927 0.00706004 0)
(0.19049 0.0100547 0)
(0.190087 0.0136666 0)
(0.188227 0.0158334 0)
(0.0999446 0.00103757 0)
(0.100218 0.00346557 0)
(0.101122 0.00668603 0)
(0.102605 0.0101125 0)
(0.104988 0.0138373 0)
(0.108123 0.0176772 0)
(0.112065 0.0215713 0)
(0.116736 0.0253747 0)
(0.122119 0.0289414 0)
(0.128158 0.0321115 0)
(0.134779 0.0347164 0)
(0.141864 0.0366131 0)
(0.149275 0.0376675 0)
(0.156805 0.0377988 0)
(0.16426 0.0369347 0)
(0.171412 0.0350928 0)
(0.178042 0.0324558 0)
(0.183984 0.0291483 0)
(0.189114 0.0253973 0)
(0.1934 0.0213931 0)
(0.196811 0.0172937 0)
(0.19937 0.013299 0)
(0.201158 0.00953847 0)
(0.202264 0.00611984 0)
(0.202785 0.00311614 0)
(0.202905 0.000516348 0)
(0.202715 -0.00140237 0)
(0.202178 -0.00298214 0)
(0.201513 -0.00415072 0)
(0.200842 -0.00490165 0)
(0.200201 -0.00531939 0)
(0.199637 -0.00547072 0)
(0.19916 -0.00543217 0)
(0.198767 -0.00526439 0)
(0.198432 -0.00501622 0)
(0.198138 -0.00470805 0)
(0.19786 -0.00436958 0)
(0.197571 -0.00399128 0)
(0.197262 -0.00354415 0)
(0.196944 -0.00300477 0)
(0.196614 -0.00234197 0)
(0.196313 -0.00151065 0)
(0.195993 -0.000392203 0)
(0.195692 0.000882463 0)
(0.19555 0.00261294 0)
(0.195516 0.00464015 0)
(0.195567 0.00708647 0)
(0.195584 0.0102039 0)
(0.195635 0.0141409 0)
(0.194596 0.01644 0)
(0.099883 0.00103794 0)
(0.0999441 0.00310272 0)
(0.100815 0.00597507 0)
(0.102315 0.00886418 0)
(0.104903 0.0120677 0)
(0.108253 0.0153982 0)
(0.112428 0.0188159 0)
(0.11731 0.0221656 0)
(0.122883 0.02531 0)
(0.12909 0.0281009 0)
(0.13585 0.0304143 0)
(0.14306 0.0320782 0)
(0.150568 0.0329993 0)
(0.158204 0.0330769 0)
(0.165761 0.0323273 0)
(0.173021 0.0307588 0)
(0.179789 0.0284841 0)
(0.185913 0.0256309 0)
(0.19127 0.0223832 0)
(0.195814 0.0189054 0)
(0.19951 0.0153389 0)
(0.20237 0.0118483 0)
(0.204454 0.008547 0)
(0.205838 0.00552967 0)
(0.206614 0.00284508 0)
(0.20689 0.000504122 0)
(0.206851 -0.00121337 0)
(0.206483 -0.00262841 0)
(0.205842 -0.00372844 0)
(0.205155 -0.00446361 0)
(0.204438 -0.00489774 0)
(0.203749 -0.00508638 0)
(0.203113 -0.00509226 0)
(0.202539 -0.00496536 0)
(0.202021 -0.00474961 0)
(0.201552 -0.00446537 0)
(0.201119 -0.00413734 0)
(0.200706 -0.00376107 0)
(0.200309 -0.00331825 0)
(0.199943 -0.00278776 0)
(0.199605 -0.00214323 0)
(0.199358 -0.00133698 0)
(0.199095 -0.000229489 0)
(0.198963 0.00102227 0)
(0.199052 0.00246932 0)
(0.199327 0.00452199 0)
(0.199733 0.00701876 0)
(0.200165 0.0100491 0)
(0.200881 0.0141933 0)
(0.200566 0.0167949 0)
(0.0997791 0.00117598 0)
(0.0994549 0.00281723 0)
(0.100368 0.00527373 0)
(0.101946 0.00751434 0)
(0.104852 0.0101521 0)
(0.108455 0.0129657 0)
(0.112867 0.0159183 0)
(0.117942 0.0188471 0)
(0.123692 0.021589 0)
(0.130058 0.0240164 0)
(0.136977 0.025993 0)
(0.144332 0.0274249 0)
(0.151975 0.0282176 0)
(0.15973 0.0283047 0)
(0.167404 0.0276723 0)
(0.174795 0.0263407 0)
(0.181718 0.0244103 0)
(0.188022 0.0219884 0)
(0.193589 0.019225 0)
(0.198361 0.0162599 0)
(0.202299 0.0132157 0)
(0.205408 0.0102277 0)
(0.207734 0.00739239 0)
(0.209339 0.00479162 0)
(0.210311 0.00246678 0)
(0.210724 0.000430271 0)
(0.210764 -0.0011716 0)
(0.210515 -0.00229807 0)
(0.209891 -0.00330756 0)
(0.209175 -0.00399534 0)
(0.208376 -0.00441521 0)
(0.207564 -0.00461641 0)
(0.206773 -0.00464979 0)
(0.206025 -0.00455611 0)
(0.205327 -0.00437316 0)
(0.204683 -0.00411945 0)
(0.20409 -0.00381601 0)
(0.203541 -0.00346106 0)
(0.20304 -0.00304394 0)
(0.202604 -0.00254552 0)
(0.202231 -0.00194724 0)
(0.201996 -0.0011927 0)
(0.201784 -8.44436e-05 0)
(0.201807 0.000892803 0)
(0.202077 0.00237584 0)
(0.202573 0.00422196 0)
(0.20333 0.00661653 0)
(0.204266 0.00952602 0)
(0.205616 0.0137071 0)
(0.206172 0.016989 0)
(0.0996118 0.00157538 0)
(0.0984877 0.00261116 0)
(0.0996981 0.00453746 0)
(0.101509 0.00598203 0)
(0.104898 0.00804109 0)
(0.108769 0.0103789 0)
(0.113399 0.0129 0)
(0.118638 0.015404 0)
(0.124538 0.0177446 0)
(0.131058 0.0198078 0)
(0.138128 0.0214914 0)
(0.145634 0.0227022 0)
(0.153429 0.0233718 0)
(0.161334 0.0234462 0)
(0.169159 0.0229244 0)
(0.17671 0.0218252 0)
(0.183803 0.020229 0)
(0.19029 0.0182256 0)
(0.196054 0.0159364 0)
(0.201026 0.0134777 0)
(0.205169 0.0109522 0)
(0.208477 0.00846981 0)
(0.21099 0.00610952 0)
(0.21276 0.00394067 0)
(0.213863 0.00199457 0)
(0.2144 0.000262761 0)
(0.214462 -0.00109902 0)
(0.214229 -0.00202674 0)
(0.213628 -0.00288309 0)
(0.212857 -0.00348882 0)
(0.211962 -0.00386751 0)
(0.211019 -0.00405982 0)
(0.210069 -0.00410592 0)
(0.209146 -0.0040379 0)
(0.208267 -0.00388685 0)
(0.207443 -0.00366839 0)
(0.206682 -0.0034006 0)
(0.205986 -0.00308252 0)
(0.205364 -0.00270936 0)
(0.204835 -0.00226313 0)
(0.204402 -0.00173386 0)
(0.204136 -0.00106469 0)
(0.203997 -3.73833e-05 0)
(0.204103 0.000774602 0)
(0.20448 0.00209649 0)
(0.205224 0.00372332 0)
(0.206271 0.00598071 0)
(0.207783 0.00863374 0)
(0.209668 0.0128717 0)
(0.211389 0.0167153 0)
(0.0994022 0.00239531 0)
(0.0962783 0.00250699 0)
(0.0986449 0.00353579 0)
(0.101108 0.00408632 0)
(0.105163 0.00567783 0)
(0.109249 0.00763035 0)
(0.114023 0.00976619 0)
(0.119352 0.0118848 0)
(0.12535 0.0138274 0)
(0.131997 0.0155222 0)
(0.139217 0.0168912 0)
(0.14689 0.0178726 0)
(0.154863 0.018413 0)
(0.162952 0.018477 0)
(0.170965 0.0180651 0)
(0.178703 0.0171945 0)
(0.185986 0.015929 0)
(0.192662 0.0143408 0)
(0.198611 0.0125251 0)
(0.203761 0.0105753 0)
(0.208069 0.00857309 0)
(0.211529 0.00660504 0)
(0.214172 0.0047323 0)
(0.216047 0.00301376 0)
(0.217219 0.00146359 0)
(0.217826 7.51726e-05 0)
(0.217856 -0.00104575 0)
(0.217573 -0.00175217 0)
(0.216952 -0.00243341 0)
(0.216093 -0.0029294 0)
(0.215079 -0.00324467 0)
(0.213985 -0.00341058 0)
(0.212865 -0.00345651 0)
(0.211756 -0.00340572 0)
(0.210686 -0.00328468 0)
(0.209673 -0.00310511 0)
(0.208733 -0.00288226 0)
(0.207875 -0.00261428 0)
(0.207113 -0.0023013 0)
(0.206468 -0.00192556 0)
(0.205954 -0.00148419 0)
(0.205622 -0.000937032 0)
(0.205521 -2.40333e-05 0)
(0.205682 0.000588113 0)
(0.206108 0.00172822 0)
(0.207098 0.00305784 0)
(0.20835 0.00509577 0)
(0.210523 0.0073528 0)
(0.212831 0.0114898 0)
(0.216199 0.0159493 0)
(0.0985733 0.00622655 0)
(0.0897364 0.00285273 0)
(0.09695 0.00251731 0)
(0.101107 0.00183946 0)
(0.105873 0.00315378 0)
(0.109916 0.00484829 0)
(0.11464 0.00662726 0)
(0.119936 0.00833998 0)
(0.125961 0.00985283 0)
(0.132708 0.0111504 0)
(0.140077 0.0121878 0)
(0.147932 0.012929 0)
(0.156113 0.0133518 0)
(0.16443 0.0134052 0)
(0.172671 0.0131044 0)
(0.180631 0.0124644 0)
(0.188124 0.011533 0)
(0.194994 0.0103648 0)
(0.201117 0.00902977 0)
(0.206415 0.00759802 0)
(0.210846 0.00612933 0)
(0.214398 0.00468819 0)
(0.217108 0.0033168 0)
(0.219012 0.00206616 0)
(0.220198 0.000922989 0)
(0.220766 -0.000136804 0)
(0.22073 -0.000870895 0)
(0.220312 -0.00144753 0)
(0.219606 -0.00192515 0)
(0.218609 -0.00228736 0)
(0.217435 -0.00252103 0)
(0.216158 -0.00264572 0)
(0.214834 -0.00268313 0)
(0.213512 -0.00264871 0)
(0.212229 -0.00255863 0)
(0.211007 -0.00242179 0)
(0.209871 -0.00225169 0)
(0.208829 -0.00204456 0)
(0.207907 -0.00180493 0)
(0.207119 -0.00151546 0)
(0.2065 -0.00117605 0)
(0.206065 -0.000781918 0)
(0.205957 -2.78923e-05 0)
(0.206159 0.000389451 0)
(0.206556 0.00129882 0)
(0.20782 0.00225447 0)
(0.209113 0.00398016 0)
(0.21217 0.00568086 0)
(0.214525 0.00945925 0)
(0.220566 0.0144291 0)
(0.100897 0.000528145 0)
(0.0675634 0.00060767 0)
(0.0957825 -0.00424234 0)
(0.101963 -0.00218553 0)
(0.107096 0.000339201 0)
(0.110523 0.00214225 0)
(0.11481 0.00361635 0)
(0.1199 0.00493676 0)
(0.125856 0.00598731 0)
(0.132673 0.00686153 0)
(0.140192 0.00754439 0)
(0.148251 0.00801836 0)
(0.156678 0.00824526 0)
(0.165258 0.00826463 0)
(0.173761 0.00806238 0)
(0.181969 0.00764444 0)
(0.189683 0.00704297 0)
(0.196737 0.00629387 0)
(0.203004 0.00544221 0)
(0.208397 0.00453416 0)
(0.21288 0.00360652 0)
(0.216434 0.00270125 0)
(0.219114 0.00184378 0)
(0.220927 0.00106758 0)
(0.22205 0.000375433 0)
(0.222413 -0.000330605 0)
(0.222221 -0.000758162 0)
(0.221589 -0.00111075 0)
(0.220673 -0.00139648 0)
(0.21945 -0.00161333 0)
(0.218041 -0.00175266 0)
(0.216515 -0.00182439 0)
(0.214938 -0.00184232 0)
(0.213356 -0.00181221 0)
(0.211816 -0.00175126 0)
(0.210338 -0.00165915 0)
(0.208964 -0.00154792 0)
(0.207692 -0.00140946 0)
(0.206571 -0.00125518 0)
(0.205589 -0.00106472 0)
(0.204833 -0.000839633 0)
(0.204236 -0.00061996 0)
(0.20405 -7.54509e-05 0)
(0.204295 0.000165364 0)
(0.204546 0.000774727 0)
(0.206202 0.00131558 0)
(0.20719 0.00258892 0)
(0.211675 0.00370863 0)
(0.213144 0.0065843 0)
(0.224175 0.011547 0)
(0.0916915 0.0536752 0)
(0.154043 -0.00181584 0)
(0.123948 -0.00716839 0)
(0.110286 -0.00473297 0)
(0.109465 -0.0013063 0)
(0.109576 0.00020676 0)
(0.11194 0.00119799 0)
(0.11644 0.00207007 0)
(0.122002 0.00261146 0)
(0.128707 0.00302891 0)
(0.136245 0.00334859 0)
(0.144441 0.00357133 0)
(0.15303 0.00368309 0)
(0.161764 0.00368181 0)
(0.170415 0.00357993 0)
(0.17874 0.00338324 0)
(0.186521 0.0031078 0)
(0.193576 0.00277029 0)
(0.199775 0.00239074 0)
(0.20502 0.00199195 0)
(0.209295 0.00158774 0)
(0.212564 0.00120019 0)
(0.214924 0.000830195 0)
(0.216361 0.000524209 0)
(0.217077 0.000182091 0)
(0.217016 -1.43399e-05 0)
(0.216335 -0.0002742 0)
(0.215256 -0.00040103 0)
(0.213886 -0.000513286 0)
(0.212222 -0.000598257 0)
(0.210384 -0.000653739 0)
(0.208435 -0.000682345 0)
(0.206454 -0.000690607 0)
(0.204469 -0.000680419 0)
(0.202556 -0.000658686 0)
(0.200701 -0.00062191 0)
(0.198995 -0.000579621 0)
(0.197371 -0.00052467 0)
(0.195977 -0.000461508 0)
(0.194672 -0.000396653 0)
(0.193706 -0.000281834 0)
(0.192872 -0.000246989 0)
(0.192422 1.85077e-05 0)
(0.192658 8.29229e-05 0)
(0.192787 0.000384929 0)
(0.194659 0.000467353 0)
(0.195147 0.00110108 0)
(0.201104 0.00148221 0)
(0.202152 0.0028556 0)
(0.2202 0.00590906 0)
)
;

boundaryField
{
    floor
    {
        type            noSlip;
    }
    ceiling
    {
        type            noSlip;
    }
    inlet
    {
        type            fixedValue;
        value           uniform (0.1 0 0);
    }
    outlet
    {
        type            inletOutlet;
        inletValue      uniform (0 0 0);
        value           nonuniform List<vector> 
40
(
(0 0 0)
(0 0 0)
(0 0 0)
(0 0 0)
(0 0 0)
(0 0 0)
(-0.000164443 -0.0185064 0)
(0.00406768 -0.0194581 0)
(0.00873301 -0.0202637 0)
(0.0141664 -0.0204704 0)
(0.0203015 -0.0202195 0)
(0.0270352 -0.0196003 0)
(0.0342714 -0.0186745 0)
(0.0419239 -0.017487 0)
(0.0499163 -0.0160725 0)
(0.0581805 -0.0144599 0)
(0.0666545 -0.0126751 0)
(0.0752811 -0.0107429 0)
(0.0840074 -0.00868867 0)
(0.0927838 -0.00653877 0)
(0.101564 -0.00432113 0)
(0.110304 -0.00206516 0)
(0.118965 0.000198513 0)
(0.127509 0.00243811 0)
(0.135902 0.0046216 0)
(0.144114 0.00671732 0)
(0.152116 0.00869452 0)
(0.159885 0.0105239 0)
(0.167398 0.0121775 0)
(0.174635 0.0136287 0)
(0.181581 0.0148502 0)
(0.188227 0.0158334 0)
(0.194596 0.01644 0)
(0.200566 0.0167949 0)
(0.206172 0.016989 0)
(0.211389 0.0167153 0)
(0.216199 0.0159493 0)
(0.220566 0.0144291 0)
(0.224175 0.011547 0)
(0.2202 0.00590906 0)
)
;
    }
    fixedWalls
    {
        type            empty;
    }
    baffleFacesThermoBaffle1D_master
    {
        type            fixedValue;
        value           uniform (0 0 0);
    }
    baffleFacesThermoBaffle1D_slave
    {
        type            fixedValue;
        value           uniform (0 0 0);
    }
    baffleFacesThermoBaffle3D_master
    {
        type            fixedValue;
        value           uniform (0 0 0);
    }
    baffleFacesThermoBaffle3D_slave
    {
        type            fixedValue;
        value           uniform (0 0 0);
    }
}


// ************************************************************************* //
