/*--------------------------------*- C++ -*----------------------------------*\
| =========                 |                                                 |
| \\      /  F ield         | OpenFOAM: The Open Source CFD Toolbox           |
|  \\    /   O peration     | Version:  v1906                                 |
|   \\  /    A nd           | Web:      www.OpenFOAM.com                      |
|    \\/     M anipulation  |                                                 |
\*---------------------------------------------------------------------------*/
FoamFile
{
    version     2.0;
    format      ascii;
    class       volScalarField;
    location    "0.4";
    object      p;
}
// * * * * * * * * * * * * * * * * * * * * * * * * * * * * * * * * * * * * * //

dimensions      [0 2 -2 0 0 0 0];


internalField   nonuniform List<scalar> 
4800
(
-5.60724e-11
-1.99338e-06
0.000106217
-2.59287e-05
1.28545e-05
0.000347948
0.000562837
0.000466584
0.00060824
0.000815228
0.000868139
0.000813706
0.00082184
0.000941234
0.00109587
0.0012563
0.00152275
0.0019895
0.0027512
0.00342547
2.38327e-06
-4.70781e-06
0.000106686
-2.77048e-05
1.5514e-05
0.000346986
0.000566258
0.000461362
0.000609987
0.000807962
0.000875659
0.000815036
0.000829028
0.000945829
0.00110438
0.00125259
0.00152097
0.00192593
0.00250841
0.00304736
2.23078e-06
-6.4064e-06
0.000107557
-2.85027e-05
1.64182e-05
0.000347068
0.000565976
0.000459851
0.000610025
0.000805845
0.000878032
0.000820321
0.000833281
0.000952484
0.00110833
0.00124421
0.00146693
0.00179635
0.00229257
0.00276114
2.92417e-06
-8.30725e-06
0.000108749
-3.02077e-05
1.70135e-05
0.000348035
0.000563816
0.000461451
0.000606121
0.000810627
0.000871311
0.000830922
0.000834048
0.000970173
0.00110992
0.00121855
0.00139853
0.0016607
0.00208509
0.00249955
2.57883e-06
-9.71177e-06
0.000109415
-3.08803e-05
1.60562e-05
0.000349985
0.000560105
0.000465887
0.000599498
0.000817558
0.000868137
0.000839226
0.000841787
0.000961912
0.00110334
0.00116607
0.00130028
0.00152451
0.00187966
0.00224448
1.61723e-06
-1.00526e-05
0.000109122
-3.00085e-05
1.30224e-05
0.000353421
0.000554032
0.000472826
0.000593604
0.00082152
0.000874808
0.000842876
0.000848961
0.000954237
0.00107723
0.00110154
0.00119783
0.00138194
0.00167716
0.00199823
-3.0569e-07
-9.1325e-06
0.000107781
-2.79818e-05
8.18015e-06
0.000357222
0.000548712
0.000476281
0.000592442
0.00081995
0.000886102
0.000847148
0.000849193
0.000950919
0.00102675
0.00102728
0.00108773
0.00123353
0.00147799
0.00175939
-3.88023e-06
-6.22341e-06
0.000105566
-2.50377e-05
2.4664e-06
0.000359055
0.000547414
0.000474474
0.000595606
0.000804668
0.000890006
0.00085389
0.000841081
0.000920795
0.000975441
0.000947781
0.000969946
0.00107954
0.00128052
0.00152681
-9.2718e-06
-1.06191e-06
0.000102797
-2.24556e-05
-1.87482e-06
0.000357062
0.000550894
0.000468425
0.000597323
0.000812796
0.000885235
0.000855194
0.000827934
0.000875603
0.000913975
0.000864007
0.000847314
0.000920807
0.00108519
0.00129993
-1.68428e-05
6.28105e-06
0.000101206
-2.28772e-05
-3.48161e-06
0.000350508
0.000555391
0.000467605
0.00059362
0.00082823
0.000879528
0.000842055
0.000808381
0.000824057
0.000839542
0.000774217
0.00072393
0.00076039
0.000891662
0.00107922
-2.65214e-05
1.50148e-05
0.000102529
-2.75691e-05
-2.03246e-06
0.000341461
0.000556209
0.000474401
0.00058426
0.000834902
0.00088148
0.000815971
0.000776318
0.000769285
0.000756481
0.000674932
0.000598723
0.000599606
0.00069868
0.000865864
-3.80556e-05
2.35152e-05
0.000109056
-3.73529e-05
-7.85298e-07
0.00033487
0.000550296
0.000487269
0.000577796
0.000828827
0.000879711
0.000787247
0.000731989
0.000709046
0.000668514
0.000567976
0.00046886
0.000439032
0.000508022
0.000659511
-5.05558e-05
2.95927e-05
0.000121367
-4.94044e-05
-5.46028e-06
0.000333735
0.000538951
0.000495433
0.000577431
0.000810949
0.000864498
0.000754382
0.000680838
0.000642646
0.000577269
0.000457073
0.000335216
0.000278192
0.00031999
0.000456055
-6.28366e-05
3.10163e-05
0.000138466
-5.76563e-05
-1.9828e-05
0.000336438
0.000528056
0.000493385
0.000581128
0.000795875
0.000835869
0.00071104
0.000621277
0.000571116
0.000484139
0.000344008
0.00020166
0.000118614
0.0001348
0.000254236
-7.35083e-05
2.63319e-05
0.000158145
-5.53341e-05
-4.50468e-05
0.00033559
0.000523873
0.000480409
0.00057539
0.000783858
0.00080509
0.000657257
0.000551514
0.000493604
0.000388995
0.000228366
7.0062e-05
-3.50373e-05
-4.46148e-05
5.62365e-05
-8.16723e-05
1.47816e-05
0.000174554
-3.77265e-05
-7.60122e-05
0.000321504
0.000527039
0.000465954
0.000554861
0.000763692
0.000774239
0.000602283
0.000472888
0.000406653
0.000289591
0.000109983
-6.02556e-05
-0.000180582
-0.000214013
-0.000132507
-8.72272e-05
-1.48842e-06
0.000182412
-6.89761e-06
-0.000100466
0.000289712
0.000527546
0.000455915
0.00052289
0.000729324
0.000736934
0.000547287
0.00039338
0.000312724
0.000185038
-1.20722e-05
-0.000191884
-0.000319659
-0.000371198
-0.000307086
-9.05942e-05
-1.93596e-05
0.00017879
2.92351e-05
-0.000110772
0.000242406
0.000512212
0.000448733
0.000491179
0.000683157
0.000687998
0.000486417
0.000313242
0.000220254
8.00143e-05
-0.000137886
-0.000328638
-0.000455326
-0.000514718
-0.000463834
-9.27361e-05
-3.65242e-05
0.000162721
6.21489e-05
-0.000103944
0.000194099
0.000477039
0.000428534
0.000459334
0.000638281
0.000629907
0.00041327
0.000226478
0.000128293
-1.74873e-05
-0.000258404
-0.000470416
-0.00059355
-0.00064706
-0.000601374
-9.48929e-05
-5.20024e-05
0.000139235
8.49759e-05
-8.5387e-05
0.000154475
0.000427474
0.000387393
0.000412484
0.000595879
0.000581424
0.000331152
0.000121878
2.94248e-05
-0.000108106
-0.000363111
-0.000605771
-0.000737766
-0.000776573
-0.00072303
-9.75922e-05
-6.55982e-05
0.000113174
9.53098e-05
-6.84103e-05
0.000126127
0.000379231
0.000327002
0.000336411
0.000543007
0.000549432
0.000263731
3.25763e-06
-9.36209e-05
-0.000201509
-0.000451114
-0.000722857
-0.000878184
-0.000909406
-0.000837203
-0.0001011
-7.84518e-05
8.59646e-05
9.51784e-05
-5.8673e-05
9.9913e-05
0.000338565
0.000268086
0.000228883
0.000450129
0.000524694
0.000230748
-0.000106723
-0.00023931
-0.000317735
-0.000532777
-0.000817878
-0.00100183
-0.00104028
-0.000951759
-0.000105445
-9.15408e-05
5.69742e-05
8.94896e-05
-5.7571e-05
6.37501e-05
0.000303019
0.000225169
0.000110307
0.000307852
0.000466034
0.000229803
-0.000170801
-0.000388131
-0.000461121
-0.000626723
-0.000897565
-0.00110472
-0.00115873
-0.00106552
-0.000110805
-0.000105333
2.4854e-05
7.84543e-05
-6.08641e-05
1.46996e-05
0.00025451
0.000200642
1.49887e-05
0.000125023
0.000342005
0.000220777
-0.000183538
-0.000494125
-0.000616173
-0.000742465
-0.000977009
-0.00119168
-0.00126192
-0.0011732
-0.000117863
-0.000119388
-1.22205e-05
6.00904e-05
-6.42572e-05
-4.43921e-05
0.000180983
0.000179362
-4.41966e-05
-5.07119e-05
0.000152466
0.000150136
-0.000174107
-0.000541363
-0.000739499
-0.00086886
-0.00106266
-0.00126918
-0.00135537
-0.00127669
-0.000127791
-0.000133626
-5.35037e-05
3.06003e-05
-6.90761e-05
-9.98426e-05
8.38154e-05
0.000131874
-7.19778e-05
-0.000184048
-6.20481e-05
7.75866e-06
-0.000202806
-0.000546982
-0.000808647
-0.000973164
-0.00114831
-0.00133873
-0.00144253
-0.00138322
-0.000141456
-0.000147576
-9.49764e-05
-1.19651e-05
-7.88066e-05
-0.00014681
-2.76676e-05
5.16138e-05
-0.000101861
-0.000270312
-0.000249352
-0.000185989
-0.000295024
-0.00056778
-0.000835222
-0.00103373
-0.00121239
-0.00139507
-0.00151789
-0.00149101
-0.000159431
-0.000164669
-0.000133954
-6.64538e-05
-0.000104118
-0.00018497
-0.000132862
-5.9861e-05
-0.000157329
-0.000328576
-0.00039161
-0.000375228
-0.000441408
-0.000634128
-0.00086513
-0.00106011
-0.00124022
-0.00142395
-0.00156753
-0.00159117
-0.000182083
-0.00018581
-0.000171826
-0.000126588
-0.000146166
-0.00022363
-0.000224524
-0.000183238
-0.000243501
-0.000391022
-0.000492983
-0.000530117
-0.000596407
-0.000742402
-0.000926046
-0.00109216
-0.00124772
-0.00142052
-0.00157965
-0.00165822
-0.000209079
-0.000212508
-0.000209801
-0.000188035
-0.000203477
-0.000271555
-0.000305875
-0.000299541
-0.000351584
-0.000472908
-0.000582687
-0.000651322
-0.000730711
-0.0008603
-0.00101491
-0.00115211
-0.00127243
-0.00140868
-0.00155982
-0.00167641
-0.000239909
-0.000245158
-0.000250868
-0.000248461
-0.000271006
-0.000331352
-0.000382424
-0.000407329
-0.000462814
-0.000569674
-0.000677319
-0.000756332
-0.00084173
-0.000964365
-0.0011086
-0.00123515
-0.00132895
-0.0014224
-0.00153981
-0.0016571
-0.000274658
-0.000283098
-0.000296779
-0.000309059
-0.000341437
-0.000401564
-0.000461543
-0.000506961
-0.000570362
-0.000670962
-0.000776658
-0.000859766
-0.000941106
-0.00105368
-0.0011906
-0.00131861
-0.00140792
-0.00147137
-0.0015459
-0.0016332
-0.000313501
-0.000325322
-0.00034689
-0.000370942
-0.000412609
-0.000477109
-0.000544545
-0.000602533
-0.000672447
-0.00076998
-0.000875276
-0.000962726
-0.00103974
-0.00113674
-0.00126093
-0.0013873
-0.00148526
-0.00154329
-0.00158505
-0.00163503
-0.000356169
-0.00037107
-0.000400208
-0.000434394
-0.000483817
-0.000553375
-0.000628212
-0.000696563
-0.00076992
-0.000864419
-0.000968597
-0.00106057
-0.00113765
-0.00122088
-0.00132611
-0.00144301
-0.00154544
-0.00161165
-0.00164571
-0.00167131
-0.000401871
-0.000419509
-0.000455006
-0.000498597
-0.000554632
-0.000628427
-0.000709561
-0.000786716
-0.000863813
-0.000954229
-0.00105549
-0.00115022
-0.00122997
-0.00130536
-0.00139234
-0.00149257
-0.00159016
-0.0016642
-0.00170667
-0.00172793
-0.000449232
-0.00046936
-0.0005098
-0.000561627
-0.000623815
-0.000700932
-0.000786622
-0.000870702
-0.000952113
-0.00103957
-0.00113589
-0.00123061
-0.00131323
-0.00138596
-0.00146049
-0.00154335
-0.0016292
-0.00170436
-0.00175632
-0.00178605
-0.00049634
-0.00051879
-0.000562872
-0.000621229
-0.000689239
-0.000769141
-0.000857803
-0.00094688
-0.00103246
-0.0011187
-0.00120975
-0.00130149
-0.00138526
-0.00145839
-0.00152699
-0.00159821
-0.00167251
-0.0017426
-0.00179906
-0.0018385
-0.000540673
-0.000565212
-0.000611985
-0.000674942
-0.00074804
-0.000830532
-0.000920896
-0.00101332
-0.00110267
-0.0011892
-0.00127621
-0.00136326
-0.00144525
-0.00151819
-0.00158411
-0.00164876
-0.00171549
-0.0017823
-0.00184358
-0.00189428
-0.000579875
-0.000605789
-0.000654108
-0.000719517
-0.00079614
-0.000880756
-0.000971761
-0.00106563
-0.00115773
-0.00124584
-0.00133098
-0.00141412
-0.00149359
-0.00156637
-0.00163147
-0.00169128
-0.00174943
-0.00180787
-0.00186566
-0.00192022
-0.00061322
-0.000641966
-0.000693165
-0.000761702
-0.000842243
-0.000930466
-0.00102365
-0.00111894
-0.00121285
-0.00130266
-0.00138776
-0.00146881
-0.00154582
-0.00161755
-0.00168286
-0.00174236
-0.00179821
-0.00185272
-0.00190704
-0.00196099
0.00405726
0.00397261
0.00364779
0.0034325
0.0032715
0.00300293
0.00259555
0.00214414
0.00173371
0.00137083
0.000996987
0.000595595
0.000170752
-0.000245566
-0.000637857
-0.0010197
-0.00136088
-0.00172429
-0.00217193
-0.00269901
-0.0033634
-0.00414774
-0.00492996
-0.00564678
-0.00634502
-0.00707581
-0.00776962
-0.00828386
-0.00847049
-0.00824003
-0.00783095
-0.00757225
-0.00741438
-0.00726037
-0.00705186
-0.00665206
-0.0063472
-0.00644373
-0.00661436
-0.00661379
-0.00660277
-0.00663456
-0.00668649
-0.0068034
-0.00694347
-0.00703012
-0.00710811
-0.00722826
-0.00730648
-0.00732305
-0.00738089
-0.00744606
-0.00746529
-0.00752946
-0.00762314
-0.00764971
-0.00768777
-0.00777598
-0.00780082
-0.00777931
-0.007835
-0.00792557
-0.00795278
-0.00795708
-0.00800172
-0.00806071
-0.00809696
-0.0081302
-0.00817615
-0.00823079
-0.00828435
-0.00834046
-0.00840095
-0.0084637
-0.0085293
-0.00859542
-0.00866478
-0.00873538
-0.00880827
-0.00888439
-0.00896152
-0.00904337
-0.00912578
-0.00921194
-0.00930045
-0.00938945
-0.00948341
-0.00957586
-0.0096725
-0.00977067
-0.00986766
-0.00997139
-0.0100706
-0.010175
-0.0102799
-0.0103824
-0.010489
-0.0105929
-0.0106912
-0.0107923
0.00345222
0.00359831
0.0035354
0.00341354
0.00325697
0.0029752
0.00256206
0.00211175
0.00170435
0.00134428
0.000971961
0.000571666
0.000146655
-0.000269207
-0.000659206
-0.00104114
-0.00138105
-0.00174107
-0.00218807
-0.0027123
-0.00336945
-0.00414889
-0.00492487
-0.00562817
-0.00631187
-0.00703602
-0.00772758
-0.00824506
-0.00844028
-0.00821611
-0.00781343
-0.00756143
-0.00740536
-0.00725161
-0.00704568
-0.00664543
-0.00633915
-0.00643928
-0.0066107
-0.00660971
-0.00660005
-0.00663215
-0.00668354
-0.00680088
-0.00694116
-0.00702744
-0.0071056
-0.00722635
-0.00730467
-0.00732132
-0.00737971
-0.00744521
-0.00746431
-0.00752883
-0.00762292
-0.00764912
-0.00768725
-0.00777609
-0.00780095
-0.00777901
-0.0078349
-0.00792581
-0.00795284
-0.00795705
-0.00800181
-0.00806098
-0.00809711
-0.00813031
-0.00817627
-0.0082309
-0.00828441
-0.0083405
-0.00840099
-0.00846371
-0.00852932
-0.00859543
-0.00866478
-0.00873537
-0.00880826
-0.00888438
-0.00896151
-0.00904337
-0.00912578
-0.00921194
-0.00930045
-0.00938945
-0.00948341
-0.00957586
-0.0096725
-0.00977068
-0.00986765
-0.0099714
-0.0100706
-0.010175
-0.01028
-0.0103824
-0.010489
-0.0105929
-0.0106912
-0.0107924
0.00312883
0.00337887
0.00346898
0.00343653
0.0032876
0.00298191
0.0025468
0.00208555
0.00167571
0.00131591
0.000944069
0.000543343
0.000117883
-0.000298988
-0.000688082
-0.00106868
-0.00140872
-0.00176559
-0.00221083
-0.0027348
-0.00338381
-0.00414849
-0.00490631
-0.00558874
-0.00625052
-0.00695307
-0.0076247
-0.00813103
-0.00833624
-0.00814533
-0.00777512
-0.00753991
-0.00738883
-0.00723402
-0.00703102
-0.0066432
-0.00634637
-0.00644466
-0.0066119
-0.00660908
-0.00659962
-0.00663302
-0.00668447
-0.00680015
-0.00693925
-0.00702527
-0.00710283
-0.00722314
-0.00730161
-0.00731834
-0.00737699
-0.00744298
-0.00746222
-0.00752661
-0.00762085
-0.00764715
-0.00768515
-0.00777409
-0.0077995
-0.00777808
-0.00783401
-0.00792474
-0.00795186
-0.00795644
-0.00800139
-0.00806057
-0.00809678
-0.00813011
-0.00817616
-0.00823084
-0.00828438
-0.0083405
-0.008401
-0.00846374
-0.00852935
-0.00859547
-0.00866484
-0.00873543
-0.00880831
-0.00888442
-0.00896153
-0.00904339
-0.00912578
-0.00921194
-0.00930045
-0.00938944
-0.00948341
-0.00957586
-0.0096725
-0.00977068
-0.00986765
-0.00997141
-0.0100706
-0.0101751
-0.01028
-0.0103824
-0.010489
-0.0105929
-0.0106915
-0.0107928
0.00284273
0.00314134
0.00333008
0.00338546
0.00327705
0.00297356
0.00252291
0.00204737
0.00163264
0.00127346
0.000903237
0.00050315
7.83104e-05
-0.000339057
-0.000725996
-0.00110563
-0.0014474
-0.00179831
-0.00223998
-0.0027644
-0.00340191
-0.0041416
-0.00487675
-0.00554191
-0.00617753
-0.00685071
-0.00750008
-0.00799316
-0.00821094
-0.00805836
-0.00772462
-0.00751122
-0.00736843
-0.00720972
-0.00700987
-0.00664011
-0.00635454
-0.00644737
-0.00660598
-0.00660023
-0.00659401
-0.00663245
-0.00668473
-0.0067976
-0.0069347
-0.00701969
-0.00709602
-0.00721511
-0.00729315
-0.00731068
-0.00737065
-0.00743776
-0.00745753
-0.00752183
-0.00761624
-0.00764302
-0.00768073
-0.0077694
-0.00779614
-0.00777629
-0.00783211
-0.00792215
-0.00794968
-0.00795513
-0.00800035
-0.0080595
-0.00809598
-0.00812972
-0.00817597
-0.00823068
-0.00828425
-0.0083404
-0.00840092
-0.00846367
-0.00852929
-0.00859544
-0.00866482
-0.00873544
-0.00880834
-0.00888447
-0.00896158
-0.00904344
-0.00912583
-0.00921197
-0.00930048
-0.00938946
-0.00948343
-0.00957587
-0.00967251
-0.00977069
-0.00986766
-0.00997142
-0.0100706
-0.0101751
-0.01028
-0.0103824
-0.010489
-0.0105929
-0.0106919
-0.0107933
0.00257352
0.00290293
0.0031602
0.00329178
0.00324314
0.00296323
0.00250779
0.0020159
0.00159035
0.00122909
0.00086027
0.000460613
3.5366e-05
-0.000380758
-0.00076369
-0.00114385
-0.001488
-0.00183024
-0.00226535
-0.00279088
-0.00341417
-0.00412485
-0.00484021
-0.00548896
-0.00609329
-0.00673478
-0.00736489
-0.00784808
-0.00807636
-0.00795949
-0.00766484
-0.00747719
-0.00734438
-0.00718261
-0.00698543
-0.00663452
-0.00636123
-0.00644758
-0.00659759
-0.00659071
-0.00658862
-0.00663244
-0.00668542
-0.00679455
-0.00692866
-0.0070126
-0.00708762
-0.00720485
-0.00728275
-0.0073019
-0.00736313
-0.00743115
-0.00745166
-0.00751557
-0.00760991
-0.00763755
-0.00767473
-0.00776256
-0.00779115
-0.00777366
-0.00782912
-0.007918
-0.00794624
-0.00795303
-0.00799854
-0.00805758
-0.00809448
-0.00812882
-0.00817535
-0.00823015
-0.00828382
-0.00834008
-0.00840066
-0.00846345
-0.00852912
-0.00859531
-0.00866475
-0.00873543
-0.00880838
-0.00888454
-0.00896167
-0.00904353
-0.00912591
-0.00921204
-0.00930054
-0.0093895
-0.00948345
-0.00957589
-0.00967252
-0.00977071
-0.00986768
-0.00997144
-0.0100707
-0.0101751
-0.01028
-0.0103825
-0.0104891
-0.010593
-0.0106924
-0.0107941
0.00231559
0.00266911
0.00297937
0.00317166
0.00318525
0.00294576
0.00249979
0.00199429
0.00155248
0.00118417
0.000816705
0.000416598
-1.05464e-05
-0.000425596
-0.000804277
-0.00118272
-0.00152998
-0.00186313
-0.00228709
-0.00281243
-0.00342274
-0.00410718
-0.00480232
-0.00543139
-0.00600406
-0.00661401
-0.00722705
-0.00770253
-0.00793828
-0.0078543
-0.00759891
-0.00743798
-0.00731779
-0.00715519
-0.00696005
-0.00662757
-0.00636702
-0.00644709
-0.00658957
-0.00658211
-0.00658299
-0.00663164
-0.00668565
-0.00679068
-0.00692171
-0.00700505
-0.0070786
-0.00719364
-0.00727142
-0.00729203
-0.00735424
-0.00742347
-0.00744506
-0.00750841
-0.00760259
-0.00763123
-0.00766774
-0.00775459
-0.00778539
-0.00777058
-0.00782549
-0.00791305
-0.00794221
-0.00795055
-0.00799631
-0.00805522
-0.00809263
-0.00812768
-0.00817456
-0.00822948
-0.00828328
-0.00833967
-0.00840032
-0.00846315
-0.00852887
-0.00859512
-0.00866463
-0.00873537
-0.00880838
-0.00888459
-0.00896176
-0.00904363
-0.00912601
-0.00921213
-0.00930061
-0.00938956
-0.00948349
-0.00957592
-0.00967254
-0.00977072
-0.0098677
-0.00997145
-0.0100707
-0.0101751
-0.0102801
-0.0103825
-0.0104892
-0.0105931
-0.0106929
-0.0107949
0.00206418
0.00243705
0.00279343
0.00303615
0.00310516
0.00291472
0.00249084
0.00197968
0.00151917
0.00113696
0.000769514
0.000369528
-5.98632e-05
-0.000476342
-0.000851107
-0.00122191
-0.0015717
-0.00189975
-0.00230835
-0.0028292
-0.00343251
-0.00409374
-0.00476078
-0.00536631
-0.00591145
-0.00649268
-0.00708915
-0.00755564
-0.00779685
-0.00774367
-0.00752547
-0.00739226
-0.00728909
-0.0071282
-0.00693436
-0.00661955
-0.00637186
-0.00644564
-0.00658056
-0.00657224
-0.00657563
-0.00662964
-0.00668543
-0.00678652
-0.00691464
-0.00699731
-0.00706887
-0.00718131
-0.00725884
-0.00728098
-0.00734446
-0.00741513
-0.00743778
-0.00750046
-0.00759452
-0.00762428
-0.00766018
-0.00774607
-0.00777919
-0.00776712
-0.00782142
-0.00790766
-0.00793785
-0.0079478
-0.00799381
-0.0080526
-0.00809059
-0.00812641
-0.00817365
-0.00822869
-0.00828263
-0.00833915
-0.00839988
-0.00846277
-0.00852854
-0.00859487
-0.00866446
-0.00873529
-0.00880836
-0.00888464
-0.00896184
-0.00904373
-0.00912613
-0.00921223
-0.00930069
-0.00938962
-0.00948354
-0.00957596
-0.00967257
-0.00977074
-0.00986773
-0.00997146
-0.0100708
-0.0101751
-0.0102802
-0.0103825
-0.0104894
-0.0105931
-0.0106934
-0.0107958
0.00181851
0.00220607
0.00260542
0.00289366
0.00300675
0.00286514
0.00247123
0.00196425
0.00148936
0.00108849
0.000716761
0.000318615
-0.000111897
-0.000531388
-0.000904422
-0.00126392
-0.00161279
-0.00193994
-0.00233124
-0.00284212
-0.00344197
-0.00407973
-0.00471061
-0.00529283
-0.00581946
-0.00637511
-0.00695043
-0.00740568
-0.00765266
-0.00762809
-0.00744406
-0.00733931
-0.00725672
-0.00710001
-0.0069073
-0.00660956
-0.00637479
-0.00644181
-0.00656907
-0.00656096
-0.00656796
-0.00662783
-0.00668548
-0.00678214
-0.00690663
-0.00698828
-0.00705777
-0.00716767
-0.00724532
-0.00726935
-0.00733406
-0.00740612
-0.00742996
-0.007492
-0.00758585
-0.00761682
-0.00765218
-0.00773705
-0.00777249
-0.00776329
-0.00781702
-0.0079019
-0.00793315
-0.0079448
-0.00799109
-0.00804977
-0.00808839
-0.00812501
-0.00817263
-0.00822779
-0.00828188
-0.00833856
-0.0083994
-0.00846235
-0.0085282
-0.0085946
-0.00866428
-0.0087352
-0.00880835
-0.00888468
-0.00896194
-0.00904384
-0.00912624
-0.00921233
-0.00930078
-0.00938969
-0.00948359
-0.009576
-0.0096726
-0.00977076
-0.00986776
-0.00997147
-0.0100708
-0.0101752
-0.0102803
-0.0103826
-0.0104895
-0.0105932
-0.0106939
-0.0107968
0.00157857
0.00197698
0.00241482
0.00274613
0.00289349
0.0027933
0.0024354
0.00194247
0.00146142
0.0010421
0.000659427
0.000261876
-0.000165388
-0.00058675
-0.000963305
-0.0013127
-0.00165339
-0.00197797
-0.00235459
-0.00285293
-0.00344675
-0.00406102
-0.00465558
-0.00521814
-0.00573229
-0.00625995
-0.00680803
-0.00725154
-0.00750513
-0.00750668
-0.00735448
-0.00727804
-0.00721826
-0.00706933
-0.00687947
-0.00659857
-0.00637624
-0.00643621
-0.00655652
-0.00654986
-0.00656019
-0.00662517
-0.00668436
-0.0067759
-0.00689671
-0.00697836
-0.00704631
-0.00715361
-0.00723152
-0.00725735
-0.00732296
-0.00739646
-0.00742168
-0.00748287
-0.0075764
-0.00760881
-0.00764373
-0.00772745
-0.00776527
-0.00775913
-0.00781228
-0.00789571
-0.00792809
-0.00794156
-0.00798817
-0.00804674
-0.008086
-0.00812344
-0.00817146
-0.00822679
-0.00828107
-0.00833793
-0.00839887
-0.00846189
-0.00852781
-0.0085943
-0.00866407
-0.00873507
-0.00880832
-0.00888471
-0.00896202
-0.00904394
-0.00912636
-0.00921242
-0.00930087
-0.00938976
-0.00948364
-0.00957604
-0.00967264
-0.00977081
-0.00986781
-0.00997149
-0.0100709
-0.0101752
-0.0102804
-0.0103826
-0.0104897
-0.0105933
-0.0106944
-0.0107978
0.00134474
0.00175035
0.00221886
0.00259143
0.00277106
0.00270194
0.00238093
0.00190965
0.00142994
0.000998664
0.00060091
0.000199331
-0.000220743
-0.000640258
-0.00102431
-0.00136933
-0.00169525
-0.00201139
-0.00237892
-0.00286487
-0.00344605
-0.00403736
-0.00460151
-0.00514666
-0.00564533
-0.00613988
-0.00665919
-0.00709405
-0.00735548
-0.00738128
-0.00725879
-0.00720885
-0.00717349
-0.00703711
-0.00685172
-0.00658636
-0.00637612
-0.0064293
-0.00654281
-0.00653706
-0.00654973
-0.00662045
-0.00668251
-0.00676909
-0.00688659
-0.00696896
-0.00703493
-0.00713871
-0.00721668
-0.00724434
-0.00731081
-0.00738592
-0.00741268
-0.00747301
-0.00756631
-0.00760035
-0.00763477
-0.00771722
-0.00775755
-0.00775463
-0.00780714
-0.00788907
-0.00792269
-0.00793808
-0.007985
-0.00804343
-0.00808337
-0.00812172
-0.00817019
-0.00822569
-0.00828017
-0.00833721
-0.00839827
-0.00846137
-0.00852737
-0.00859396
-0.00866384
-0.00873493
-0.00880827
-0.00888474
-0.0089621
-0.00904404
-0.00912648
-0.00921253
-0.00930097
-0.00938983
-0.00948371
-0.00957608
-0.00967268
-0.00977082
-0.00986786
-0.0099715
-0.010071
-0.0101752
-0.0102805
-0.0103827
-0.0104899
-0.0105935
-0.0106948
-0.0107988
0.00112
0.00152794
0.00201756
0.00242641
0.00264177
0.00259707
0.00230693
0.00186198
0.00139088
0.000955976
0.000544892
0.000134497
-0.000281271
-0.000694081
-0.00108329
-0.00143169
-0.00174331
-0.0020437
-0.00240152
-0.00287528
-0.00344115
-0.00401151
-0.00454975
-0.00507461
-0.00555082
-0.00601277
-0.00650908
-0.00693936
-0.00720802
-0.00725435
-0.00715656
-0.00713033
-0.00712158
-0.00700143
-0.00682136
-0.00657163
-0.00637495
-0.00642129
-0.00652696
-0.00652209
-0.00653776
-0.00661555
-0.00668169
-0.00676258
-0.00687526
-0.00695805
-0.00702207
-0.00712226
-0.00720071
-0.00723069
-0.007298
-0.00737473
-0.00740321
-0.00746263
-0.00755553
-0.00759119
-0.00762514
-0.00770635
-0.00774931
-0.00774967
-0.00780151
-0.00788193
-0.00791689
-0.00793429
-0.00798152
-0.00803984
-0.00808054
-0.00811984
-0.00816877
-0.00822445
-0.00827915
-0.00833641
-0.00839761
-0.00846081
-0.0085269
-0.00859359
-0.00866358
-0.00873477
-0.00880822
-0.00888476
-0.00896219
-0.00904414
-0.0091266
-0.00921263
-0.00930107
-0.0093899
-0.00948376
-0.00957611
-0.00967273
-0.00977084
-0.00986792
-0.00997151
-0.0100711
-0.0101752
-0.0102807
-0.0103827
-0.0104901
-0.0105936
-0.0106952
-0.0107999
0.000907261
0.00131252
0.00181248
0.0022483
0.00250106
0.00248391
0.00221683
0.00179823
0.00134124
0.000907959
0.00049016
7.05527e-05
-0.000348006
-0.000752842
-0.00113812
-0.00149396
-0.00179885
-0.00207742
-0.00241886
-0.00288074
-0.00343615
-0.00398932
-0.00449647
-0.00499325
-0.00544959
-0.00588863
-0.00636546
-0.00678755
-0.0070598
-0.00712246
-0.00704557
-0.00704182
-0.00706149
-0.00696077
-0.00678847
-0.00655622
-0.0063741
-0.00641273
-0.0065097
-0.00650634
-0.00652462
-0.00660874
-0.00667943
-0.00675436
-0.00686153
-0.0069457
-0.00700913
-0.00710578
-0.00718443
-0.00721646
-0.00728418
-0.00736249
-0.00739301
-0.00745144
-0.00754375
-0.00758121
-0.00761493
-0.00769486
-0.00774042
-0.0077442
-0.00779541
-0.00787431
-0.00791069
-0.00793018
-0.00797777
-0.008036
-0.0080775
-0.00811778
-0.00816719
-0.00822308
-0.00827803
-0.00833553
-0.00839688
-0.00846017
-0.00852637
-0.00859317
-0.00866328
-0.00873459
-0.00880815
-0.00888476
-0.00896226
-0.00904423
-0.00912672
-0.00921274
-0.00930118
-0.00938999
-0.00948384
-0.00957616
-0.00967278
-0.00977085
-0.00986799
-0.00997152
-0.0100712
-0.0101753
-0.0102808
-0.0103828
-0.0104902
-0.0105938
-0.0106957
-0.010801
0.000704126
0.00110684
0.00160774
0.0020593
0.00234459
0.00236205
0.00211602
0.00171816
0.00127754
0.000850726
0.00043286
8.1069e-06
-0.000416503
-0.000817855
-0.00119113
-0.00154997
-0.00185741
-0.00211635
-0.00243508
-0.00288105
-0.00343062
-0.00397264
-0.00443851
-0.00489888
-0.00534934
-0.00577591
-0.00622531
-0.00663057
-0.00690447
-0.00698604
-0.0069314
-0.00694636
-0.00699317
-0.00691625
-0.00675461
-0.00653929
-0.00637161
-0.00640279
-0.00649087
-0.00648846
-0.00650805
-0.00659814
-0.00667552
-0.00674643
-0.00684827
-0.00693352
-0.00699575
-0.00708804
-0.00716656
-0.00720073
-0.00726906
-0.00734945
-0.00738234
-0.00743949
-0.00753096
-0.00757048
-0.00760412
-0.00768267
-0.00773091
-0.00773828
-0.00778886
-0.00786618
-0.00790407
-0.00792579
-0.00797375
-0.00803187
-0.0080742
-0.00811551
-0.00816543
-0.00822156
-0.00827678
-0.00833453
-0.00839604
-0.00845946
-0.00852579
-0.00859272
-0.00866296
-0.00873438
-0.00880805
-0.00888475
-0.00896233
-0.00904433
-0.00912684
-0.00921284
-0.00930127
-0.00939004
-0.0094839
-0.00957618
-0.00967284
-0.00977087
-0.00986807
-0.00997154
-0.0100713
-0.0101753
-0.010281
-0.010383
-0.0104904
-0.010594
-0.0106961
-0.0108021
0.000506022
0.000911779
0.00140961
0.00186589
0.00217196
0.00222481
0.00200509
0.00162342
0.00119839
0.000783304
0.000369646
-5.62227e-05
-0.00048235
-0.000884696
-0.00124858
-0.00159977
-0.00191228
-0.00216317
-0.00245521
-0.00287655
-0.00342059
-0.00395767
-0.0043803
-0.00479752
-0.00525016
-0.00567143
-0.00608456
-0.00646536
-0.006744
-0.00685129
-0.00681969
-0.00684519
-0.00691462
-0.00686581
-0.00671743
-0.00651741
-0.0063651
-0.00639213
-0.00647185
-0.00646906
-0.00648931
-0.00658583
-0.00667126
-0.00673884
-0.0068343
-0.00691924
-0.00697979
-0.00706829
-0.00714791
-0.0071848
-0.00725338
-0.00733561
-0.00737082
-0.00742649
-0.0075171
-0.00755904
-0.00759279
-0.00766983
-0.00772077
-0.00773187
-0.00778178
-0.00785749
-0.00789701
-0.00792104
-0.00796937
-0.00802738
-0.00807059
-0.00811299
-0.00816346
-0.00821984
-0.00827538
-0.00833342
-0.00839514
-0.00845869
-0.00852515
-0.0085922
-0.00866258
-0.00873413
-0.00880794
-0.00888472
-0.00896238
-0.0090444
-0.00912695
-0.00921295
-0.00930139
-0.00939014
-0.00948398
-0.00957623
-0.00967291
-0.00977088
-0.00986815
-0.00997157
-0.0100714
-0.0101754
-0.0102811
-0.0103831
-0.0104906
-0.0105942
-0.0106965
-0.0108032
0.000307919
0.00072135
0.00121906
0.00167311
0.00198805
0.002069
0.00187891
0.00151563
0.00110514
0.000705302
0.000300983
-0.000125852
-0.00054737
-0.000948187
-0.00131314
-0.00164922
-0.00195945
-0.00221399
-0.00247985
-0.00286993
-0.00340319
-0.00393716
-0.00433082
-0.00470117
-0.00514163
-0.00556375
-0.00594787
-0.0063006
-0.00658369
-0.00671817
-0.00670759
-0.00673764
-0.00682453
-0.00680538
-0.00667503
-0.00649219
-0.00635693
-0.00638215
-0.00645376
-0.00644934
-0.00646882
-0.00657035
-0.00666363
-0.00672832
-0.00681837
-0.00690458
-0.00696378
-0.00704787
-0.00712873
-0.00716839
-0.00723627
-0.00732001
-0.00735835
-0.00741291
-0.00750245
-0.00754681
-0.00758077
-0.00765626
-0.00770993
-0.00772487
-0.00777412
-0.0078482
-0.00788942
-0.00791586
-0.00796457
-0.0080225
-0.00806668
-0.00811025
-0.00816131
-0.00821798
-0.00827386
-0.0083322
-0.00839411
-0.0084578
-0.00852442
-0.00859163
-0.00866217
-0.00873385
-0.00880779
-0.00888466
-0.00896243
-0.00904449
-0.00912707
-0.00921304
-0.00930149
-0.0093902
-0.00948406
-0.00957626
-0.00967297
-0.0097709
-0.00986823
-0.0099716
-0.0100715
-0.0101755
-0.0102812
-0.0103833
-0.0104907
-0.0105945
-0.0106969
-0.0108042
0.000111362
0.000529521
0.00103231
0.0014843
0.00180086
0.00189778
0.00173163
0.00139106
0.000999559
0.000617257
0.000227275
-0.000200719
-0.000618227
-0.00100866
-0.00137776
-0.00170365
-0.00200214
-0.00225951
-0.0025059
-0.00286514
-0.0033797
-0.00390929
-0.00429488
-0.00461845
-0.00501569
-0.00544212
-0.00582475
-0.00614827
-0.00642068
-0.00657786
-0.00659068
-0.00662752
-0.00672707
-0.00673523
-0.00662851
-0.00646634
-0.00634678
-0.00636961
-0.00643429
-0.00642892
-0.0064457
-0.00655013
-0.00665231
-0.00671643
-0.00680254
-0.00689123
-0.0069478
-0.00702463
-0.00710684
-0.00715121
-0.0072185
-0.0073033
-0.00734528
-0.00739874
-0.00748663
-0.00753348
-0.00756807
-0.00764201
-0.0076983
-0.00771716
-0.0077658
-0.00783825
-0.00788128
-0.00791027
-0.00795943
-0.00801733
-0.00806252
-0.00810727
-0.00815892
-0.00821588
-0.00827212
-0.00833079
-0.00839296
-0.00845683
-0.00852363
-0.008591
-0.00866169
-0.00873352
-0.00880762
-0.00888459
-0.00896245
-0.00904454
-0.00912717
-0.00921313
-0.00930159
-0.00939029
-0.00948414
-0.00957631
-0.00967305
-0.00977093
-0.00986832
-0.00997165
-0.0100716
-0.0101756
-0.0102814
-0.0103835
-0.0104909
-0.0105947
-0.0106973
-0.0108053
-7.65156e-05
0.000336582
0.000843495
0.00129728
0.00161326
0.0017159
0.0015651
0.00124588
0.000880196
0.000518815
0.000145882
-0.000276649
-0.000697216
-0.00107317
-0.00143466
-0.00176162
-0.00204673
-0.00229488
-0.00253057
-0.00286559
-0.00335508
-0.00387756
-0.00426464
-0.00454517
-0.00488024
-0.00530706
-0.00571462
-0.00601392
-0.00625287
-0.00642436
-0.00647007
-0.00651957
-0.00662794
-0.00665798
-0.00657456
-0.00643466
-0.00633163
-0.00635346
-0.00641338
-0.00640902
-0.00642233
-0.00652721
-0.00663847
-0.00670303
-0.00678428
-0.00687598
-0.00693139
-0.00700006
-0.00708332
-0.00713376
-0.00720032
-0.00728501
-0.00733077
-0.00738365
-0.00746981
-0.00751922
-0.00755462
-0.00762687
-0.00768575
-0.00770877
-0.00775691
-0.00782772
-0.00787267
-0.00790432
-0.00795393
-0.00801173
-0.00805794
-0.00810393
-0.0081562
-0.00821352
-0.00827021
-0.00832928
-0.0083917
-0.00845575
-0.00852273
-0.00859028
-0.00866117
-0.00873314
-0.0088074
-0.00888447
-0.00896245
-0.00904458
-0.00912728
-0.00921323
-0.00930169
-0.00939035
-0.00948421
-0.00957635
-0.00967309
-0.00977096
-0.00986839
-0.00997171
-0.0100718
-0.0101757
-0.0102815
-0.0103837
-0.0104911
-0.010595
-0.0106978
-0.0108063
-0.000249339
0.000147943
0.000649599
0.00110512
0.00142272
0.00152905
0.00138788
0.00108125
0.00074019
0.0004064
5.52372e-05
-0.000350987
-0.000778549
-0.00114875
-0.0014861
-0.0018135
-0.00209557
-0.0023268
-0.00255347
-0.00286926
-0.00333063
-0.00384386
-0.00422856
-0.00447664
-0.00475751
-0.00516501
-0.00559764
-0.00589261
-0.00608988
-0.006262
-0.00634765
-0.00641411
-0.0065266
-0.00657289
-0.00650941
-0.00639311
-0.00631296
-0.00633824
-0.00639208
-0.00638833
-0.00639959
-0.00650201
-0.00661964
-0.00668543
-0.0067624
-0.00685929
-0.00691749
-0.0069768
-0.0070568
-0.0071131
-0.00718103
-0.0072661
-0.00731543
-0.00736773
-0.00745184
-0.0075037
-0.00754022
-0.007611
-0.00767253
-0.00769978
-0.00774745
-0.00781658
-0.00786347
-0.00789783
-0.00794788
-0.00800562
-0.00805295
-0.00810027
-0.00815327
-0.00821099
-0.00826811
-0.00832755
-0.00839026
-0.00845453
-0.00852175
-0.00858948
-0.00866056
-0.0087327
-0.00880714
-0.00888433
-0.00896242
-0.0090446
-0.00912734
-0.0092133
-0.00930177
-0.00939042
-0.00948429
-0.0095764
-0.00967317
-0.00977101
-0.00986848
-0.0099718
-0.0100719
-0.0101759
-0.0102817
-0.0103839
-0.0104913
-0.0105953
-0.0106983
-0.0108073
-0.000402883
-3.0047e-05
0.000452817
0.000903355
0.00122434
0.00133823
0.00120592
0.000903844
0.000576795
0.000274483
-4.46056e-05
-0.000425149
-0.000854381
-0.0012335
-0.00154446
-0.00185486
-0.00214324
-0.00236495
-0.00257544
-0.00287046
-0.00330568
-0.00380837
-0.00418447
-0.00441237
-0.00465943
-0.00502411
-0.00545602
-0.00577574
-0.0059494
-0.00609946
-0.00621538
-0.0063053
-0.00642128
-0.00648282
-0.00643917
-0.00634427
-0.0062889
-0.00632276
-0.00636948
-0.00636429
-0.00637595
-0.00647512
-0.00659649
-0.0066649
-0.00673875
-0.00684086
-0.00690382
-0.00695354
-0.0070275
-0.0070898
-0.00716135
-0.00724706
-0.0072989
-0.00735016
-0.00743244
-0.00748732
-0.00752537
-0.00759451
-0.00765842
-0.00768997
-0.00773725
-0.00780464
-0.00785352
-0.00789073
-0.00794135
-0.00799912
-0.00804766
-0.00809636
-0.00815003
-0.00820811
-0.00826571
-0.00832563
-0.00838868
-0.00845318
-0.00852064
-0.00858858
-0.00865989
-0.00873221
-0.00880682
-0.00888414
-0.00896234
-0.0090446
-0.0091274
-0.00921338
-0.00930186
-0.0093905
-0.00948434
-0.00957645
-0.00967321
-0.00977106
-0.00986855
-0.00997189
-0.010072
-0.0101761
-0.0102818
-0.0103842
-0.0104915
-0.0105956
-0.0106987
-0.0108083
-0.000533483
-0.000189609
0.000259494
0.000692474
0.00101162
0.00113686
0.00101984
0.000721969
0.000397018
0.000119479
-0.000156953
-0.000502637
-0.000923274
-0.00131785
-0.00161982
-0.00189442
-0.00217844
-0.00240795
-0.00259989
-0.00286881
-0.00328052
-0.00376933
-0.00413849
-0.00435413
-0.00457605
-0.00488959
-0.00529764
-0.00565649
-0.00583436
-0.00594368
-0.00606602
-0.00619026
-0.00631759
-0.00639123
-0.00636742
-0.00628849
-0.00625253
-0.00630166
-0.00634765
-0.00633854
-0.00635003
-0.00644845
-0.0065726
-0.0066416
-0.00671051
-0.00681746
-0.0068886
-0.00693247
-0.00699924
-0.00706424
-0.00713838
-0.00722614
-0.00728189
-0.00733204
-0.00741193
-0.00746992
-0.00750977
-0.00757705
-0.00764318
-0.00767923
-0.00772629
-0.00779195
-0.00784292
-0.00788318
-0.00793446
-0.00799222
-0.00804189
-0.00809194
-0.00814636
-0.00820494
-0.00826311
-0.00832351
-0.0083869
-0.00845168
-0.0085194
-0.00858759
-0.00865912
-0.00873163
-0.00880643
-0.00888391
-0.00896224
-0.00904458
-0.00912742
-0.00921343
-0.00930191
-0.00939056
-0.0094844
-0.00957651
-0.00967328
-0.00977113
-0.00986863
-0.009972
-0.0100721
-0.0101763
-0.010282
-0.0103844
-0.0104917
-0.0105959
-0.0106992
-0.0108092
-0.000641864
-0.000323226
7.90556e-05
0.000477043
0.000781962
0.000917609
0.000824293
0.000539188
0.000213127
-5.34942e-05
-0.000287245
-0.000587801
-0.000989957
-0.00139498
-0.00170736
-0.00194569
-0.00219911
-0.00244344
-0.00263026
-0.00287063
-0.00325699
-0.0037262
-0.00409457
-0.00429973
-0.00449083
-0.00476793
-0.00514766
-0.00552474
-0.00572486
-0.00580242
-0.00590977
-0.00606971
-0.00621862
-0.00629636
-0.00628913
-0.00622734
-0.0062056
-0.00627262
-0.00632747
-0.00631428
-0.00632112
-0.00641986
-0.00654754
-0.00661463
-0.00667691
-0.00679021
-0.00687298
-0.00691286
-0.00697126
-0.00703645
-0.00711184
-0.00720316
-0.00726527
-0.00731416
-0.00738971
-0.00745055
-0.00749328
-0.0075589
-0.00762684
-0.00766753
-0.0077147
-0.00777869
-0.00783174
-0.0078751
-0.00792698
-0.00798465
-0.00803555
-0.00808714
-0.00814242
-0.00820148
-0.00826021
-0.00832113
-0.00838493
-0.00845001
-0.00851801
-0.00858647
-0.00865824
-0.00873099
-0.00880599
-0.00888362
-0.00896207
-0.00904451
-0.00912741
-0.00921347
-0.00930196
-0.00939062
-0.00948444
-0.00957656
-0.00967332
-0.00977119
-0.00986871
-0.00997211
-0.0100722
-0.0101765
-0.0102821
-0.0103847
-0.010492
-0.0105962
-0.0106998
-0.0108101
-0.000737189
-0.000430573
-7.85363e-05
0.000266227
0.000539697
0.000675522
0.000610366
0.000352335
3.29787e-05
-0.00023193
-0.000436473
-0.000686699
-0.00105804
-0.00146391
-0.00179394
-0.00201584
-0.00221991
-0.00246048
-0.00266175
-0.00288278
-0.00323722
-0.00368083
-0.00405016
-0.00424673
-0.00440163
-0.00465982
-0.005019
-0.00538135
-0.00560427
-0.00568186
-0.00576389
-0.00593764
-0.00611659
-0.00619995
-0.00620268
-0.00616382
-0.00615583
-0.00623427
-0.0063025
-0.00629121
-0.00629006
-0.00638618
-0.00652094
-0.00658865
-0.00664109
-0.00675735
-0.00685373
-0.00689267
-0.00694427
-0.00700969
-0.00708336
-0.00717582
-0.00724694
-0.00729709
-0.00736661
-0.00742887
-0.00747562
-0.00754029
-0.00760959
-0.00765492
-0.00770258
-0.00776483
-0.00781968
-0.00786613
-0.00791882
-0.00797662
-0.00802885
-0.00808196
-0.00813806
-0.00819763
-0.00825699
-0.0083185
-0.00838271
-0.00844814
-0.00851647
-0.00858523
-0.00865726
-0.00873024
-0.00880543
-0.00888327
-0.00896185
-0.00904441
-0.00912736
-0.00921348
-0.00930197
-0.00939066
-0.00948448
-0.00957661
-0.00967338
-0.00977127
-0.00986881
-0.00997223
-0.0100724
-0.0101767
-0.0102823
-0.0103849
-0.0104922
-0.0105965
-0.0107003
-0.010811
-0.000831792
-0.000520463
-0.000207428
7.24125e-05
0.00029465
0.000412436
0.000371674
0.00015328
-0.000146407
-0.000406145
-0.000596447
-0.000801229
-0.0011281
-0.00152735
-0.00187344
-0.00210084
-0.00225983
-0.00246308
-0.00268194
-0.00290169
-0.00322258
-0.00363964
-0.00400372
-0.00419376
-0.00431728
-0.00455755
-0.00490431
-0.00524171
-0.00547517
-0.00557367
-0.00563221
-0.00579296
-0.00600556
-0.00611094
-0.00611423
-0.00609312
-0.00610378
-0.00618794
-0.00626782
-0.00626654
-0.00625988
-0.00634998
-0.00649227
-0.00656366
-0.00660279
-0.00671697
-0.00683018
-0.00687322
-0.00691781
-0.00698336
-0.00705419
-0.00714407
-0.00722497
-0.0072808
-0.00734424
-0.00740516
-0.00745617
-0.00752132
-0.00759181
-0.00764126
-0.0076895
-0.00775
-0.00780665
-0.0078565
-0.0079103
-0.00796817
-0.00802157
-0.00807622
-0.00813323
-0.0081934
-0.00825342
-0.00831557
-0.00838026
-0.00844608
-0.00851474
-0.00858383
-0.00865613
-0.0087294
-0.00880481
-0.00888285
-0.00896156
-0.00904425
-0.00912727
-0.00921346
-0.00930197
-0.00939069
-0.00948451
-0.00957665
-0.00967343
-0.00977132
-0.0098689
-0.00997235
-0.0100725
-0.0101769
-0.0102825
-0.0103852
-0.0104925
-0.0105968
-0.0107008
-0.0108118
-0.000931123
-0.000607219
-0.000313485
-9.42647e-05
6.13883e-05
0.000140043
0.000107921
-6.87389e-05
-0.000334875
-0.000575201
-0.000753395
-0.000925708
-0.00120321
-0.00158705
-0.00194648
-0.00219155
-0.0023254
-0.00246839
-0.00268186
-0.00291525
-0.00321552
-0.00360794
-0.00395658
-0.00414255
-0.00424624
-0.00445324
-0.00478876
-0.00511978
-0.00535079
-0.00546155
-0.00550911
-0.00564801
-0.00588714
-0.00603017
-0.00602929
-0.00600888
-0.00604336
-0.00613997
-0.00622783
-0.00623717
-0.00622982
-0.00631319
-0.00645882
-0.00653597
-0.00656557
-0.0066734
-0.00680103
-0.0068519
-0.00689037
-0.00695706
-0.00702711
-0.00711003
-0.00719688
-0.00726313
-0.00732426
-0.00738104
-0.00743422
-0.00750108
-0.00757332
-0.00762637
-0.00767531
-0.00773455
-0.00779312
-0.00784632
-0.00790114
-0.00795902
-0.00801364
-0.00806995
-0.00812797
-0.00818879
-0.00824952
-0.00831235
-0.00837753
-0.00844378
-0.00851281
-0.00858228
-0.00865487
-0.00872844
-0.00880407
-0.00888233
-0.0089612
-0.00904404
-0.00912714
-0.0092134
-0.00930194
-0.00939069
-0.00948452
-0.00957668
-0.00967348
-0.00977138
-0.00986901
-0.00997248
-0.0100727
-0.0101771
-0.0102828
-0.0103855
-0.0104928
-0.0105971
-0.0107013
-0.0108126
-0.00103646
-0.000703162
-0.000410082
-0.000231563
-0.000142913
-0.000122739
-0.000172572
-0.000319517
-0.000540404
-0.000746721
-0.000904347
-0.00105223
-0.00128471
-0.0016416
-0.00201283
-0.00228073
-0.00240987
-0.00249645
-0.0026702
-0.00291244
-0.00321046
-0.00358205
-0.00391563
-0.00410023
-0.00418728
-0.00434665
-0.0046662
-0.00501515
-0.00524145
-0.00534402
-0.00539266
-0.00551445
-0.00575991
-0.00594476
-0.00595228
-0.00591933
-0.00597031
-0.00608994
-0.00618841
-0.00620255
-0.00619262
-0.00627366
-0.00642461
-0.00650724
-0.00652957
-0.00662771
-0.00676457
-0.00682695
-0.00686318
-0.00693022
-0.00700134
-0.00707613
-0.00716355
-0.00724148
-0.00730587
-0.00735822
-0.00740998
-0.00747819
-0.00755377
-0.00761114
-0.00766081
-0.00771855
-0.00777863
-0.0078351
-0.00789122
-0.00794933
-0.0080052
-0.00806319
-0.00812227
-0.00818377
-0.00824521
-0.00830876
-0.00837449
-0.00844124
-0.00851067
-0.00858054
-0.00865344
-0.00872733
-0.00880321
-0.00888173
-0.00896077
-0.00904375
-0.00912695
-0.00921329
-0.00930188
-0.00939066
-0.00948453
-0.00957669
-0.00967353
-0.00977143
-0.00986911
-0.00997261
-0.0100728
-0.0101773
-0.010283
-0.0103858
-0.0104932
-0.0105975
-0.0107018
-0.0108134
-0.00115129
-0.000816605
-0.000513534
-0.000348112
-0.00030826
-0.00035377
-0.000449653
-0.000589341
-0.00076835
-0.000933472
-0.00105723
-0.00117507
-0.00136807
-0.00169106
-0.00206864
-0.0023637
-0.00250547
-0.00255637
-0.00266613
-0.00289128
-0.00319668
-0.00355709
-0.00388519
-0.00406852
-0.00413549
-0.00425007
-0.00454117
-0.00490854
-0.00514537
-0.00523705
-0.00528528
-0.00538933
-0.00562048
-0.00584682
-0.00588909
-0.00584012
-0.00588345
-0.00602616
-0.00614874
-0.00616848
-0.00614942
-0.00622896
-0.00639104
-0.00647831
-0.00649096
-0.0065804
-0.00672465
-0.00679828
-0.0068344
-0.00690149
-0.00697582
-0.00704503
-0.00712775
-0.00721324
-0.00728603
-0.0073381
-0.00738559
-0.00745247
-0.00753266
-0.00759592
-0.00764597
-0.00770131
-0.0077628
-0.00782307
-0.00788089
-0.00793919
-0.00799614
-0.00805581
-0.008116
-0.00817825
-0.00824047
-0.00830483
-0.00837116
-0.00843843
-0.00850828
-0.00857859
-0.00865184
-0.00872608
-0.00880223
-0.00888099
-0.00896023
-0.00904337
-0.00912671
-0.00921312
-0.00930179
-0.00939059
-0.00948451
-0.00957668
-0.00967357
-0.00977149
-0.00986921
-0.00997275
-0.010073
-0.0101776
-0.0102832
-0.0103861
-0.0104935
-0.0105978
-0.0107023
-0.0108141
-0.00128257
-0.000957989
-0.000641594
-0.000461045
-0.000440046
-0.000536308
-0.00069174
-0.000855736
-0.00101522
-0.00114406
-0.00122449
-0.00130015
-0.00145152
-0.00173714
-0.00210939
-0.00243276
-0.00260351
-0.00264306
-0.00268984
-0.00286686
-0.00316638
-0.00352408
-0.00385623
-0.00404566
-0.00409857
-0.00417686
-0.00441841
-0.00478163
-0.00505718
-0.00515612
-0.00518773
-0.00526722
-0.00547634
-0.00573808
-0.00583286
-0.00577587
-0.00579021
-0.00594217
-0.00610153
-0.00614372
-0.00610958
-0.00617099
-0.00634866
-0.00645391
-0.00645469
-0.00652972
-0.00668192
-0.00676652
-0.00680232
-0.00687089
-0.00695005
-0.007016
-0.00709215
-0.00717978
-0.00726146
-0.00731933
-0.00736401
-0.00742535
-0.00750804
-0.00757916
-0.00763123
-0.0076837
-0.00774593
-0.00781022
-0.00787006
-0.00792848
-0.00798635
-0.00804775
-0.00810922
-0.00817233
-0.00823533
-0.0083005
-0.00836747
-0.00843531
-0.00850565
-0.00857643
-0.00865006
-0.00872464
-0.00880111
-0.00888013
-0.00895961
-0.0090429
-0.0091264
-0.00921288
-0.00930165
-0.00939049
-0.00948446
-0.00957666
-0.00967359
-0.00977154
-0.00986929
-0.00997289
-0.0100732
-0.0101778
-0.0102834
-0.0103863
-0.0104939
-0.0105982
-0.0107028
-0.0108148
-0.00143201
-0.00113454
-0.000811517
-0.000596983
-0.000556701
-0.000671124
-0.000874023
-0.00108612
-0.00126082
-0.00137334
-0.00141699
-0.00144283
-0.00154131
-0.00178126
-0.00213241
-0.0024785
-0.00269412
-0.00274652
-0.00275093
-0.00285927
-0.00312116
-0.00347579
-0.00381888
-0.00403011
-0.00408501
-0.00412596
-0.00430515
-0.00464152
-0.00496351
-0.00509219
-0.00510354
-0.00515877
-0.00534047
-0.00561279
-0.00576633
-0.00572695
-0.00570809
-0.00584621
-0.00603618
-0.00611965
-0.0060806
-0.00610574
-0.0062907
-0.00643266
-0.00642701
-0.00647385
-0.0066329
-0.00673514
-0.00676859
-0.00683624
-0.00692276
-0.00698818
-0.00705841
-0.00714419
-0.00723097
-0.0072988
-0.00734598
-0.00739894
-0.00747928
-0.00755965
-0.00761741
-0.00766685
-0.00772777
-0.0077958
-0.00785854
-0.00791737
-0.00797596
-0.00803907
-0.00810193
-0.00816592
-0.0082297
-0.00829574
-0.00836342
-0.00843189
-0.00850273
-0.008574
-0.00864807
-0.00872303
-0.00879985
-0.00887912
-0.00895887
-0.00904231
-0.009126
-0.00921257
-0.00930145
-0.00939035
-0.00948436
-0.00957662
-0.00967358
-0.00977158
-0.00986936
-0.00997304
-0.0100733
-0.0101781
-0.0102837
-0.0103866
-0.0104943
-0.0105986
-0.0107033
-0.0108154
-0.00157733
-0.00133722
-0.00102769
-0.000782105
-0.000693239
-0.000779139
-0.000994991
-0.00125294
-0.00147029
-0.00160044
-0.00163122
-0.0016165
-0.00165317
-0.00182921
-0.0021432
-0.00249786
-0.00276216
-0.00285273
-0.00284266
-0.00288423
-0.00308059
-0.00341504
-0.00376618
-0.00400995
-0.00408639
-0.00409611
-0.00421723
-0.00450677
-0.00484554
-0.00502698
-0.00504435
-0.00507474
-0.00521621
-0.00547026
-0.00568111
-0.00569059
-0.00564764
-0.00574866
-0.00594605
-0.00608134
-0.00606849
-0.00605057
-0.00621259
-0.00640011
-0.00641209
-0.00642107
-0.00657383
-0.00670275
-0.00673657
-0.00679653
-0.00689238
-0.00696142
-0.00702608
-0.00710929
-0.00719702
-0.0072727
-0.00732852
-0.0073765
-0.00744912
-0.00753589
-0.00760295
-0.00765116
-0.0077087
-0.00777955
-0.00784633
-0.00790617
-0.00796506
-0.00802962
-0.00809401
-0.00815904
-0.00822364
-0.00829057
-0.008359
-0.00842813
-0.00849954
-0.00857133
-0.00864587
-0.0087212
-0.0087984
-0.00887794
-0.008958
-0.00904161
-0.0091255
-0.00921219
-0.00930117
-0.00939017
-0.00948422
-0.00957656
-0.00967354
-0.00977161
-0.00986943
-0.00997317
-0.0100735
-0.0101783
-0.010284
-0.0103869
-0.0104946
-0.0105989
-0.0107037
-0.010816
-0.00167437
-0.00152184
-0.00126799
-0.00101984
-0.000880426
-0.000903639
-0.00108285
-0.00135482
-0.00161623
-0.00179218
-0.00184801
-0.00181902
-0.00180128
-0.00189886
-0.0021547
-0.00249448
-0.00279399
-0.00294264
-0.00294943
-0.0029484
-0.00306911
-0.00335115
-0.00369613
-0.0039712
-0.00408823
-0.00409209
-0.0041631
-0.00438903
-0.00470797
-0.00494859
-0.00500414
-0.00501078
-0.00510947
-0.00532978
-0.00557552
-0.00565046
-0.00560508
-0.00566318
-0.0058455
-0.00601964
-0.00605807
-0.00601695
-0.00612681
-0.00634371
-0.00640311
-0.00638295
-0.00650616
-0.00666206
-0.0067095
-0.00675543
-0.006856
-0.00693492
-0.00699534
-0.00707527
-0.00716221
-0.00724098
-0.00730828
-0.00735864
-0.00742079
-0.00750721
-0.00758541
-0.00763709
-0.00769042
-0.0077617
-0.00783289
-0.00789474
-0.00795372
-0.00801937
-0.00808546
-0.00815171
-0.00821714
-0.00828494
-0.0083542
-0.00842404
-0.00849607
-0.00856838
-0.00864343
-0.00871916
-0.00879679
-0.00887661
-0.00895698
-0.0090408
-0.00912488
-0.00921173
-0.0093008
-0.00938993
-0.00948402
-0.00957646
-0.00967348
-0.00977162
-0.00986949
-0.00997328
-0.0100736
-0.0101785
-0.0102842
-0.0103872
-0.010495
-0.0105993
-0.0107041
-0.0108166
-0.00170858
-0.00164603
-0.00148104
-0.00127892
-0.00111865
-0.00107833
-0.00118758
-0.00142173
-0.0016987
-0.00192309
-0.00203354
-0.00202816
-0.00198275
-0.00200901
-0.00218556
-0.00248124
-0.00279134
-0.0029988
-0.00305193
-0.00304089
-0.00309718
-0.00330341
-0.00361916
-0.00391039
-0.00407591
-0.00410675
-0.00413892
-0.00429816
-0.00457526
-0.00484732
-0.00495848
-0.00496583
-0.00503268
-0.00520815
-0.0054495
-0.00558925
-0.00557583
-0.00560081
-0.00574852
-0.00593308
-0.00603023
-0.00600561
-0.00605495
-0.00626188
-0.00638285
-0.00636444
-0.00644113
-0.00660728
-0.00668393
-0.00671873
-0.00681335
-0.006906
-0.00696647
-0.00704114
-0.00712857
-0.00720751
-0.00728247
-0.00734155
-0.00739704
-0.00747652
-0.00756334
-0.00762343
-0.00767394
-0.00774265
-0.00781753
-0.00788287
-0.00794234
-0.00800855
-0.00807621
-0.00814387
-0.0082102
-0.00827884
-0.00834896
-0.00841955
-0.00849225
-0.00856512
-0.00864074
-0.00871691
-0.00879498
-0.00887512
-0.00895581
-0.00903988
-0.00912415
-0.00921119
-0.00930035
-0.00938963
-0.00948377
-0.00957631
-0.00967339
-0.00977157
-0.00986953
-0.00997336
-0.0100738
-0.0101787
-0.0102845
-0.0103875
-0.0104953
-0.0105997
-0.0107045
-0.0108171
-0.00169827
-0.00170226
-0.00163058
-0.00150749
-0.00137604
-0.00130222
-0.0013404
-0.00150301
-0.00174893
-0.0019947
-0.00216072
-0.00220846
-0.00217651
-0.00215956
-0.00225421
-0.0024816
-0.00277054
-0.00301454
-0.0031279
-0.00313959
-0.00316043
-0.00329175
-0.00355078
-0.00383616
-0.00404142
-0.00411729
-0.00413679
-0.00424351
-0.00446602
-0.0047287
-0.0048957
-0.00493561
-0.00497985
-0.00510936
-0.00532166
-0.00550633
-0.00554652
-0.00555646
-0.00566567
-0.00583844
-0.00597675
-0.00599823
-0.00600989
-0.0061711
-0.00633753
-0.00635584
-0.00639163
-0.0065413
-0.00665151
-0.00668987
-0.00676896
-0.00687103
-0.00693902
-0.00700812
-0.00709564
-0.0071748
-0.00725179
-0.00732132
-0.00737792
-0.00744791
-0.00753673
-0.00760744
-0.00765931
-0.00772397
-0.00780054
-0.00787026
-0.00793108
-0.00799737
-0.00806627
-0.00813553
-0.0082029
-0.00827232
-0.00834331
-0.00841468
-0.0084881
-0.00856154
-0.00863774
-0.00871437
-0.0087929
-0.00887342
-0.00895443
-0.00903881
-0.00912328
-0.00921056
-0.00929983
-0.00938928
-0.0094835
-0.00957613
-0.00967331
-0.00977153
-0.00986958
-0.00997345
-0.0100739
-0.0101789
-0.0102847
-0.0103878
-0.0104956
-0.0106
-0.0107049
-0.0108176
-0.00168488
-0.00171594
-0.00171407
-0.00167421
-0.00160551
-0.00154292
-0.00153703
-0.00162677
-0.00180989
-0.00203554
-0.00223089
-0.00233566
-0.00234846
-0.002328
-0.002364
-0.00251581
-0.00275516
-0.00300221
-0.00316558
-0.00322191
-0.00324166
-0.00331875
-0.0035093
-0.00376463
-0.00398567
-0.00410776
-0.00414851
-0.00422051
-0.00438609
-0.00461599
-0.00481469
-0.00489916
-0.00494161
-0.0050401
-0.00521297
-0.00540586
-0.00550054
-0.00552395
-0.00560386
-0.00575063
-0.00590218
-0.00597565
-0.00598756
-0.0060934
-0.00626899
-0.00633971
-0.00636121
-0.00647632
-0.00660712
-0.00666452
-0.00672853
-0.00683043
-0.00691099
-0.00697738
-0.00706204
-0.00714337
-0.00722007
-0.00729639
-0.00735998
-0.00742349
-0.0075081
-0.00758769
-0.00764554
-0.00770695
-0.00778247
-0.00785622
-0.00791966
-0.00798617
-0.00805586
-0.00812674
-0.00819534
-0.00826556
-0.00833739
-0.00840956
-0.0084837
-0.00855772
-0.00863449
-0.0087116
-0.00879058
-0.00887148
-0.0089528
-0.00903749
-0.00912216
-0.0092097
-0.0092991
-0.00938871
-0.00948306
-0.00957577
-0.00967309
-0.00977135
-0.00986952
-0.00997346
-0.010074
-0.0101791
-0.0102849
-0.010388
-0.0104959
-0.0106004
-0.0107053
-0.010818
-0.0016989
-0.00172932
-0.00176073
-0.00178173
-0.00177862
-0.00175617
-0.00174586
-0.00178722
-0.00190472
-0.0020817
-0.00226946
-0.00241132
-0.00247471
-0.00248229
-0.0024975
-0.00258788
-0.00276576
-0.00298473
-0.00317161
-0.0032743
-0.00331751
-0.00337162
-0.00350268
-0.00370982
-0.00392359
-0.00407856
-0.00415468
-0.00421544
-0.00433781
-0.00452629
-0.00472415
-0.00484938
-0.00491202
-0.0049928
-0.0051282
-0.00530488
-0.00543808
-0.00549263
-0.00555736
-0.00567786
-0.00582281
-0.00593157
-0.00597114
-0.00604043
-0.00619281
-0.00630414
-0.00634127
-0.00642414
-0.00655349
-0.00663517
-0.00669553
-0.00678895
-0.00687939
-0.00694849
-0.00702907
-0.00711284
-0.00718978
-0.007268
-0.00733971
-0.00740281
-0.00748088
-0.00756453
-0.00763043
-0.00769134
-0.00776425
-0.00784076
-0.00790776
-0.00797499
-0.00804507
-0.00811742
-0.00818747
-0.00825857
-0.00833122
-0.00840424
-0.00847917
-0.00855385
-0.00863123
-0.00870889
-0.00878832
-0.00886966
-0.00895131
-0.00903633
-0.00912121
-0.00920899
-0.00929854
-0.00938829
-0.00948278
-0.00957554
-0.00967299
-0.00977129
-0.00986954
-0.00997355
-0.0100741
-0.0101793
-0.0102852
-0.0103883
-0.0104963
-0.0106007
-0.0107056
-0.0108184
-0.0017432
-0.0017667
-0.00180685
-0.00185646
-0.00189824
-0.00192006
-0.00193095
-0.00195708
-0.00202754
-0.00215178
-0.00230817
-0.00245567
-0.00255531
-0.00260142
-0.00262648
-0.00268374
-0.00280743
-0.00298359
-0.0031649
-0.00329767
-0.00337267
-0.00342972
-0.00352364
-0.00368232
-0.00387171
-0.00403727
-0.00414486
-0.00421639
-0.00431454
-0.00446445
-0.00464188
-0.00478898
-0.00487826
-0.00495707
-0.00506876
-0.00521982
-0.00536518
-0.00545281
-0.00552042
-0.00562172
-0.00575127
-0.00587393
-0.00594654
-0.00600625
-0.00612603
-0.0062534
-0.00631931
-0.00638635
-0.00650036
-0.00659958
-0.00666717
-0.00675049
-0.00684463
-0.00692092
-0.00699869
-0.00708259
-0.00716129
-0.00723934
-0.00731699
-0.00738398
-0.00745669
-0.00753962
-0.00761312
-0.00767674
-0.0077469
-0.00782418
-0.00789476
-0.00796342
-0.00803364
-0.00810706
-0.00817859
-0.00825067
-0.00832409
-0.00839794
-0.00847369
-0.00854905
-0.00862704
-0.00870526
-0.00878519
-0.008867
-0.00894902
-0.00903443
-0.0091196
-0.00920766
-0.00929745
-0.00938738
-0.00948208
-0.00957496
-0.00967258
-0.00977098
-0.00986932
-0.00997347
-0.0100741
-0.0101793
-0.0102853
-0.0103884
-0.0104965
-0.0106009
-0.0107059
-0.0108187
-0.00180383
-0.00182548
-0.00186524
-0.00192276
-0.0019857
-0.00203845
-0.00207512
-0.00210738
-0.00215724
-0.00224272
-0.00236213
-0.00249362
-0.00260706
-0.00268361
-0.0027311
-0.00278207
-0.00287104
-0.00300581
-0.00316344
-0.0033048
-0.00340533
-0.00347777
-0.00355859
-0.00368032
-0.00383801
-0.00399674
-0.00412308
-0.0042138
-0.00430458
-0.00442623
-0.00457797
-0.00472745
-0.0048387
-0.00492667
-0.00502645
-0.00515412
-0.00529481
-0.00540545
-0.00548561
-0.0055773
-0.00569256
-0.00581462
-0.0059103
-0.00597937
-0.00607547
-0.0061985
-0.00628918
-0.00635799
-0.00645502
-0.00655946
-0.00663914
-0.00671783
-0.00681029
-0.00689344
-0.00697131
-0.00705414
-0.00713538
-0.00721328
-0.00729351
-0.00736613
-0.0074373
-0.00751707
-0.00759524
-0.00766373
-0.00773271
-0.00780924
-0.00788265
-0.00795351
-0.00802408
-0.00809813
-0.00817098
-0.0082441
-0.00831821
-0.00839276
-0.00846923
-0.00854524
-0.00862378
-0.00870251
-0.00878286
-0.00886507
-0.0089474
-0.0090331
-0.00911851
-0.00920675
-0.00929674
-0.00938678
-0.00948165
-0.0095746
-0.00967233
-0.00977083
-0.00986922
-0.00997347
-0.0100741
-0.0101794
-0.0102855
-0.0103886
-0.0104967
-0.0106012
-0.0107062
-0.010819
-0.00186558
-0.00189277
-0.00193312
-0.00199011
-0.00205743
-0.00212357
-0.00217952
-0.00222584
-0.00227367
-0.00233858
-0.00242862
-0.00253754
-0.00264707
-0.00273877
-0.00280776
-0.00286705
-0.00294093
-0.00304538
-0.00317563
-0.00330939
-0.0034227
-0.00351169
-0.00359379
-0.00369467
-0.00382441
-0.00396723
-0.00409857
-0.00420457
-0.00429824
-0.00440558
-0.00453555
-0.0046747
-0.00479675
-0.00489656
-0.00499416
-0.00510705
-0.00523512
-0.00535426
-0.00544925
-0.00554062
-0.00564499
-0.00575961
-0.00586619
-0.00595026
-0.0060369
-0.00614721
-0.00625025
-0.0063297
-0.0064169
-0.00651792
-0.00660748
-0.00668732
-0.00677578
-0.0068628
-0.00694348
-0.0070251
-0.00710787
-0.00718656
-0.0072672
-0.00734444
-0.00741755
-0.00749427
-0.00757358
-0.0076471
-0.00771721
-0.00779259
-0.00786755
-0.00794096
-0.0080125
-0.0080871
-0.00816116
-0.00823551
-0.0083105
-0.00838583
-0.0084631
-0.00853987
-0.00861906
-0.00869844
-0.00877935
-0.00886209
-0.00894487
-0.00903097
-0.00911674
-0.00920528
-0.00929555
-0.0093858
-0.00948087
-0.00957399
-0.00967185
-0.0097705
-0.00986897
-0.00997334
-0.010074
-0.0101794
-0.0102855
-0.0103887
-0.0104969
-0.0106014
-0.0107064
-0.0108192
-0.00193309
-0.00196746
-0.00200786
-0.00205989
-0.00212314
-0.00219156
-0.00225709
-0.00231547
-0.00236967
-0.00242862
-0.00250119
-0.00258952
-0.00268682
-0.00278112
-0.00286362
-0.00293552
-0.00300853
-0.0030962
-0.0032031
-0.00332143
-0.00343588
-0.00353659
-0.00362694
-0.00372089
-0.00383078
-0.00395521
-0.00408143
-0.00419607
-0.0042982
-0.00440092
-0.00451496
-0.00464034
-0.00476355
-0.00487305
-0.00497444
-0.00507992
-0.00519545
-0.00531352
-0.00541897
-0.00551494
-0.00561423
-0.00572134
-0.00582919
-0.00592502
-0.00601333
-0.00611258
-0.00621639
-0.0063067
-0.00639289
-0.00648761
-0.0065811
-0.00666546
-0.00675162
-0.00683903
-0.00692263
-0.00700406
-0.00708725
-0.00716722
-0.00724759
-0.00732687
-0.00740296
-0.0074786
-0.00755703
-0.00763361
-0.00770586
-0.00778052
-0.00785566
-0.00793083
-0.00800346
-0.0080784
-0.00815314
-0.00822843
-0.00830416
-0.00838011
-0.00845802
-0.00853536
-0.00861502
-0.00869481
-0.00877611
-0.00885921
-0.00894232
-0.00902873
-0.00911479
-0.00920357
-0.00929409
-0.00938455
-0.00947982
-0.00957312
-0.00967113
-0.00976994
-0.00986853
-0.00997304
-0.0100739
-0.0101793
-0.0102855
-0.0103888
-0.010497
-0.0106015
-0.0107065
-0.0108194
-0.00196918
-0.00201535
-0.00206371
-0.00211693
-0.00217651
-0.00224133
-0.00230784
-0.00237237
-0.00243382
-0.00249492
-0.00256084
-0.00263574
-0.00271966
-0.00280795
-0.00289433
-0.00297553
-0.00305398
-0.00313661
-0.00322929
-0.00333239
-0.00343974
-0.00354355
-0.00364089
-0.00373594
-0.00383662
-0.00394711
-0.00406372
-0.00417862
-0.00428639
-0.00439031
-0.00449769
-0.00461246
-0.0047304
-0.00484343
-0.00494935
-0.00505359
-0.00516186
-0.00527441
-0.00538293
-0.00548414
-0.0055834
-0.00568591
-0.00579105
-0.00589248
-0.00598647
-0.00608135
-0.00618143
-0.00627748
-0.00636716
-0.00645826
-0.00655176
-0.00664023
-0.00672673
-0.00681353
-0.00689932
-0.00698198
-0.0070655
-0.0071468
-0.00722771
-0.0073077
-0.00738607
-0.00746269
-0.00754076
-0.00761906
-0.00769397
-0.00776937
-0.00784472
-0.00792129
-0.00799539
-0.00807104
-0.00814642
-0.00822257
-0.00829906
-0.00837559
-0.00845403
-0.0085319
-0.00861205
-0.00869229
-0.00877399
-0.00885746
-0.00894089
-0.00902756
-0.00911386
-0.00920282
-0.00929351
-0.0093841
-0.00947947
-0.00957288
-0.00967095
-0.00976984
-0.00986847
-0.00997302
-0.0100739
-0.0101794
-0.0102856
-0.0103889
-0.0104971
-0.0106017
-0.0107066
-0.0108195
-0.00201365
-0.00206694
-0.002123
-0.00218114
-0.00224173
-0.00230494
-0.00236996
-0.0024352
-0.00249946
-0.0025632
-0.00262873
-0.00269898
-0.00277554
-0.00285743
-0.00294155
-0.0030249
-0.00310676
-0.00318965
-0.00327731
-0.0033718
-0.00347153
-0.00357237
-0.00367095
-0.00376754
-0.00386576
-0.00396931
-0.00407807
-0.00418853
-0.00429641
-0.00440151
-0.00450713
-0.00461657
-0.00472904
-0.00484016
-0.00494674
-0.00505092
-0.00515596
-0.00526323
-0.00536932
-0.00547121
-0.00557035
-0.00567073
-0.00577321
-0.00587456
-0.00597092
-0.00606577
-0.00616365
-0.00626016
-0.0063516
-0.00644149
-0.00653313
-0.00662207
-0.00670868
-0.00679428
-0.00688006
-0.00696315
-0.00704636
-0.00712788
-0.00720905
-0.00728896
-0.00736846
-0.00744637
-0.00752427
-0.00760265
-0.00767892
-0.00775522
-0.00783062
-0.00790769
-0.00798281
-0.00805923
-0.00813519
-0.00821209
-0.0082894
-0.00836668
-0.00844585
-0.00852447
-0.00860533
-0.00868624
-0.00876855
-0.00885259
-0.00893655
-0.0090237
-0.00911046
-0.00919984
-0.00929091
-0.00938185
-0.00947754
-0.00957124
-0.00966957
-0.00976871
-0.00986756
-0.00997229
-0.0100733
-0.010179
-0.0102853
-0.0103887
-0.010497
-0.0106016
-0.0107066
-0.0108196
)
;

boundaryField
{
    zeroGradPlanes
    {
        type            zeroGradient;
    }
    inlet
    {
        type            zeroGradient;
    }
    plate
    {
        type            zeroGradient;
    }
    frontAndBack
    {
        type            empty;
    }
}


// ************************************************************************* //
