/*--------------------------------*- C++ -*----------------------------------*\
| =========                 |                                                 |
| \\      /  F ield         | OpenFOAM: The Open Source CFD Toolbox           |
|  \\    /   O peration     | Version:  v1906                                 |
|   \\  /    A nd           | Web:      www.OpenFOAM.com                      |
|    \\/     M anipulation  |                                                 |
\*---------------------------------------------------------------------------*/
FoamFile
{
    version     2.0;
    format      ascii;
    class       volScalarField;
    location    "0.6";
    object      p;
}
// * * * * * * * * * * * * * * * * * * * * * * * * * * * * * * * * * * * * * //

dimensions      [0 2 -2 0 0 0 0];


internalField   nonuniform List<scalar> 
4800
(
1.05728e-10
-6.76759e-05
-6.55566e-05
7.24796e-05
-1.18746e-05
-5.67332e-05
-3.9693e-05
-0.000116005
-0.000156224
-0.000209166
-0.000272146
-0.000265144
-0.000255887
-0.000225462
-0.000174947
-3.94372e-05
0.00017444
0.000593418
0.00123854
0.00186993
2.98091e-06
-7.18249e-05
-6.53395e-05
6.04604e-05
-8.33255e-06
-6.07867e-05
-3.39897e-05
-0.000119684
-0.000148525
-0.000210642
-0.000256472
-0.000265361
-0.000253926
-0.000225966
-0.0001732
-4.62767e-05
0.000187071
0.000545297
0.00103726
0.00153175
3.88363e-06
-7.41725e-05
-6.49537e-05
5.56354e-05
-7.82029e-06
-6.23622e-05
-3.19455e-05
-0.000120393
-0.000144606
-0.000207322
-0.000252031
-0.000262101
-0.00025327
-0.000223238
-0.000175183
-6.22722e-05
0.000122958
0.000431307
0.00084351
0.00126606
6.05522e-06
-7.75882e-05
-6.49628e-05
4.74507e-05
-7.00685e-06
-6.24759e-05
-3.18486e-05
-0.000117326
-0.000145604
-0.000196931
-0.000250238
-0.000254653
-0.000251443
-0.000221472
-0.00018015
-8.69634e-05
6.61869e-05
0.000293289
0.000654488
0.00104361
7.60115e-06
-8.03883e-05
-6.58903e-05
4.21427e-05
-7.68838e-06
-6.11797e-05
-3.38115e-05
-0.000111277
-0.000148336
-0.000188496
-0.00024251
-0.000249213
-0.000248524
-0.00022265
-0.000198755
-0.000143287
-4.41014e-05
0.00015704
0.000473466
0.000834082
8.69877e-06
-8.24787e-05
-6.75066e-05
3.66664e-05
-1.09118e-05
-5.6961e-05
-3.85451e-05
-0.000103306
-0.000145063
-0.000184836
-0.000228734
-0.000241815
-0.000249743
-0.000233148
-0.000238575
-0.000237948
-0.000148373
2.9153e-05
0.000301675
0.000630117
9.092e-06
-8.29753e-05
-7.10352e-05
3.33846e-05
-1.75299e-05
-5.2767e-05
-3.91429e-05
-0.000101195
-0.000134257
-0.000179237
-0.000219698
-0.000232695
-0.00025683
-0.000263248
-0.000303332
-0.000330753
-0.000254133
-9.70533e-05
0.000132869
0.000426733
8.14714e-06
-8.15652e-05
-7.55579e-05
3.05924e-05
-2.13126e-05
-5.18584e-05
-3.39029e-05
-0.000101581
-0.000126242
-0.00016443
-0.000214849
-0.000229089
-0.000272666
-0.000317772
-0.000378404
-0.000421789
-0.000363133
-0.000225375
-3.38924e-05
0.000223715
5.63988e-06
-7.73435e-05
-8.05861e-05
2.57754e-05
-2.17745e-05
-5.48742e-05
-2.58643e-05
-9.54033e-05
-0.000123869
-0.000147531
-0.000208576
-0.000239917
-0.000305903
-0.00038304
-0.000453542
-0.000511359
-0.000476348
-0.000360227
-0.000201802
2.11201e-05
1.54458e-06
-7.14343e-05
-8.36497e-05
1.77046e-05
-1.85177e-05
-5.80512e-05
-2.23016e-05
-8.11313e-05
-0.000119863
-0.000139377
-0.00020145
-0.000263498
-0.000359904
-0.000452324
-0.000528921
-0.000600863
-0.000593107
-0.000502561
-0.000372855
-0.000179111
-4.03969e-06
-6.65609e-05
-8.29423e-05
7.10872e-06
-1.09542e-05
-5.60814e-05
-2.49184e-05
-6.64951e-05
-0.000108405
-0.000141132
-0.000210237
-0.000295092
-0.000418418
-0.000526894
-0.00060875
-0.000692324
-0.00071273
-0.00065212
-0.000548407
-0.000377156
-1.07389e-05
-6.34419e-05
-7.7532e-05
-3.30489e-06
-1.33309e-05
-4.75639e-05
-2.52491e-05
-5.95311e-05
-9.22886e-05
-0.000142765
-0.000241423
-0.000335987
-0.000470032
-0.000601642
-0.000695533
-0.000787965
-0.000835262
-0.000808019
-0.000728352
-0.000573705
-1.74717e-05
-6.29826e-05
-6.92285e-05
-8.46842e-06
-2.49466e-05
-3.82299e-05
-1.79403e-05
-6.1533e-05
-8.92861e-05
-0.000142934
-0.000278193
-0.000395958
-0.000527609
-0.00067434
-0.000786806
-0.000889541
-0.000961322
-0.000967182
-0.000910755
-0.0007692
-2.36362e-05
-6.52227e-05
-6.24691e-05
-5.40053e-06
-3.55527e-05
-3.89864e-05
-2.3154e-06
-6.02335e-05
-0.000104663
-0.000152872
-0.000309459
-0.000458573
-0.000595189
-0.000749082
-0.000881779
-0.00099979
-0.00109211
-0.00112658
-0.00109411
-0.000965674
-2.90874e-05
-6.90951e-05
-6.03715e-05
5.98266e-06
-3.70602e-05
-5.18518e-05
4.54864e-06
-5.13658e-05
-0.000129519
-0.000184298
-0.000334898
-0.000514667
-0.000667894
-0.000827878
-0.000980447
-0.00111833
-0.0012287
-0.00128627
-0.00127691
-0.00116338
-3.43963e-05
-7.19595e-05
-6.43795e-05
1.61102e-05
-2.35629e-05
-6.81392e-05
-7.85353e-06
-3.92275e-05
-0.000149199
-0.000234418
-0.000377796
-0.000566965
-0.000739522
-0.000909744
-0.00108128
-0.0012415
-0.00137053
-0.00144766
-0.00145837
-0.00136008
-4.06301e-05
-7.25877e-05
-7.15302e-05
1.83343e-05
4.54862e-06
-7.16112e-05
-4.19621e-05
-5.11329e-05
-0.000158349
-0.000277911
-0.00043485
-0.000627068
-0.000813605
-0.000995661
-0.00118415
-0.00136787
-0.00151671
-0.00161134
-0.00163869
-0.0015534
-4.7951e-05
-7.20243e-05
-7.57403e-05
1.03886e-05
2.46935e-05
-5.65426e-05
-7.70992e-05
-9.52491e-05
-0.000182047
-0.000308149
-0.000487098
-0.000695626
-0.000894189
-0.00108675
-0.00128993
-0.00149711
-0.00166623
-0.00177706
-0.00181805
-0.00174254
-5.61405e-05
-7.18623e-05
-7.57596e-05
-6.46063e-06
3.11027e-05
-2.90572e-05
-9.51907e-05
-0.000155656
-0.000238158
-0.00034701
-0.000526838
-0.000756292
-0.000978819
-0.00118366
-0.00139868
-0.00162748
-0.00181871
-0.00194537
-0.00199728
-0.00192813
-6.41337e-05
-7.37124e-05
-7.22366e-05
-1.92105e-05
2.09269e-05
-1.39436e-05
-9.25754e-05
-0.000205132
-0.000320544
-0.000414636
-0.000571443
-0.000805251
-0.00105573
-0.00128406
-0.00150977
-0.00175652
-0.00197228
-0.00211614
-0.00217772
-0.00211214
-7.13555e-05
-7.77208e-05
-6.99047e-05
-2.84817e-05
-1.7899e-06
-2.08185e-05
-8.75736e-05
-0.00022906
-0.00039568
-0.000513054
-0.000643763
-0.000856505
-0.00112161
-0.00137846
-0.00162056
-0.00188277
-0.00212275
-0.00228539
-0.00235841
-0.00229679
-7.78357e-05
-8.2996e-05
-7.2526e-05
-3.4667e-05
-2.454e-05
-5.1422e-05
-0.000102775
-0.000240246
-0.000446336
-0.000610343
-0.000745452
-0.000931461
-0.00118736
-0.00146439
-0.00172751
-0.00200337
-0.00226472
-0.00244814
-0.00253507
-0.00248106
-8.42367e-05
-8.8723e-05
-8.10037e-05
-4.61916e-05
-4.47087e-05
-8.93812e-05
-0.000142482
-0.000260985
-0.000473853
-0.000686498
-0.000855003
-0.0010326
-0.00127085
-0.00155003
-0.00182789
-0.00211602
-0.00239522
-0.00260066
-0.00270347
-0.00265916
-9.15913e-05
-9.51559e-05
-9.26702e-05
-6.51504e-05
-6.67303e-05
-0.000126828
-0.000198509
-0.00030279
-0.000501571
-0.000738761
-0.000949267
-0.00114532
-0.00137416
-0.00164778
-0.00192879
-0.00222008
-0.00251327
-0.00273947
-0.00285821
-0.00282473
-0.000100335
-0.000103212
-0.000106514
-9.27746e-05
-9.77972e-05
-0.000163836
-0.000255898
-0.000365589
-0.000544607
-0.000780838
-0.0010227
-0.00124864
-0.00148752
-0.00175803
-0.0020401
-0.00232497
-0.00261882
-0.00286105
-0.00299558
-0.00297464
-0.000111315
-0.00011423
-0.000122749
-0.000125101
-0.000138974
-0.000205351
-0.000312099
-0.000435854
-0.000605884
-0.000830739
-0.00108109
-0.00133478
-0.00159379
-0.00187259
-0.00215883
-0.002439
-0.00272055
-0.00296613
-0.00311233
-0.0031055
-0.000124895
-0.000129357
-0.000143614
-0.000160688
-0.000188866
-0.000256446
-0.000368502
-0.000505497
-0.000679219
-0.000894106
-0.00114058
-0.0014042
-0.0016846
-0.00197823
-0.0022754
-0.00255824
-0.00282802
-0.00306421
-0.00321146
-0.00321232
-0.000141979
-0.000149579
-0.000169521
-0.000199957
-0.000244163
-0.000317321
-0.000429743
-0.000574046
-0.000754022
-0.000968111
-0.00120925
-0.00146976
-0.0017583
-0.00206772
-0.00237762
-0.00267155
-0.00293748
-0.00316146
-0.00330079
-0.00329914
-0.000163386
-0.000175546
-0.000202098
-0.00024337
-0.000302875
-0.00038575
-0.000499621
-0.000643614
-0.000826883
-0.00104418
-0.00128457
-0.0015403
-0.00182266
-0.00213797
-0.00246099
-0.00276599
-0.00303684
-0.00325445
-0.00338555
-0.00337635
-0.000190135
-0.000207353
-0.000241997
-0.000292349
-0.000364459
-0.000458452
-0.000576663
-0.000719132
-0.000899813
-0.00111708
-0.00135959
-0.0016146
-0.00188714
-0.00219287
-0.0025219
-0.00283769
-0.00311474
-0.00333278
-0.00345972
-0.0034452
-0.000223267
-0.000245399
-0.000288514
-0.000347632
-0.000429798
-0.000533714
-0.000658684
-0.000801302
-0.000976074
-0.0011885
-0.00142913
-0.00168464
-0.00195279
-0.00224182
-0.00256098
-0.00288287
-0.00316641
-0.00338618
-0.00351172
-0.00349656
-0.000263279
-0.000290085
-0.000341591
-0.000409423
-0.000499293
-0.000611181
-0.00074376
-0.000888564
-0.00105694
-0.00126094
-0.00149572
-0.00174604
-0.00201141
-0.00228884
-0.00258552
-0.00289884
-0.00318655
-0.00340839
-0.00353333
-0.00351964
-0.000310599
-0.000341431
-0.00040016
-0.000476814
-0.000573754
-0.000691472
-0.00082987
-0.000979058
-0.00114345
-0.00133567
-0.0015611
-0.0018018
-0.00205709
-0.00232664
-0.00260156
-0.00289003
-0.00316992
-0.00339096
-0.00351619
-0.00350558
-0.000364626
-0.000399277
-0.000463905
-0.000548783
-0.000652487
-0.000774701
-0.000917012
-0.00107027
-0.00123407
-0.00141491
-0.00162569
-0.00185437
-0.0020927
-0.00234717
-0.00260471
-0.00286232
-0.00311782
-0.00332908
-0.0034525
-0.00344687
-0.000424265
-0.000462748
-0.000532042
-0.000623644
-0.000734122
-0.000860412
-0.00100533
-0.00116108
-0.00132595
-0.00149928
-0.00169288
-0.00190424
-0.00212087
-0.00234889
-0.00258466
-0.00281226
-0.00303309
-0.00322408
-0.00334186
-0.00334398
-0.000487704
-0.000529813
-0.000603182
-0.000700149
-0.000816823
-0.000947303
-0.00109408
-0.00125057
-0.00141561
-0.00158547
-0.00176568
-0.00195745
-0.00215033
-0.00234156
-0.00253854
-0.00272835
-0.00290648
-0.00306419
-0.0031693
-0.00318389
-0.000552301
-0.000597847
-0.000674903
-0.000776079
-0.000897983
-0.00103307
-0.00118193
-0.00133804
-0.00150058
-0.00166546
-0.00183557
-0.00201435
-0.00219481
-0.00236412
-0.00252291
-0.00266315
-0.00277486
-0.00285853
-0.0029051
-0.00289657
-0.000614547
-0.000663028
-0.000743284
-0.00084791
-0.000974171
-0.0011137
-0.00126579
-0.00142296
-0.00158334
-0.00174033
-0.00189175
-0.00203787
-0.00218154
-0.00231826
-0.00244999
-0.00257741
-0.00269113
-0.00278265
-0.00284175
-0.00285227
-0.000670674
-0.000720848
-0.000803196
-0.000910041
-0.00103895
-0.00118149
-0.00133615
-0.00149488
-0.0016553
-0.00181139
-0.00196092
-0.0020999
-0.00222657
-0.00233375
-0.00241638
-0.00247517
-0.00251037
-0.00252351
-0.00251927
-0.0025022
-0.000719796
-0.00077401
-0.000860093
-0.000970748
-0.00110387
-0.00125114
-0.00141058
-0.0015735
-0.00173676
-0.0018928
-0.00203792
-0.00216566
-0.00227255
-0.00235373
-0.00240488
-0.0024259
-0.0024216
-0.00239843
-0.00236672
-0.00234002
0.00262801
0.00283624
0.00278182
0.0027322
0.00266704
0.00249684
0.00221874
0.0018888
0.00155092
0.00120266
0.000840839
0.000478293
0.00011672
-0.000243726
-0.000616057
-0.000995621
-0.00138946
-0.00181087
-0.00225554
-0.00273873
-0.00327726
-0.00391041
-0.00465182
-0.00545166
-0.0062394
-0.0069396
-0.00750764
-0.00789329
-0.00805847
-0.00800227
-0.00774318
-0.00738702
-0.00703013
-0.00672261
-0.0064964
-0.00631257
-0.00616891
-0.00607865
-0.00604898
-0.00607285
-0.00608591
-0.00612743
-0.00622953
-0.00630497
-0.00634567
-0.00640118
-0.00648849
-0.00658724
-0.00666173
-0.00672352
-0.00679217
-0.0068589
-0.00691515
-0.00700234
-0.00710568
-0.00711369
-0.00711561
-0.00725846
-0.00737497
-0.00735376
-0.0073624
-0.00745057
-0.00752537
-0.00755775
-0.00757581
-0.0076172
-0.00766177
-0.00767934
-0.00770877
-0.00775554
-0.00777056
-0.00778519
-0.00782741
-0.00785131
-0.00785698
-0.00788465
-0.00792085
-0.00793645
-0.00795218
-0.00798158
-0.00800839
-0.00802998
-0.00805284
-0.00808087
-0.00810752
-0.00813348
-0.0081612
-0.0081893
-0.00821797
-0.00824768
-0.00827688
-0.00830818
-0.00833941
-0.00837107
-0.00840427
-0.00843787
-0.0084706
-0.00850566
-0.00854158
-0.00857909
0.00207054
0.00247813
0.00267311
0.00271446
0.00265247
0.00246836
0.00218474
0.00185688
0.00152295
0.00117701
0.000816177
0.000453907
9.2413e-05
-0.000267502
-0.000639371
-0.00101746
-0.001409
-0.00182761
-0.00227002
-0.00275129
-0.00328578
-0.00391256
-0.00464541
-0.00543466
-0.00621104
-0.00689975
-0.00746269
-0.00785323
-0.0080274
-0.00797986
-0.00772625
-0.00737412
-0.00701949
-0.00671369
-0.00648954
-0.00630676
-0.00616365
-0.00607377
-0.00604425
-0.00606888
-0.00608192
-0.00612321
-0.00622616
-0.00630196
-0.00634243
-0.00639811
-0.00648599
-0.00658491
-0.00665925
-0.00672139
-0.00679041
-0.00685705
-0.00691327
-0.00700091
-0.00710477
-0.00711244
-0.00711408
-0.00725764
-0.00737456
-0.0073529
-0.00736154
-0.00745004
-0.00752499
-0.00755736
-0.0075754
-0.00761689
-0.00766158
-0.0076791
-0.00770856
-0.00775547
-0.00777044
-0.00778504
-0.00782738
-0.00785127
-0.00785687
-0.00788458
-0.00792086
-0.00793642
-0.00795213
-0.00798156
-0.00800838
-0.00802997
-0.00805283
-0.00808086
-0.00810752
-0.00813347
-0.0081612
-0.0081893
-0.00821797
-0.00824768
-0.00827688
-0.00830818
-0.00833941
-0.00837107
-0.00840426
-0.00843787
-0.00847059
-0.00850566
-0.00854159
-0.00857911
0.00176361
0.00226409
0.00260512
0.00273668
0.0026842
0.00247634
0.00217073
0.00183327
0.00149743
0.00115151
0.000789737
0.000426369
6.36338e-05
-0.000297719
-0.000670271
-0.00104783
-0.00143637
-0.00185068
-0.00228981
-0.0027696
-0.00330038
-0.00391809
-0.0046346
-0.00539873
-0.00614773
-0.00681082
-0.0073564
-0.00774419
-0.00793106
-0.00790746
-0.00767919
-0.00734596
-0.00700358
-0.00670433
-0.00648461
-0.00630556
-0.00616506
-0.00607641
-0.00604698
-0.00607114
-0.00608398
-0.00612482
-0.00622618
-0.00630083
-0.00634183
-0.00639785
-0.00648497
-0.00658331
-0.00665734
-0.00671911
-0.00678824
-0.00685542
-0.00691128
-0.00699813
-0.00710238
-0.00711085
-0.00711237
-0.0072556
-0.00737244
-0.007351
-0.00736007
-0.00744857
-0.00752335
-0.00755587
-0.00757412
-0.00761579
-0.00766062
-0.00767816
-0.0077077
-0.0077548
-0.00776983
-0.00778447
-0.00782694
-0.00785091
-0.00785654
-0.00788432
-0.00792066
-0.00793624
-0.00795199
-0.00798146
-0.00800828
-0.00802989
-0.00805277
-0.00808083
-0.00810749
-0.00813346
-0.0081612
-0.0081893
-0.00821797
-0.00824769
-0.00827689
-0.00830819
-0.00833942
-0.00837109
-0.00840428
-0.00843788
-0.00847061
-0.00850566
-0.00854168
-0.00857926
0.00151466
0.00204333
0.00247052
0.00268719
0.00267729
0.00247054
0.00214812
0.00179742
0.00145712
0.00111171
0.000750124
0.000386839
2.37623e-05
-0.000338509
-0.000711582
-0.00108823
-0.00147273
-0.00188219
-0.00231731
-0.0027949
-0.00331998
-0.00392375
-0.00461666
-0.00534946
-0.00606782
-0.00670389
-0.00722956
-0.00761348
-0.00781409
-0.00781834
-0.00762022
-0.00731007
-0.00698403
-0.00669333
-0.00647716
-0.00630173
-0.00616394
-0.00607715
-0.00604756
-0.00606995
-0.00608366
-0.00612455
-0.00622237
-0.00629595
-0.00633909
-0.00639537
-0.0064816
-0.00657991
-0.00665286
-0.00671351
-0.00678388
-0.00685231
-0.00690712
-0.00699238
-0.00709708
-0.00710777
-0.00710991
-0.0072513
-0.00736732
-0.00734741
-0.00735766
-0.00744566
-0.00751982
-0.00755271
-0.00757159
-0.00761345
-0.00765837
-0.00767615
-0.00770583
-0.00775306
-0.00776837
-0.00778324
-0.00782576
-0.00784984
-0.00785565
-0.00788351
-0.0079199
-0.00793564
-0.00795154
-0.00798105
-0.00800789
-0.00802956
-0.00805249
-0.00808058
-0.00810728
-0.00813328
-0.00816106
-0.00818919
-0.00821789
-0.00824763
-0.00827686
-0.00830817
-0.00833942
-0.00837109
-0.0084043
-0.0084379
-0.00847065
-0.00850568
-0.00854189
-0.00857957
0.00128341
0.00182161
0.00230089
0.00259237
0.00264708
0.00246458
0.00213547
0.00176969
0.00141962
0.00107135
0.000709093
0.000345036
-1.81432e-05
-0.000380052
-0.000753021
-0.00112875
-0.00150896
-0.00191325
-0.00234387
-0.00281744
-0.00333516
-0.00392123
-0.00458683
-0.00528829
-0.00597725
-0.0065879
-0.00709451
-0.00747356
-0.00768673
-0.00771815
-0.00755163
-0.00726791
-0.00696117
-0.00668022
-0.00646784
-0.00629579
-0.00616067
-0.00607644
-0.00604683
-0.00606756
-0.00608308
-0.00612436
-0.00621804
-0.00629041
-0.00633615
-0.00639285
-0.00647809
-0.00657607
-0.00664741
-0.00670692
-0.0067787
-0.00684842
-0.0069022
-0.00698498
-0.00708963
-0.00710388
-0.00710712
-0.00724508
-0.00735968
-0.00734239
-0.00735442
-0.00744138
-0.00751439
-0.00754783
-0.00756762
-0.00760958
-0.0076547
-0.00767306
-0.00770284
-0.00775005
-0.00776584
-0.00778103
-0.00782353
-0.0078479
-0.00785415
-0.00788208
-0.00791849
-0.00793449
-0.00795064
-0.0079802
-0.0080071
-0.0080289
-0.00805194
-0.00808009
-0.00810684
-0.00813292
-0.00816077
-0.00818894
-0.00821769
-0.00824747
-0.00827675
-0.00830809
-0.00833938
-0.00837106
-0.00840431
-0.0084379
-0.00847072
-0.0085057
-0.00854216
-0.00858003
0.0010604
0.00160359
0.0021211
0.00247265
0.00259536
0.00245502
0.00213245
0.00175272
0.00138768
0.00103242
0.000667719
0.00030169
-6.2682e-05
-0.000424091
-0.000795619
-0.00117115
-0.00154722
-0.00194516
-0.0023702
-0.00283736
-0.00334633
-0.0039134
-0.00455183
-0.00522433
-0.00588425
-0.00646954
-0.00695771
-0.00733096
-0.00755471
-0.00761137
-0.00747671
-0.00722145
-0.0069358
-0.0066662
-0.0064584
-0.00628965
-0.0061568
-0.00607488
-0.0060459
-0.00606545
-0.00608246
-0.00612414
-0.00621368
-0.00628439
-0.00633285
-0.0063904
-0.00647433
-0.00657159
-0.00664145
-0.00669971
-0.00677278
-0.00684403
-0.00689661
-0.00697633
-0.00708104
-0.00709956
-0.00710382
-0.00723756
-0.00735072
-0.0073367
-0.0073506
-0.0074361
-0.0075078
-0.00754198
-0.00756285
-0.00760489
-0.00765027
-0.00766931
-0.00769907
-0.00774618
-0.00776262
-0.00777822
-0.00782069
-0.00784545
-0.00785222
-0.00788015
-0.00791655
-0.00793292
-0.00794938
-0.007979
-0.00800599
-0.00802797
-0.00805116
-0.00807936
-0.0081062
-0.00813237
-0.00816031
-0.00818855
-0.00821737
-0.0082472
-0.00827655
-0.00830793
-0.00833929
-0.00837099
-0.0084043
-0.00843787
-0.00847079
-0.00850571
-0.00854247
-0.0085806
0.000840603
0.00138936
0.00193834
0.0023384
0.0025228
0.0024344
0.00213195
0.00174357
0.00136063
0.000994084
0.00062444
0.000255192
-0.000111855
-0.000474021
-0.000842387
-0.00121668
-0.00158886
-0.00197852
-0.00239642
-0.00285564
-0.00335471
-0.00390346
-0.00451495
-0.00515849
-0.00578881
-0.00634841
-0.00681923
-0.00718667
-0.00741876
-0.00749869
-0.00739596
-0.00717044
-0.00690794
-0.00665124
-0.00644854
-0.00628333
-0.00615223
-0.00607214
-0.0060444
-0.00606279
-0.00608081
-0.00612319
-0.00620885
-0.00627769
-0.00632919
-0.00638791
-0.00647007
-0.0065665
-0.00663499
-0.00669176
-0.00676622
-0.00683914
-0.00689025
-0.00696684
-0.00707183
-0.00709477
-0.00709995
-0.00722932
-0.00734114
-0.00733053
-0.00734621
-0.00743019
-0.00750062
-0.00753563
-0.00755763
-0.0075997
-0.0076453
-0.00766507
-0.00769487
-0.00774191
-0.00775904
-0.00777504
-0.00781742
-0.00784263
-0.00785
-0.00787796
-0.00791435
-0.00793113
-0.00794792
-0.00797758
-0.00800467
-0.00802688
-0.00805022
-0.0080785
-0.00810543
-0.0081317
-0.00815975
-0.00818805
-0.00821697
-0.00824687
-0.0082763
-0.00830772
-0.00833917
-0.00837088
-0.00840428
-0.00843782
-0.00847087
-0.00850572
-0.00854275
-0.00858124
0.000621441
0.00117735
0.00175557
0.00219639
0.0024319
0.0023976
0.00212479
0.00173591
0.00133602
0.00095472
0.000578105
0.000205155
-0.000164637
-0.00052906
-0.000894079
-0.00126406
-0.00163243
-0.00201282
-0.00242183
-0.00287244
-0.00336014
-0.00389134
-0.0044756
-0.0050883
-0.00568971
-0.00622569
-0.00668111
-0.00704234
-0.00728003
-0.00738086
-0.00730878
-0.00711336
-0.00687571
-0.00663344
-0.00643686
-0.00627589
-0.00614671
-0.00606834
-0.0060416
-0.00605902
-0.00607851
-0.0061217
-0.00620341
-0.00627054
-0.0063253
-0.00638501
-0.00646511
-0.0065607
-0.00662798
-0.00668326
-0.00675898
-0.00683358
-0.00688339
-0.00695681
-0.0070619
-0.00708942
-0.00709574
-0.00722061
-0.00733095
-0.00732382
-0.00734139
-0.00742388
-0.00749298
-0.00752878
-0.00755196
-0.00759407
-0.0076399
-0.00766052
-0.00769038
-0.00773729
-0.00775511
-0.00777155
-0.00781387
-0.00783956
-0.00784759
-0.00787557
-0.00791196
-0.00792916
-0.00794629
-0.00797601
-0.00800322
-0.00802567
-0.00804919
-0.00807754
-0.00810459
-0.00813096
-0.00815912
-0.0081875
-0.00821652
-0.00824648
-0.00827602
-0.00830749
-0.00833903
-0.00837076
-0.00840426
-0.00843776
-0.00847095
-0.00850572
-0.00854302
-0.00858191
0.000402928
0.000967934
0.00157497
0.0020501
0.00232492
0.0023404
0.00210522
0.00172591
0.00131404
0.000916147
0.000530435
0.000153602
-0.000218743
-0.000586882
-0.000951008
-0.00131418
-0.00167675
-0.00204809
-0.00244697
-0.00288787
-0.00336265
-0.00387612
-0.00443321
-0.00501402
-0.00558826
-0.00610374
-0.00654389
-0.00689722
-0.00713818
-0.00725634
-0.00721321
-0.00704881
-0.00683755
-0.00661243
-0.00642365
-0.00626753
-0.00614137
-0.00606415
-0.00603741
-0.00605427
-0.00607561
-0.00611932
-0.00619704
-0.00626264
-0.00632074
-0.00638163
-0.00645964
-0.00655436
-0.00662069
-0.00667421
-0.00675073
-0.00682752
-0.00687652
-0.0069462
-0.00705101
-0.00708368
-0.00709141
-0.00721134
-0.00732002
-0.00731665
-0.00733625
-0.00741709
-0.00748475
-0.00752143
-0.00754591
-0.00758808
-0.00763414
-0.00765561
-0.0076855
-0.00773226
-0.00775088
-0.00776784
-0.00781009
-0.00783626
-0.00784496
-0.00787297
-0.00790937
-0.00792703
-0.00794454
-0.00797431
-0.00800166
-0.00802436
-0.00804808
-0.0080765
-0.00810366
-0.00813016
-0.00815845
-0.0081869
-0.00821603
-0.00824606
-0.00827571
-0.00830722
-0.00833888
-0.00837062
-0.00840423
-0.0084377
-0.00847102
-0.00850574
-0.00854326
-0.00858262
0.000187967
0.000760804
0.00139395
0.00189911
0.00220555
0.0022647
0.00207175
0.00171098
0.0012936
0.000879384
0.000482198
0.00010082
-0.000274124
-0.000646024
-0.0010124
-0.00136905
-0.00172183
-0.00208413
-0.00247258
-0.00290177
-0.00336203
-0.00385648
-0.00438745
-0.00493731
-0.00548527
-0.00598185
-0.00640591
-0.00675035
-0.00699308
-0.00712518
-0.00711035
-0.00697796
-0.00679415
-0.00658879
-0.00640922
-0.00625821
-0.00613568
-0.00605896
-0.00603158
-0.00604808
-0.00607127
-0.00611593
-0.00619015
-0.00625385
-0.00631542
-0.00637823
-0.00645408
-0.00654755
-0.00661286
-0.00666428
-0.00674165
-0.00682135
-0.00686961
-0.00693478
-0.0070391
-0.00707751
-0.00708689
-0.00720143
-0.00730835
-0.00730906
-0.00733069
-0.0074097
-0.00747596
-0.00751366
-0.0075395
-0.00758165
-0.00762789
-0.00765027
-0.00768026
-0.00772693
-0.00774639
-0.00776385
-0.007806
-0.00783267
-0.00784211
-0.00787018
-0.0079066
-0.00792475
-0.00794265
-0.00797246
-0.00799996
-0.00802293
-0.00804686
-0.00807538
-0.00810267
-0.00812928
-0.00815771
-0.00818625
-0.00821551
-0.0082456
-0.00827538
-0.00830694
-0.00833871
-0.00837046
-0.00840419
-0.00843763
-0.00847109
-0.00850577
-0.00854347
-0.00858334
-2.27057e-05
0.000554357
0.00120948
0.00174337
0.00207828
0.00217477
0.00202349
0.00168734
0.0012711
0.000843417
0.000433703
4.63696e-05
-0.000331269
-0.000705644
-0.0010763
-0.00142924
-0.00176942
-0.00212011
-0.00249726
-0.00291348
-0.0033579
-0.00383198
-0.00433847
-0.00485991
-0.00538149
-0.00585858
-0.00626728
-0.00660303
-0.00684625
-0.00698991
-0.00700143
-0.00690085
-0.00674494
-0.00656049
-0.00639188
-0.00624673
-0.00612839
-0.0060531
-0.00602525
-0.00604105
-0.00606586
-0.00611198
-0.00618283
-0.00624377
-0.00630888
-0.00637478
-0.0064486
-0.00654006
-0.00660409
-0.00665373
-0.00673218
-0.0068147
-0.0068621
-0.00692266
-0.00702636
-0.00707076
-0.00708203
-0.00719099
-0.00729598
-0.00730087
-0.0073246
-0.00740179
-0.00746665
-0.00750534
-0.00753256
-0.00757473
-0.00762121
-0.00764458
-0.00767468
-0.00772121
-0.00774152
-0.00775953
-0.00780161
-0.00782884
-0.00783905
-0.00786716
-0.00790362
-0.00792228
-0.0079406
-0.00797047
-0.00799814
-0.0080214
-0.00804556
-0.00807416
-0.0081016
-0.00812834
-0.00815692
-0.00818554
-0.00821494
-0.00824511
-0.00827502
-0.00830662
-0.00833854
-0.0083703
-0.00840415
-0.00843756
-0.00847114
-0.0085058
-0.00854365
-0.00858407
-0.000228752
0.000350178
0.00102259
0.00158355
0.00194524
0.00207321
0.00196006
0.00165204
0.00124304
0.000806638
0.000385258
-9.55005e-06
-0.000390505
-0.0007659
-0.00114059
-0.00149284
-0.00182083
-0.00215578
-0.00251905
-0.00292298
-0.00335179
-0.00380419
-0.00428687
-0.00478263
-0.00527739
-0.0057337
-0.00612857
-0.00645606
-0.00669876
-0.00685169
-0.00688613
-0.00681599
-0.00668836
-0.00652641
-0.00637105
-0.00623341
-0.00612066
-0.00604748
-0.00601873
-0.00603326
-0.00605912
-0.00610631
-0.00617405
-0.00623226
-0.0063013
-0.00637144
-0.00644317
-0.00653149
-0.00659444
-0.00664295
-0.00672203
-0.00680705
-0.00685407
-0.00691017
-0.00701287
-0.00706322
-0.00707666
-0.00717997
-0.00728286
-0.00729201
-0.00731798
-0.00739334
-0.00745669
-0.00749639
-0.00752516
-0.00756742
-0.00761407
-0.00763841
-0.00766863
-0.00771505
-0.00773629
-0.00775492
-0.00779694
-0.00782472
-0.00783573
-0.00786389
-0.00790042
-0.00791964
-0.0079384
-0.00796833
-0.00799618
-0.00801974
-0.00804415
-0.00807284
-0.00810044
-0.00812732
-0.00815607
-0.00818477
-0.00821432
-0.00824457
-0.00827463
-0.00830629
-0.00833834
-0.00837013
-0.00840409
-0.0084375
-0.00847117
-0.00850585
-0.00854381
-0.0085848
-0.000431206
0.000149027
0.000834711
0.00141915
0.0018068
0.00196203
0.00188276
0.00160384
0.00120703
0.000767707
0.000336524
-6.63685e-05
-0.000451597
-0.000827214
-0.00120341
-0.00155699
-0.00187594
-0.00219308
-0.00253802
-0.0029296
-0.00334538
-0.00377476
-0.00423229
-0.00470367
-0.00517247
-0.00560841
-0.00599001
-0.0063098
-0.0065509
-0.00671021
-0.00676518
-0.00672353
-0.00662441
-0.00648777
-0.00634699
-0.0062178
-0.00611235
-0.0060409
-0.0060106
-0.00602466
-0.0060512
-0.00609864
-0.00616401
-0.00622017
-0.00629291
-0.00636739
-0.00643691
-0.00652202
-0.00658469
-0.00663203
-0.00671072
-0.00679831
-0.00684563
-0.00689705
-0.00699836
-0.00705491
-0.00707074
-0.00716828
-0.0072691
-0.00728265
-0.00731076
-0.00738419
-0.00744609
-0.00748692
-0.0075173
-0.00755959
-0.00760636
-0.00763176
-0.00766219
-0.00770851
-0.00773072
-0.00774998
-0.00779191
-0.00782029
-0.00783215
-0.00786039
-0.00789698
-0.0079168
-0.00793602
-0.007966
-0.00799405
-0.00801795
-0.00804262
-0.00807142
-0.0080992
-0.00812622
-0.00815515
-0.00818395
-0.00821366
-0.00824399
-0.0082742
-0.00830593
-0.00833812
-0.00836994
-0.00840402
-0.00843743
-0.00847118
-0.00850589
-0.00854396
-0.00858553
-0.000632932
-5.07314e-05
0.00064693
0.00125121
0.00166328
0.00184335
0.00179305
0.00154256
0.00116129
0.000724357
0.000285997
-0.000124268
-0.000513812
-0.000890123
-0.00126487
-0.00162001
-0.0019338
-0.00223359
-0.00255612
-0.00293212
-0.00333719
-0.00374469
-0.00417418
-0.00462097
-0.0050673
-0.00548516
-0.00585301
-0.00616426
-0.00640223
-0.00656596
-0.00664052
-0.00662546
-0.00655312
-0.00644355
-0.00631863
-0.00619761
-0.00610163
-0.00603314
-0.00600139
-0.00601625
-0.0060429
-0.00608912
-0.0061526
-0.00620702
-0.0062827
-0.00636182
-0.00643029
-0.00651278
-0.00657484
-0.00662006
-0.00669781
-0.00678851
-0.00683683
-0.0068833
-0.00698289
-0.00704611
-0.00706445
-0.00715569
-0.00725449
-0.00727278
-0.00730286
-0.00737425
-0.00743495
-0.00747695
-0.00750883
-0.00755117
-0.00759817
-0.00762468
-0.00765529
-0.00770149
-0.00772473
-0.00774469
-0.00778655
-0.00781554
-0.00782828
-0.00785659
-0.00789329
-0.00791375
-0.00793345
-0.0079635
-0.00799178
-0.00801603
-0.00804097
-0.00806988
-0.00809785
-0.00812503
-0.00815415
-0.00818305
-0.00821292
-0.00824337
-0.00827373
-0.00830554
-0.00833787
-0.00836975
-0.00840392
-0.00843737
-0.00847117
-0.00850593
-0.00854409
-0.00858623
-0.000834598
-0.000249407
0.000460134
0.00108171
0.00151461
0.00171802
0.00169172
0.00146785
0.00110492
0.000674534
0.000232754
-0.000183797
-0.000576613
-0.000954535
-0.00132595
-0.00168109
-0.00199283
-0.00227678
-0.00257559
-0.00293
-0.00332332
-0.00371479
-0.0041153
-0.00453573
-0.00496277
-0.00536472
-0.00571837
-0.00601897
-0.00625301
-0.00642062
-0.00651289
-0.00652262
-0.00647371
-0.00639084
-0.0062854
-0.00617323
-0.00608788
-0.00602549
-0.0059922
-0.00600704
-0.00603354
-0.00607779
-0.00613982
-0.00619249
-0.00627024
-0.0063551
-0.00642407
-0.00650307
-0.00656338
-0.00660701
-0.00668437
-0.00677818
-0.00682762
-0.00686881
-0.00696618
-0.0070366
-0.00705783
-0.00714211
-0.00723884
-0.00726251
-0.00729455
-0.00736354
-0.00742303
-0.00746631
-0.00749975
-0.00754222
-0.00758946
-0.00761709
-0.00764791
-0.00769401
-0.00771834
-0.00773899
-0.00778077
-0.00781042
-0.00782412
-0.00785252
-0.00788935
-0.00791048
-0.00793068
-0.00796079
-0.00798931
-0.00801394
-0.00803918
-0.00806822
-0.00809639
-0.00812375
-0.00815306
-0.00818209
-0.00821214
-0.00824271
-0.00827322
-0.00830513
-0.00833758
-0.00836955
-0.00840379
-0.00843731
-0.00847114
-0.00850596
-0.00854421
-0.0085869
-0.00103508
-0.000446339
0.000273888
0.000911332
0.00136174
0.0015862
0.00158061
0.00138032
0.00103765
0.000616581
0.000174784
-0.000246365
-0.000640937
-0.00101948
-0.00138746
-0.00174039
-0.00205037
-0.00232065
-0.00259632
-0.00292462
-0.00330263
-0.00368451
-0.00406014
-0.00445027
-0.00485684
-0.00524541
-0.00558631
-0.0058755
-0.00610477
-0.00627449
-0.00638101
-0.00641493
-0.00638843
-0.00632983
-0.0062472
-0.0061465
-0.00607
-0.00601558
-0.00598236
-0.00599634
-0.00602344
-0.00606613
-0.00612594
-0.00617593
-0.0062553
-0.0063473
-0.00641753
-0.00649177
-0.00655056
-0.00659432
-0.00667111
-0.00676672
-0.00681716
-0.00685328
-0.0069481
-0.00702622
-0.00705115
-0.00712797
-0.00722205
-0.00725158
-0.00728575
-0.00735187
-0.00741012
-0.00745511
-0.00749034
-0.00753279
-0.00758014
-0.00760892
-0.00763996
-0.00768596
-0.00771143
-0.00773291
-0.00777467
-0.00780501
-0.00781966
-0.00784812
-0.00788507
-0.00790693
-0.00792768
-0.00795787
-0.00798666
-0.00801172
-0.00803726
-0.00806643
-0.00809481
-0.00812238
-0.00815189
-0.00818107
-0.00821127
-0.00824199
-0.00827265
-0.00830469
-0.00833726
-0.00836934
-0.00840365
-0.00843723
-0.00847109
-0.00850598
-0.00854433
-0.00858754
-0.00123293
-0.000641018
8.78835e-05
0.000739856
0.00120628
0.00144847
0.00146185
0.00128142
0.000958485
0.000549225
0.000110305
-0.000312791
-0.000707508
-0.00108409
-0.00144887
-0.00179741
-0.00210377
-0.00236389
-0.0026182
-0.00291949
-0.00327788
-0.00365083
-0.00400905
-0.00436744
-0.00474868
-0.00512598
-0.00545735
-0.00573563
-0.00595857
-0.00612762
-0.00624488
-0.00630305
-0.00630061
-0.00626215
-0.0062009
-0.00611566
-0.00604749
-0.00600074
-0.00597186
-0.00598652
-0.0060133
-0.00605352
-0.00610977
-0.00615694
-0.00623888
-0.00633839
-0.00640954
-0.006479
-0.00653737
-0.00658188
-0.00665708
-0.00675349
-0.00680544
-0.00683712
-0.00692898
-0.0070149
-0.00704448
-0.00711345
-0.00720379
-0.00723933
-0.00727637
-0.00733974
-0.00739662
-0.00744334
-0.00748032
-0.00752258
-0.00756998
-0.00760006
-0.0076315
-0.00767748
-0.00770419
-0.00772647
-0.00776811
-0.00779911
-0.00781476
-0.00784334
-0.00788051
-0.00790318
-0.00792449
-0.00795475
-0.00798381
-0.00800931
-0.00803516
-0.0080645
-0.00809311
-0.0081209
-0.0081506
-0.00817996
-0.00821033
-0.00824122
-0.00827203
-0.00830422
-0.00833691
-0.0083691
-0.00840348
-0.00843714
-0.00847103
-0.00850598
-0.00854443
-0.00858813
-0.00142681
-0.000833281
-9.78618e-05
0.000566749
0.00104867
0.00130671
0.0013371
0.00117321
0.000867275
0.000471478
3.84898e-05
-0.000384311
-0.00077714
-0.00114913
-0.00150917
-0.0018517
-0.00215344
-0.00240584
-0.00264091
-0.0029158
-0.00325157
-0.00361188
-0.00395832
-0.00429036
-0.00464168
-0.00500532
-0.00533091
-0.00559997
-0.00581561
-0.0059822
-0.00610579
-0.006186
-0.00620989
-0.00618921
-0.00614492
-0.00607857
-0.00602275
-0.00598205
-0.00595883
-0.00597748
-0.00600287
-0.00603847
-0.0060919
-0.00613744
-0.00622138
-0.00632702
-0.00639915
-0.00646516
-0.00652374
-0.00656882
-0.00664197
-0.00673914
-0.00679337
-0.00682073
-0.00690846
-0.00700197
-0.00703715
-0.00709838
-0.00718439
-0.00722617
-0.00726665
-0.00732728
-0.00738226
-0.00743031
-0.00746925
-0.00751177
-0.00755941
-0.00759083
-0.00762263
-0.00766845
-0.00769629
-0.0077194
-0.00776103
-0.00779285
-0.00780962
-0.00783832
-0.00787567
-0.00789916
-0.00792102
-0.00795135
-0.00798071
-0.00800671
-0.0080329
-0.00806242
-0.00809126
-0.00811931
-0.00814921
-0.00817877
-0.00820931
-0.00824039
-0.00827135
-0.0083037
-0.00833651
-0.00836884
-0.00840329
-0.00843702
-0.00847096
-0.00850596
-0.00854452
-0.00858867
-0.00161604
-0.00102266
-0.000283108
0.000391734
0.000888314
0.00116226
0.00120772
0.00105726
0.000764784
0.000382011
-4.13125e-05
-0.000461247
-0.000850887
-0.00121612
-0.00156881
-0.00190366
-0.00219957
-0.00244405
-0.00266285
-0.00291348
-0.00322553
-0.00356907
-0.00390458
-0.00421961
-0.00454136
-0.00488414
-0.00520554
-0.00546868
-0.00567618
-0.00583987
-0.0059655
-0.00606244
-0.00611451
-0.00611362
-0.00608291
-0.00603428
-0.00599444
-0.00596035
-0.00594009
-0.00596618
-0.00599409
-0.00602318
-0.00607307
-0.00611694
-0.00620032
-0.0063126
-0.0063882
-0.00645041
-0.00650818
-0.00655471
-0.00662666
-0.00672438
-0.00678095
-0.00680356
-0.00688578
-0.00698692
-0.00702934
-0.00708345
-0.00716473
-0.0072122
-0.00725555
-0.00731345
-0.00736706
-0.00741664
-0.00745771
-0.00750076
-0.00754846
-0.00758076
-0.00761275
-0.00765864
-0.00768793
-0.00771205
-0.00775368
-0.00778627
-0.00780407
-0.00783284
-0.0078704
-0.0078948
-0.00791725
-0.0079477
-0.0079774
-0.00800394
-0.00803046
-0.00806018
-0.00808926
-0.00811761
-0.00814772
-0.00817749
-0.0082082
-0.00823949
-0.00827061
-0.00830313
-0.00833608
-0.00836853
-0.00840308
-0.00843688
-0.00847086
-0.00850592
-0.00854459
-0.00858915
-0.00180151
-0.00120844
-0.00046668
0.000215339
0.000724921
0.0010145
0.00107471
0.000934852
0.000653001
0.000282
-0.000129364
-0.000543151
-0.000930375
-0.00128727
-0.00162936
-0.00195349
-0.00224037
-0.00247722
-0.00268332
-0.00291203
-0.00319983
-0.00352529
-0.00384934
-0.00415348
-0.00445061
-0.00476573
-0.00507926
-0.0053405
-0.00553996
-0.00570088
-0.00582764
-0.00593478
-0.00601304
-0.00603503
-0.00601802
-0.00598233
-0.00595742
-0.00593642
-0.00591854
-0.00594969
-0.00598665
-0.00601037
-0.00605174
-0.00609314
-0.0061762
-0.00629696
-0.00637823
-0.00643367
-0.00648851
-0.00653953
-0.00661248
-0.00670899
-0.00676683
-0.00678563
-0.00686185
-0.00697017
-0.00702128
-0.00706856
-0.00714391
-0.00719678
-0.00724313
-0.00729871
-0.00735185
-0.00740304
-0.00744525
-0.00748838
-0.00753642
-0.00756995
-0.00760241
-0.00764857
-0.00767928
-0.00770418
-0.00774564
-0.00777907
-0.00779803
-0.00782695
-0.00786479
-0.00789018
-0.00791326
-0.00794382
-0.00797384
-0.00800095
-0.00802782
-0.00805778
-0.00808711
-0.00811577
-0.00814609
-0.0081761
-0.008207
-0.00823851
-0.00826982
-0.0083025
-0.00833562
-0.0083682
-0.00840284
-0.00843671
-0.00847074
-0.00850586
-0.00854464
-0.00858957
-0.00198568
-0.00139123
-0.000647442
3.90877e-05
0.000559
0.000862177
0.000937182
0.000807448
0.000534249
0.000173547
-0.000226886
-0.00063136
-0.0010152
-0.00136371
-0.00169191
-0.00200187
-0.0022763
-0.00250507
-0.00270048
-0.00290943
-0.00317463
-0.00348457
-0.00379661
-0.00408849
-0.00436659
-0.00465425
-0.00495326
-0.00521375
-0.00540747
-0.00556487
-0.00569464
-0.00580802
-0.00590447
-0.00594968
-0.00595088
-0.00592584
-0.00591115
-0.00590945
-0.0058976
-0.00592538
-0.00597497
-0.00600157
-0.00602997
-0.00606614
-0.00615091
-0.00627949
-0.00636673
-0.00641523
-0.00646538
-0.00652267
-0.0065991
-0.00669305
-0.00675104
-0.00676787
-0.00683774
-0.00695103
-0.00701143
-0.0070528
-0.00712184
-0.00718102
-0.00723097
-0.00728299
-0.00733521
-0.00738846
-0.00743163
-0.00747486
-0.00752414
-0.00755929
-0.00759164
-0.00763751
-0.00766969
-0.00769565
-0.00773712
-0.00777151
-0.00779167
-0.00782069
-0.00785879
-0.00788525
-0.00790895
-0.00793962
-0.00797001
-0.00799775
-0.00802499
-0.00805518
-0.00808478
-0.00811377
-0.00814435
-0.0081746
-0.00820572
-0.00823745
-0.00826896
-0.00830181
-0.0083351
-0.00836781
-0.00840256
-0.00843651
-0.00847059
-0.00850577
-0.00854465
-0.00858993
-0.00217013
-0.0015729
-0.000825796
-0.000135682
0.000391249
0.000704835
0.000793452
0.000675427
0.000409963
5.77711e-05
-0.000333302
-0.00072622
-0.00110298
-0.00144517
-0.00175866
-0.00205077
-0.00230975
-0.00252711
-0.00271221
-0.00290525
-0.00315083
-0.00344759
-0.00374725
-0.00402358
-0.00428699
-0.00455309
-0.00483184
-0.00508751
-0.00527871
-0.00543167
-0.00556561
-0.00568551
-0.00579174
-0.00585654
-0.00587984
-0.00586738
-0.00585848
-0.00587521
-0.00587545
-0.00589653
-0.00595601
-0.00599509
-0.00601182
-0.00603709
-0.00612294
-0.00625787
-0.0063521
-0.00639791
-0.00644145
-0.00650157
-0.0065842
-0.0066781
-0.00673494
-0.00674938
-0.00681256
-0.00692906
-0.00699952
-0.00703717
-0.00709973
-0.00716483
-0.00721828
-0.00726538
-0.00731626
-0.00737345
-0.00741869
-0.00746117
-0.00751079
-0.00754755
-0.00757984
-0.00762557
-0.00765964
-0.00768687
-0.0077282
-0.00776342
-0.0077848
-0.00781399
-0.00785241
-0.00788
-0.00790434
-0.00793512
-0.0079659
-0.00799429
-0.00802191
-0.00805236
-0.00808229
-0.00811164
-0.00814248
-0.00817298
-0.00820433
-0.00823629
-0.00826802
-0.00830106
-0.00833453
-0.00836738
-0.00840224
-0.00843627
-0.0084704
-0.00850564
-0.00854464
-0.00859022
-0.00235177
-0.00175374
-0.00100343
-0.000309888
0.000222054
0.0005433
0.000643187
0.000537731
0.000280349
-6.45237e-05
-0.000446521
-0.000827434
-0.00119359
-0.00152943
-0.00183021
-0.00210236
-0.00234354
-0.00254588
-0.00271847
-0.00289907
-0.00312715
-0.00341119
-0.00370195
-0.0039635
-0.00421282
-0.00446142
-0.0047176
-0.00496314
-0.00515305
-0.00530123
-0.00543783
-0.00556712
-0.00568167
-0.00575947
-0.00580134
-0.00580441
-0.00580236
-0.00583268
-0.00584931
-0.00586887
-0.00593079
-0.00598318
-0.00599709
-0.00600969
-0.006091
-0.00623182
-0.00633542
-0.00638177
-0.00641741
-0.00647558
-0.00656555
-0.00666414
-0.00671973
-0.00672942
-0.00678595
-0.00690584
-0.00698668
-0.00702132
-0.00707632
-0.00714644
-0.00720487
-0.00724784
-0.0072966
-0.0073577
-0.00740535
-0.00744624
-0.00749564
-0.00753489
-0.00756805
-0.00761347
-0.00764894
-0.00767736
-0.00771864
-0.00775484
-0.00777755
-0.00780688
-0.00784557
-0.00787435
-0.00789939
-0.00793027
-0.00796146
-0.00799058
-0.00801866
-0.00804938
-0.00807963
-0.00810933
-0.00814046
-0.00817121
-0.00820284
-0.00823503
-0.00826701
-0.00830024
-0.00833389
-0.0083669
-0.00840187
-0.00843599
-0.00847019
-0.00850549
-0.00854458
-0.00859042
-0.00252438
-0.00193115
-0.0011813
-0.00048557
5.08303e-05
0.000378525
0.000487148
0.000393481
0.000144575
-0.000193243
-0.000566345
-0.000934842
-0.00128692
-0.00161286
-0.0019041
-0.00215932
-0.00238053
-0.00256532
-0.00272135
-0.00288899
-0.00310221
-0.00337387
-0.00366114
-0.00391252
-0.00414467
-0.00437551
-0.00461085
-0.00484382
-0.00503167
-0.00517458
-0.00531017
-0.00545081
-0.00557796
-0.00566385
-0.00571514
-0.0057332
-0.00574361
-0.00578503
-0.00581711
-0.00584177
-0.00590238
-0.00596181
-0.005982
-0.00598775
-0.00605746
-0.00620128
-0.00631672
-0.00636392
-0.00639247
-0.00644778
-0.00654278
-0.00664861
-0.00670606
-0.00671015
-0.0067582
-0.00688085
-0.00697226
-0.00700403
-0.00705093
-0.00712676
-0.00719231
-0.00723135
-0.00727533
-0.00733881
-0.00739043
-0.00743166
-0.00748069
-0.00752154
-0.00755544
-0.00760063
-0.00763746
-0.00766717
-0.00770863
-0.00774586
-0.00776978
-0.00779918
-0.00783823
-0.00786833
-0.00789411
-0.00792512
-0.00795679
-0.00798665
-0.00801516
-0.00804612
-0.00807674
-0.00810683
-0.00813829
-0.00816932
-0.00820123
-0.00823368
-0.0082659
-0.00829933
-0.00833319
-0.00836637
-0.00840145
-0.00843567
-0.00846993
-0.00850529
-0.00854449
-0.00859056
-0.00268443
-0.00210117
-0.00135739
-0.000662397
-0.000123275
0.000210418
0.000325822
0.000242531
2.09988e-06
-0.000328696
-0.000692706
-0.00104743
-0.00138183
-0.00169423
-0.00197643
-0.00222024
-0.00242224
-0.00258835
-0.0027259
-0.0028766
-0.00307648
-0.0033358
-0.00362194
-0.00387025
-0.00408362
-0.00429421
-0.00451246
-0.00473284
-0.00491685
-0.00505343
-0.00518246
-0.00533306
-0.00547844
-0.00557411
-0.00562749
-0.00565437
-0.00567931
-0.00573257
-0.00577808
-0.00581221
-0.00587424
-0.00593526
-0.00596092
-0.00596829
-0.00602699
-0.00616664
-0.00629407
-0.00634429
-0.00636598
-0.0064201
-0.00651784
-0.00662853
-0.00669205
-0.00669362
-0.00672981
-0.00685192
-0.0069558
-0.00698721
-0.00702512
-0.00710564
-0.00717897
-0.00721411
-0.00725282
-0.00731867
-0.00737502
-0.00741723
-0.00746542
-0.00750683
-0.00754142
-0.00758725
-0.00762577
-0.00765643
-0.00769785
-0.00773627
-0.00776155
-0.00779102
-0.00783046
-0.00786197
-0.00788857
-0.00791965
-0.00795176
-0.00798235
-0.00801138
-0.00804264
-0.00807367
-0.00810418
-0.00813598
-0.00816728
-0.00819949
-0.0082322
-0.00826469
-0.00829836
-0.0083324
-0.00836577
-0.00840097
-0.00843529
-0.00846963
-0.00850506
-0.00854434
-0.0085906
-0.00282822
-0.00225824
-0.00152676
-0.000837751
-0.000300394
3.73755e-05
0.000158597
8.42445e-05
-0.000146996
-0.000470455
-0.000824898
-0.00116601
-0.00148032
-0.00177439
-0.00204352
-0.00227948
-0.00246858
-0.00261772
-0.00273852
-0.00286792
-0.00305101
-0.00329651
-0.00357969
-0.00383172
-0.00403159
-0.00422119
-0.00442343
-0.00463032
-0.00480806
-0.00493997
-0.00505888
-0.005212
-0.00537793
-0.00549069
-0.00554666
-0.00557352
-0.00560547
-0.00567125
-0.00573409
-0.00578057
-0.00584567
-0.00590761
-0.00593346
-0.00594467
-0.0060003
-0.00613096
-0.00626645
-0.00632512
-0.0063386
-0.00638946
-0.00649188
-0.00660513
-0.00667463
-0.00667886
-0.00670342
-0.00681999
-0.00693692
-0.00697205
-0.00699866
-0.00708013
-0.0071636
-0.00719825
-0.00723156
-0.00729793
-0.00735715
-0.00740055
-0.00745003
-0.00749252
-0.00752652
-0.00757272
-0.00761365
-0.00764527
-0.00768631
-0.00772609
-0.00775302
-0.00778249
-0.00782222
-0.00785519
-0.00788263
-0.00791373
-0.00794634
-0.0079778
-0.0080074
-0.00803895
-0.00807039
-0.00810132
-0.00813347
-0.00816509
-0.00819762
-0.00823062
-0.00826338
-0.00829728
-0.00833152
-0.00836509
-0.00840043
-0.00843486
-0.00846927
-0.00850476
-0.00854413
-0.00859057
-0.00294975
-0.00239721
-0.00168531
-0.00101016
-0.000480014
-0.000142041
-1.55901e-05
-8.23634e-05
-0.000302721
-0.000617272
-0.000962016
-0.00129082
-0.00158431
-0.00185397
-0.00210399
-0.00233122
-0.00251584
-0.00265459
-0.00276225
-0.00286961
-0.00302955
-0.00325726
-0.00353311
-0.00379209
-0.00398933
-0.00415983
-0.0043414
-0.00453428
-0.00470644
-0.0048377
-0.00494622
-0.00508825
-0.0052701
-0.00540901
-0.00547569
-0.00549919
-0.00552506
-0.0055979
-0.00568458
-0.00574703
-0.00581361
-0.00587991
-0.00590598
-0.0059133
-0.00597108
-0.00609847
-0.00623647
-0.00630588
-0.00631159
-0.00635225
-0.00646306
-0.0065831
-0.00665401
-0.00666225
-0.00668061
-0.00678822
-0.00691335
-0.00695558
-0.0069727
-0.00705202
-0.00714713
-0.007184
-0.00720992
-0.00727522
-0.00733786
-0.00738255
-0.00743422
-0.00747894
-0.00751118
-0.00755639
-0.00760056
-0.00763409
-0.00767438
-0.00771518
-0.00774403
-0.00777359
-0.00781342
-0.00784786
-0.00787631
-0.00790753
-0.00794064
-0.00797297
-0.00800313
-0.00803497
-0.00806683
-0.00809824
-0.00813079
-0.00816275
-0.0081956
-0.00822892
-0.00826195
-0.00829612
-0.00833058
-0.00836434
-0.00839982
-0.00843435
-0.00846886
-0.00850442
-0.00854385
-0.00859044
-0.00304661
-0.00251452
-0.00182879
-0.00117648
-0.000659665
-0.000326632
-0.000196935
-0.000257188
-0.000465988
-0.000769104
-0.00110345
-0.00142015
-0.00169433
-0.00193571
-0.00216055
-0.00237408
-0.00255872
-0.00269637
-0.00279618
-0.00288604
-0.00301926
-0.00322315
-0.0034848
-0.00374709
-0.00395024
-0.00410849
-0.00426737
-0.00444693
-0.00461522
-0.0047463
-0.00484723
-0.00496792
-0.00515262
-0.00532274
-0.00541133
-0.00543775
-0.00544797
-0.00551432
-0.00562475
-0.00570861
-0.00577741
-0.00585149
-0.00588331
-0.00587868
-0.00593295
-0.00606681
-0.00620676
-0.00628422
-0.00628762
-0.00631184
-0.00642722
-0.00656289
-0.00663463
-0.00664087
-0.00665743
-0.00675843
-0.0068862
-0.00693703
-0.00694996
-0.00702323
-0.00712591
-0.00716851
-0.0071892
-0.00725272
-0.00731873
-0.00736299
-0.00741579
-0.00746523
-0.00749683
-0.007539
-0.00758584
-0.00762271
-0.0076625
-0.00770362
-0.00773427
-0.00776415
-0.00780413
-0.00784015
-0.00786975
-0.00790105
-0.00793458
-0.00796777
-0.00799856
-0.00803075
-0.00806307
-0.00809498
-0.00812793
-0.00816024
-0.00819342
-0.00822708
-0.0082604
-0.00829484
-0.00832952
-0.00836349
-0.00839914
-0.00843378
-0.00846838
-0.00850401
-0.00854351
-0.00859022
-0.00312589
-0.00261134
-0.00195344
-0.00133113
-0.000836076
-0.000514647
-0.000385963
-0.000440235
-0.000637968
-0.000926948
-0.00124858
-0.00155167
-0.00180789
-0.00202189
-0.00221781
-0.00241089
-0.00259224
-0.00273641
-0.00283736
-0.0029181
-0.00302694
-0.00320061
-0.00343845
-0.00369536
-0.00390778
-0.00406497
-0.00420576
-0.0043692
-0.00453266
-0.00466318
-0.00476173
-0.00486164
-0.00503119
-0.00522505
-0.00534566
-0.00538687
-0.005386
-0.00543109
-0.0055498
-0.00565878
-0.00573828
-0.00582146
-0.00586462
-0.00584885
-0.00588673
-0.00602661
-0.00617657
-0.00626281
-0.00626921
-0.00627435
-0.00638055
-0.00653642
-0.00662067
-0.00661963
-0.00662877
-0.00672924
-0.00686189
-0.00691704
-0.00692578
-0.00699307
-0.0071013
-0.00715266
-0.0071706
-0.00722993
-0.00729849
-0.00734259
-0.00739496
-0.00745038
-0.0074841
-0.00752195
-0.0075691
-0.00761015
-0.00765073
-0.0076917
-0.0077237
-0.00775422
-0.00779458
-0.00783208
-0.0078628
-0.00789416
-0.00792813
-0.00796228
-0.00799378
-0.00802633
-0.00805908
-0.0080915
-0.00812485
-0.00815755
-0.00819107
-0.00822509
-0.00825871
-0.00829343
-0.00832837
-0.00836254
-0.00839837
-0.00843312
-0.00846782
-0.00850354
-0.00854311
-0.00858993
-0.00319385
-0.00269199
-0.00205984
-0.00147014
-0.00100576
-0.000704459
-0.000582746
-0.000631904
-0.000817949
-0.0010908
-0.00139619
-0.00168396
-0.00192324
-0.00211431
-0.00228058
-0.00244689
-0.00261661
-0.00276848
-0.00288152
-0.00296273
-0.00305316
-0.00319464
-0.0034008
-0.00364274
-0.00386026
-0.00402405
-0.00415482
-0.00429989
-0.00445719
-0.00458946
-0.00468978
-0.00477556
-0.00491589
-0.00511342
-0.00526986
-0.00534004
-0.00534364
-0.00536097
-0.00546224
-0.00559315
-0.00569624
-0.00578833
-0.00584538
-0.00582866
-0.00584083
-0.00597306
-0.00614101
-0.00624386
-0.00625586
-0.00624263
-0.00632694
-0.00649691
-0.00660929
-0.00660702
-0.00659641
-0.00669424
-0.00683985
-0.00689772
-0.00689845
-0.00696298
-0.00707713
-0.00713462
-0.00715093
-0.00720698
-0.00727829
-0.00732287
-0.00737276
-0.00743288
-0.00747169
-0.00750644
-0.0075512
-0.00759544
-0.00763856
-0.00768018
-0.00771296
-0.00774373
-0.00778447
-0.00782351
-0.00785544
-0.00788691
-0.00792133
-0.00795648
-0.00798874
-0.00802165
-0.00805484
-0.00808783
-0.00812162
-0.00815472
-0.00818859
-0.00822297
-0.0082569
-0.00829191
-0.00832711
-0.00836147
-0.00839749
-0.00843238
-0.00846716
-0.00850297
-0.0085426
-0.00858952
-0.00324929
-0.0027608
-0.00215299
-0.00159494
-0.00116605
-0.000893417
-0.000785721
-0.000832609
-0.00100544
-0.00126067
-0.00154685
-0.00181765
-0.00204003
-0.00221119
-0.00235057
-0.00248737
-0.00263865
-0.00279155
-0.00292089
-0.00301255
-0.00309401
-0.00320897
-0.00338028
-0.00359732
-0.00380935
-0.00397978
-0.0041101
-0.00424058
-0.00439004
-0.00452489
-0.00462873
-0.00470768
-0.00481671
-0.00499728
-0.00517994
-0.00528806
-0.00531252
-0.00531239
-0.00537773
-0.00551398
-0.00564556
-0.00574803
-0.00582072
-0.00581823
-0.00580576
-0.00591235
-0.00609197
-0.00622087
-0.00624659
-0.00622073
-0.00627608
-0.0064429
-0.00658929
-0.00660653
-0.00657005
-0.00664674
-0.00681268
-0.00688711
-0.00687371
-0.00692814
-0.00705097
-0.00711613
-0.00713054
-0.00718419
-0.00725844
-0.00730369
-0.00734998
-0.0074126
-0.00745803
-0.00749271
-0.00753395
-0.00757892
-0.00762515
-0.007669
-0.00770244
-0.00773254
-0.00777346
-0.00781449
-0.00784797
-0.00787947
-0.00791414
-0.00795028
-0.00798335
-0.0080167
-0.00805034
-0.00808394
-0.00811819
-0.00815172
-0.00818597
-0.00822072
-0.008255
-0.00829027
-0.00832575
-0.00836032
-0.00839652
-0.00843156
-0.00846643
-0.00850232
-0.00854201
-0.00858895
-0.00328308
-0.0028154
-0.00223606
-0.00171049
-0.00131787
-0.00107964
-0.000993221
-0.00104338
-0.00120304
-0.00143754
-0.00170089
-0.00195137
-0.00215635
-0.00230938
-0.00242773
-0.00253817
-0.00266678
-0.00281079
-0.00295007
-0.00305909
-0.0031437
-0.00324165
-0.00338001
-0.00356516
-0.00376115
-0.00393314
-0.00406905
-0.00419075
-0.00433024
-0.0044659
-0.00457533
-0.0046551
-0.00474099
-0.00489086
-0.00507733
-0.00522168
-0.00528081
-0.00528325
-0.00531539
-0.00543076
-0.00557896
-0.00569799
-0.00578962
-0.00581266
-0.00578616
-0.00585444
-0.00602775
-0.00618461
-0.00624021
-0.00621177
-0.00623389
-0.00638092
-0.00655127
-0.00660788
-0.00656074
-0.00659568
-0.00677155
-0.00688155
-0.00685736
-0.00688756
-0.00701999
-0.0071007
-0.00711093
-0.007159
-0.00723808
-0.00728581
-0.00732767
-0.00739058
-0.00744225
-0.00747944
-0.00751858
-0.00756209
-0.00760972
-0.00765695
-0.00769244
-0.00772145
-0.00776183
-0.00780502
-0.00784045
-0.00787189
-0.00790655
-0.0079437
-0.00797773
-0.00801153
-0.00804554
-0.00807973
-0.00811449
-0.00814847
-0.00818314
-0.00821828
-0.00825295
-0.00828853
-0.00832431
-0.00835911
-0.00839549
-0.00843068
-0.00846565
-0.00850163
-0.0085414
-0.00858849
-0.00328456
-0.00284828
-0.0023085
-0.00182262
-0.00146771
-0.0012655
-0.00120497
-0.00126359
-0.00141191
-0.0016215
-0.00185714
-0.00208297
-0.00227024
-0.00240735
-0.00250968
-0.00260038
-0.00270612
-0.0028343
-0.00297315
-0.00309758
-0.00319341
-0.00328487
-0.00339804
-0.00355101
-0.00372514
-0.00388984
-0.0040294
-0.00414767
-0.0042773
-0.00441157
-0.00452762
-0.00461447
-0.00468762
-0.0048047
-0.0049737
-0.00513917
-0.0052385
-0.0052639
-0.00528014
-0.00535707
-0.00549941
-0.00563882
-0.00574945
-0.00580261
-0.00577996
-0.00580954
-0.00595867
-0.0061319
-0.0062272
-0.00621276
-0.00620469
-0.00632034
-0.00649612
-0.00659778
-0.00656979
-0.00655635
-0.00671099
-0.0068677
-0.00685697
-0.00685103
-0.00697921
-0.00708442
-0.00709546
-0.00713206
-0.00721568
-0.00726961
-0.00730669
-0.0073675
-0.00742443
-0.00746539
-0.0075046
-0.00754635
-0.0075928
-0.00764315
-0.00768289
-0.00771143
-0.00774983
-0.00779462
-0.00783267
-0.0078644
-0.0078988
-0.00793687
-0.00797195
-0.00800625
-0.00804059
-0.00807536
-0.00811063
-0.00814502
-0.00818007
-0.00821555
-0.00825059
-0.00828644
-0.0083225
-0.00835756
-0.00839413
-0.00842952
-0.0084646
-0.00850067
-0.00854051
-0.00858754
-0.00324679
-0.00285362
-0.00236841
-0.0019344
-0.00162267
-0.00145612
-0.00142147
-0.00148999
-0.00162896
-0.00181171
-0.00201493
-0.0022111
-0.00237817
-0.00250163
-0.00259227
-0.00267036
-0.00275823
-0.00286968
-0.00299855
-0.00312834
-0.00323606
-0.00332949
-0.00342941
-0.00355524
-0.00370534
-0.00385545
-0.00399252
-0.0041108
-0.00423188
-0.00436252
-0.00448345
-0.00458018
-0.00465147
-0.00474297
-0.00488327
-0.0050488
-0.00518136
-0.00524095
-0.005262
-0.00530679
-0.00542213
-0.00557224
-0.00569896
-0.00577964
-0.00578017
-0.00578446
-0.00589728
-0.00606656
-0.00619582
-0.00621632
-0.00619198
-0.00626983
-0.00643447
-0.00656703
-0.00658125
-0.00654134
-0.00664534
-0.00683329
-0.00686533
-0.0068286
-0.0069304
-0.00706142
-0.00708617
-0.00710709
-0.0071894
-0.00725395
-0.00728831
-0.00734424
-0.00740527
-0.00745012
-0.00749063
-0.00753218
-0.00757607
-0.00762753
-0.00767279
-0.00770236
-0.00773777
-0.00778323
-0.00782461
-0.00785729
-0.00789113
-0.00792984
-0.00796612
-0.00800105
-0.00803575
-0.00807107
-0.00810693
-0.00814177
-0.00817727
-0.00821311
-0.00824854
-0.0082847
-0.00832102
-0.00835633
-0.00839306
-0.00842859
-0.00846378
-0.00849991
-0.00853984
-0.00858705
-0.00317257
-0.00283383
-0.00241769
-0.00204863
-0.00178905
-0.00165896
-0.00164674
-0.00172151
-0.00184986
-0.00200521
-0.00217244
-0.00233495
-0.00247834
-0.00258982
-0.00267303
-0.00274447
-0.00282118
-0.00291791
-0.0030322
-0.00315651
-0.00327089
-0.00336932
-0.00346461
-0.00357194
-0.00370022
-0.0038338
-0.00396282
-0.00408016
-0.00419423
-0.00431916
-0.00444112
-0.0045466
-0.00462525
-0.00470231
-0.00481516
-0.00496357
-0.00511182
-0.00520568
-0.00524693
-0.0052799
-0.00536243
-0.00550257
-0.0056392
-0.00574248
-0.00577853
-0.00577609
-0.00584992
-0.00599971
-0.00614638
-0.00621103
-0.00619339
-0.00623428
-0.00637481
-0.00651919
-0.00657978
-0.00654868
-0.00659366
-0.00677569
-0.00686569
-0.00682599
-0.0068845
-0.00702651
-0.00707811
-0.00708812
-0.00716052
-0.00723652
-0.00727294
-0.00732176
-0.00738471
-0.00743381
-0.0074761
-0.00751924
-0.00756058
-0.00761004
-0.0076604
-0.00769376
-0.0077264
-0.00777064
-0.00781517
-0.00784965
-0.00788284
-0.00792175
-0.00795928
-0.00799503
-0.00803005
-0.00806584
-0.00810229
-0.0081376
-0.00817353
-0.00820978
-0.00824561
-0.00828214
-0.00831875
-0.00835437
-0.00839132
-0.00842707
-0.00846241
-0.00849865
-0.00853863
-0.00858577
-0.00305431
-0.00278656
-0.00245754
-0.00216945
-0.00197362
-0.00188354
-0.00188904
-0.00196246
-0.00207442
-0.00220082
-0.00233085
-0.00245812
-0.00257543
-0.00267524
-0.0027545
-0.00282364
-0.00289459
-0.00297955
-0.00308018
-0.00319259
-0.003305
-0.00340614
-0.00350061
-0.00359791
-0.00370888
-0.00382744
-0.00394532
-0.00405821
-0.00416671
-0.00428413
-0.00440365
-0.00451458
-0.00460404
-0.00467774
-0.00477075
-0.00489565
-0.00504024
-0.0051586
-0.00522646
-0.00526772
-0.00532606
-0.00543991
-0.00557719
-0.0056963
-0.00576556
-0.00577564
-0.00582062
-0.00594377
-0.00608867
-0.00618884
-0.0061999
-0.00621583
-0.00632533
-0.00646606
-0.00655985
-0.00656399
-0.00657005
-0.00671137
-0.00684709
-0.00683723
-0.00685433
-0.00698303
-0.00706592
-0.00707804
-0.00713367
-0.00721636
-0.007261
-0.00730309
-0.00736476
-0.00741863
-0.00746246
-0.00750791
-0.00754891
-0.00759435
-0.00764735
-0.0076869
-0.00771845
-0.00775938
-0.007806
-0.0078435
-0.00787651
-0.00791493
-0.00795347
-0.00799024
-0.0080256
-0.00806172
-0.00809868
-0.00813443
-0.00817073
-0.00820728
-0.00824342
-0.00828023
-0.00831707
-0.00835292
-0.00839004
-0.00842592
-0.00846139
-0.00849769
-0.00853776
-0.008585
-0.00280414
-0.00263175
-0.00242633
-0.00225141
-0.00213969
-0.00209836
-0.00211998
-0.00218675
-0.00227898
-0.00237917
-0.00247826
-0.00257461
-0.00266683
-0.00275283
-0.0028281
-0.00289701
-0.00296649
-0.00304471
-0.00313514
-0.00323529
-0.00333994
-0.00343934
-0.00353287
-0.0036252
-0.00372437
-0.00383165
-0.00393959
-0.00404629
-0.00414983
-0.00425842
-0.00437306
-0.00448483
-0.00458283
-0.00466208
-0.00474448
-0.00484808
-0.00497712
-0.00510507
-0.00519708
-0.00525632
-0.00530721
-0.00539373
-0.00551914
-0.0056423
-0.0057356
-0.00577475
-0.00580856
-0.0059001
-0.00602794
-0.00614709
-0.00619885
-0.00621227
-0.00628733
-0.00641135
-0.00652088
-0.00656741
-0.00656816
-0.00665424
-0.0068019
-0.00684296
-0.00684232
-0.00693691
-0.00704058
-0.00707097
-0.0071106
-0.00718988
-0.00724675
-0.00728665
-0.00734325
-0.00740083
-0.00744629
-0.0074935
-0.00753714
-0.00757885
-0.00763021
-0.00767616
-0.00771029
-0.00774745
-0.00779395
-0.00783509
-0.00786916
-0.00790672
-0.00794576
-0.00798381
-0.00801981
-0.00805627
-0.0080938
-0.00813014
-0.00816694
-0.00820392
-0.00824047
-0.00827768
-0.00831483
-0.00835096
-0.00838832
-0.00842437
-0.00846
-0.0084964
-0.00853656
-0.00858395
-0.00278713
-0.00265025
-0.00248663
-0.0023533
-0.00227828
-0.00226441
-0.00229993
-0.00236695
-0.00244787
-0.00252979
-0.00260636
-0.00267868
-0.00274966
-0.0028215
-0.00289225
-0.00296132
-0.00303128
-0.00310649
-0.00318989
-0.0032801
-0.00337503
-0.00346961
-0.00356098
-0.00365098
-0.00374404
-0.00384355
-0.00394467
-0.00404552
-0.00414412
-0.0042446
-0.0043521
-0.00446141
-0.00456578
-0.00465509
-0.00473627
-0.00482624
-0.00493481
-0.00505679
-0.00516489
-0.0052452
-0.00530584
-0.00537514
-0.00547742
-0.00559412
-0.00570196
-0.00577286
-0.00581208
-0.00587857
-0.0059846
-0.0061037
-0.00618935
-0.0062219
-0.00627176
-0.00637155
-0.00648097
-0.00655987
-0.00658396
-0.00662822
-0.0067518
-0.00683817
-0.00685096
-0.00690725
-0.00700968
-0.00706633
-0.00710042
-0.00716696
-0.00723306
-0.0072775
-0.00732752
-0.00738596
-0.00743427
-0.00748178
-0.00752849
-0.00756925
-0.00761637
-0.00766555
-0.00770484
-0.00773973
-0.00778358
-0.00782726
-0.00786361
-0.00790053
-0.00793926
-0.00797834
-0.008015
-0.00805153
-0.00808929
-0.00812603
-0.00816317
-0.00820041
-0.00823723
-0.00827475
-0.00831215
-0.00834854
-0.00838613
-0.00842238
-0.0084582
-0.00849473
-0.00853491
-0.00858215
-0.0024747
-0.00244241
-0.00241646
-0.00240772
-0.00242076
-0.00245383
-0.0025008
-0.00255512
-0.00261146
-0.00266713
-0.00272041
-0.00277304
-0.00282797
-0.00288796
-0.0029529
-0.00302076
-0.00309098
-0.00316426
-0.00324209
-0.00332441
-0.00341005
-0.00349734
-0.00358397
-0.00367084
-0.00375939
-0.0038526
-0.00394902
-0.00404559
-0.00414065
-0.00423489
-0.00433351
-0.00443691
-0.00454167
-0.00463938
-0.00472652
-0.00481153
-0.0049048
-0.00501307
-0.00512403
-0.00521951
-0.00529578
-0.00536231
-0.00544569
-0.00555067
-0.00565926
-0.00574961
-0.00580772
-0.00586565
-0.00595191
-0.00605856
-0.00615938
-0.00621985
-0.00626387
-0.006341
-0.00644096
-0.00653312
-0.00658598
-0.00661966
-0.00670679
-0.00681146
-0.00685515
-0.00689156
-0.00697584
-0.00705166
-0.00709365
-0.00714732
-0.00721421
-0.00726699
-0.00731402
-0.00737019
-0.00742189
-0.00746977
-0.00751811
-0.00756126
-0.00760521
-0.00765393
-0.00769878
-0.0077346
-0.00777508
-0.00781971
-0.00785912
-0.00789606
-0.00793395
-0.00797383
-0.0080115
-0.00804827
-0.00808627
-0.00812347
-0.00816103
-0.00819856
-0.00823565
-0.00827342
-0.00831103
-0.00834759
-0.00838531
-0.00842164
-0.00845751
-0.00849406
-0.00853432
-0.00858178
-0.00233442
-0.00235822
-0.00240794
-0.00247058
-0.00253675
-0.00260016
-0.00265684
-0.00270549
-0.00274725
-0.00278537
-0.00282323
-0.00286415
-0.00291072
-0.00296455
-0.00302526
-0.00309088
-0.00315962
-0.00323108
-0.00330581
-0.00338379
-0.00346384
-0.00354546
-0.00362764
-0.00371069
-0.00379526
-0.00388372
-0.00397609
-0.0040698
-0.00416258
-0.00425346
-0.00434587
-0.00444272
-0.00454328
-0.00464221
-0.00473357
-0.00481956
-0.00490841
-0.00500703
-0.00511213
-0.00521019
-0.00529274
-0.00536307
-0.00544055
-0.00553607
-0.00563983
-0.00573477
-0.00580409
-0.00586243
-0.00593937
-0.00603889
-0.00614077
-0.0062133
-0.00626062
-0.00632714
-0.00642073
-0.00651418
-0.00657911
-0.00661713
-0.00668583
-0.00678638
-0.00685054
-0.00688557
-0.00695332
-0.00703345
-0.00708556
-0.00713312
-0.00719564
-0.00725444
-0.00730211
-0.00735496
-0.00740814
-0.00745681
-0.00750494
-0.00755034
-0.00759367
-0.00763993
-0.00768712
-0.00772571
-0.00776453
-0.00780818
-0.00784955
-0.00788763
-0.00792514
-0.00796536
-0.00800401
-0.00804131
-0.0080796
-0.00811725
-0.0081553
-0.00819326
-0.00823071
-0.00826891
-0.0083069
-0.00834383
-0.00838192
-0.00841856
-0.0084547
-0.00849145
-0.0085317
-0.00857897
)
;

boundaryField
{
    zeroGradPlanes
    {
        type            zeroGradient;
    }
    inlet
    {
        type            zeroGradient;
    }
    plate
    {
        type            zeroGradient;
    }
    frontAndBack
    {
        type            empty;
    }
}


// ************************************************************************* //
