/*--------------------------------*- C++ -*----------------------------------*\
| =========                 |                                                 |
| \\      /  F ield         | OpenFOAM: The Open Source CFD Toolbox           |
|  \\    /   O peration     | Version:  v1906                                 |
|   \\  /    A nd           | Web:      www.OpenFOAM.com                      |
|    \\/     M anipulation  |                                                 |
\*---------------------------------------------------------------------------*/
FoamFile
{
    version     2.0;
    format      ascii;
    class       surfaceScalarField;
    location    "1000";
    object      phi;
}
// * * * * * * * * * * * * * * * * * * * * * * * * * * * * * * * * * * * * * //

dimensions      [1 0 -1 0 0 0 0];
oriented        oriented;


internalField   nonuniform List<scalar> 
3878
(
0.000196915
-4.98634e-05
0.000183902
1.30122e-05
0.00015855
2.53517e-05
0.000136893
2.16572e-05
0.000118003
1.88898e-05
9.87509e-05
1.92519e-05
7.768e-05
2.1071e-05
5.45437e-05
2.31365e-05
2.97632e-05
2.4781e-05
4.6982e-06
2.50658e-05
-1.79052e-05
2.26042e-05
-3.39121e-05
1.60076e-05
-3.74742e-05
3.56258e-06
-2.21082e-05
-1.53656e-05
-2.21076e-05
-2.14998e-05
2.14918e-05
-5.26491e-05
3.11445e-05
-8.44627e-05
3.18107e-05
-0.000105938
2.14732e-05
-0.000115078
9.13883e-06
-0.000115329
2.50344e-07
-0.000102321
-1.301e-05
-7.80916e-05
-2.42298e-05
-4.47899e-05
-3.33026e-05
-1.96203e-06
-4.28288e-05
4.13229e-05
-4.32859e-05
7.5805e-05
-3.4483e-05
7.40129e-05
1.79079e-06
7.4012e-05
-5.41687e-05
5.41632e-05
-8.97753e-05
3.56046e-05
-0.000109945
2.01684e-05
-0.000115859
5.91301e-06
-0.000111799
-4.06078e-06
-0.000101014
-1.07856e-05
-8.69842e-05
-1.40303e-05
-7.13603e-05
-1.56243e-05
-5.52675e-05
-1.60932e-05
-3.93612e-05
-1.59067e-05
-2.41845e-05
-1.5177e-05
-1.01635e-05
-1.40212e-05
2.88317e-06
-1.30469e-05
1.51874e-05
-1.23045e-05
2.67563e-05
-1.1569e-05
3.77934e-05
-1.10372e-05
4.87219e-05
-1.09286e-05
6.02322e-05
-1.15104e-05
7.34242e-05
-1.3192e-05
9.09547e-05
-1.75306e-05
-2.5191e-05
0.00011314
-1.59524e-05
0.000124363
1.78964e-06
0.00013345
1.62643e-05
0.000131448
2.3659e-05
0.000122172
2.8166e-05
0.00010862
3.2804e-05
9.21708e-05
3.75197e-05
7.33469e-05
4.19605e-05
5.28218e-05
4.53063e-05
3.16092e-05
4.62786e-05
1.12073e-05
4.30064e-05
-6.10231e-06
3.33173e-05
-1.77092e-05
1.51696e-05
-2.07426e-05
-1.23319e-05
-4.28498e-05
-2.62189e-05
4.77065e-05
-5.72777e-05
6.2201e-05
-8.2196e-05
5.67274e-05
-9.90217e-05
3.82979e-05
-0.000107515
1.76318e-05
-0.000107736
4.7066e-07
-0.000100102
-2.0645e-05
-8.42518e-05
-4.00803e-05
-6.07615e-05
-5.67932e-05
-3.08536e-05
-7.2737e-05
3.75075e-06
-7.78906e-05
3.33445e-05
-6.40772e-05
4.46796e-05
-9.54482e-06
0.000118691
-4.79938e-05
0.000102155
-7.36254e-05
6.12354e-05
-8.48866e-05
3.14291e-05
-8.66108e-05
7.63676e-06
-8.13962e-05
-9.27566e-06
-7.19101e-05
-2.02719e-05
-5.96605e-05
-2.62801e-05
-4.60227e-05
-2.92622e-05
-3.19923e-05
-3.01236e-05
-1.82805e-05
-2.96187e-05
-5.05642e-06
-2.84011e-05
7.6624e-06
-2.67401e-05
1.96556e-05
-2.50402e-05
3.08367e-05
-2.34856e-05
4.13242e-05
-2.20566e-05
5.13161e-05
-2.10291e-05
6.10113e-05
-2.06239e-05
7.08041e-05
-2.13032e-05
8.09451e-05
-2.3333e-05
9.15803e-05
-2.81658e-05
-3.4219e-05
0.000137132
-6.03311e-06
0.000134115
4.8063e-06
0.00013536
1.50197e-05
0.000132376
2.66424e-05
0.000124992
3.55506e-05
0.000114138
4.3658e-05
0.000100539
5.11185e-05
8.47224e-05
5.7777e-05
6.7272e-05
6.27568e-05
4.89097e-05
6.46411e-05
3.05167e-05
6.13994e-05
1.34562e-05
5.03781e-05
-7.61682e-07
2.93877e-05
-8.96736e-06
-4.12592e-06
-5.18165e-05
-3.14727e-05
7.91759e-05
-5.76963e-05
8.8423e-05
-7.7472e-05
7.6502e-05
-9.12998e-05
5.21248e-05
-9.9264e-05
2.55955e-05
-0.000100512
1.71795e-06
-9.64164e-05
-2.47406e-05
-8.65719e-05
-4.99249e-05
-7.11379e-05
-7.22274e-05
-5.07037e-05
-9.31714e-05
-2.56703e-05
-0.000102924
1.36219e-06
-9.11098e-05
2.06627e-05
-2.88455e-05
0.000139354
-4.10166e-05
0.00014317
-5.89778e-05
7.91962e-05
-6.52292e-05
3.76801e-05
-6.43258e-05
6.73323e-06
-5.86786e-05
-1.4923e-05
-4.98751e-05
-2.90756e-05
-3.8973e-05
-3.71822e-05
-2.70811e-05
-4.11542e-05
-1.49112e-05
-4.22936e-05
-2.74306e-06
-4.17869e-05
9.13974e-06
-4.0284e-05
2.05131e-05
-3.81135e-05
3.12575e-05
-3.57846e-05
4.13029e-05
-3.3531e-05
5.07356e-05
-3.14893e-05
5.9651e-05
-2.99445e-05
6.81665e-05
-2.91395e-05
7.63669e-05
-2.95036e-05
8.42559e-05
-3.12221e-05
9.1137e-05
-3.50468e-05
-3.91452e-05
0.000142887
-1.86889e-06
0.000140289
7.40369e-06
0.000137766
1.75427e-05
0.000134
3.04082e-05
0.000127588
4.1963e-05
0.000118489
5.27567e-05
0.000106983
6.26249e-05
9.34462e-05
7.13136e-05
7.83253e-05
7.78777e-05
6.21304e-05
8.08361e-05
4.54318e-05
7.80982e-05
2.88723e-05
6.69377e-05
1.34514e-05
4.48089e-05
1.41946e-06
7.90633e-06
-5.03962e-05
-3.28658e-05
0.000112039
-5.62126e-05
0.000111768
-7.25663e-05
9.28545e-05
-8.39309e-05
6.34887e-05
-9.13001e-05
3.29642e-05
-9.36908e-05
4.10826e-06
-9.23139e-05
-2.61179e-05
-8.73406e-05
-5.48985e-05
-7.84741e-05
-8.1094e-05
-6.56953e-05
-0.00010595
-4.83873e-05
-0.000120232
-2.62105e-05
-0.000113287
-2.66686e-06
-5.23892e-05
0.000136687
-3.32849e-05
0.000176455
-4.573e-05
9.16411e-05
-4.83294e-05
4.02794e-05
-4.56366e-05
4.04032e-06
-3.95107e-05
-2.10489e-05
-3.11316e-05
-3.74547e-05
-2.1399e-05
-4.69149e-05
-1.0915e-05
-5.16382e-05
-1.76486e-10
-5.32084e-05
1.08946e-05
-5.26816e-05
2.14565e-05
-5.08459e-05
3.15893e-05
-4.82463e-05
4.1172e-05
-4.53673e-05
5.01578e-05
-4.25168e-05
5.85812e-05
-3.99128e-05
6.64786e-05
-3.78419e-05
7.38863e-05
-3.65472e-05
8.07649e-05
-3.63821e-05
8.69842e-05
-3.74413e-05
9.19617e-05
-4.00244e-05
-4.26142e-05
0.000144774
4.07355e-07
0.000142601
9.57747e-06
0.000139601
2.05426e-05
0.00013571
3.42989e-05
0.000130013
4.76599e-05
0.000122217
6.05531e-05
0.00011236
7.24818e-05
0.000100658
8.30159e-05
8.74045e-05
9.11309e-05
7.29165e-05
9.53242e-05
5.75071e-05
9.35077e-05
4.14672e-05
8.29778e-05
2.52411e-05
6.10352e-05
1.03062e-05
2.28418e-05
-4.00888e-05
-3.29855e-05
0.000145021
-5.32136e-05
0.000131994
-6.71881e-05
0.000106828
-7.67132e-05
7.3013e-05
-8.28286e-05
3.9079e-05
-8.6126e-05
7.40519e-06
-8.6902e-05
-2.53421e-05
-8.56302e-05
-5.61704e-05
-8.1911e-05
-8.48133e-05
-7.60602e-05
-0.000111801
-6.59957e-05
-0.000130297
-4.81567e-05
-0.000131125
-1.91046e-05
-8.14411e-05
0.000117583
-2.52868e-05
0.000201741
-3.31568e-05
9.95111e-05
-3.29082e-05
4.00308e-05
-2.87484e-05
-1.19498e-07
-2.2184e-05
-2.76134e-05
-1.42122e-05
-4.54265e-05
-5.27404e-06
-5.5853e-05
4.25369e-06
-6.1166e-05
1.39488e-05
-6.29036e-05
2.35569e-05
-6.22898e-05
3.28912e-05
-6.01802e-05
4.18483e-05
-5.72034e-05
5.03359e-05
-5.38549e-05
5.83064e-05
-5.04873e-05
6.57595e-05
-4.73659e-05
7.26923e-05
-4.47746e-05
7.90903e-05
-4.29452e-05
8.4866e-05
-4.21579e-05
8.98711e-05
-4.24464e-05
9.37355e-05
-4.38888e-05
-4.53435e-05
0.000145593
1.86444e-06
0.000143688
1.14832e-05
0.000140834
2.33967e-05
0.000137183
3.79496e-05
0.000132139
5.27042e-05
0.000125414
6.72779e-05
0.000116927
8.09689e-05
0.000106753
9.31899e-05
9.50391e-05
0.000102844
8.1919e-05
0.000108444
6.74756e-05
0.000107951
5.1716e-05
9.87375e-05
3.47085e-05
7.80431e-05
1.69639e-05
4.0587e-05
-2.31235e-05
-3.09468e-05
0.000175963
-4.92306e-05
0.000150276
-6.08248e-05
0.00011842
-6.88127e-05
8.09999e-05
-7.38033e-05
4.40688e-05
-7.71655e-05
1.0767e-05
-7.93214e-05
-2.31866e-05
-8.06054e-05
-5.48866e-05
-8.09991e-05
-8.44196e-05
-8.06435e-05
-0.000112157
-7.74174e-05
-0.000133523
-6.65598e-05
-0.000141983
-3.71522e-05
-0.000110848
8.04318e-05
-1.74455e-05
0.000219186
-2.11381e-05
0.000103204
-1.84565e-05
3.73492e-05
-1.30387e-05
-5.53723e-06
-6.09553e-06
-3.45566e-05
1.7082e-06
-5.32302e-05
1.00389e-05
-6.41837e-05
1.85743e-05
-6.97014e-05
2.71332e-05
-7.14624e-05
3.55627e-05
-7.07192e-05
4.37446e-05
-6.83622e-05
5.15957e-05
-6.50545e-05
5.90442e-05
-6.13034e-05
6.60429e-05
-5.74861e-05
7.25706e-05
-5.38936e-05
7.85996e-05
-5.08036e-05
8.40886e-05
-4.84342e-05
8.8941e-05
-4.70104e-05
9.30322e-05
-4.65375e-05
9.61582e-05
-4.70148e-05
-4.76155e-05
0.000145993
2.92182e-06
0.000144271
1.32048e-05
0.000141677
2.59907e-05
0.000138372
4.12546e-05
0.00013395
5.71268e-05
0.000128152
7.30753e-05
0.000120835
8.82863e-05
0.000111962
0.000102063
0.000101544
0.000113262
8.9541e-05
0.000120448
7.58254e-05
0.000121667
6.01579e-05
0.000114405
4.23048e-05
9.58966e-05
2.21275e-05
6.0765e-05
-9.9419e-07
-2.8254e-05
0.000204212
-4.41228e-05
0.000166142
-5.34551e-05
0.000127751
-5.95748e-05
8.71185e-05
-6.35671e-05
4.80604e-05
-6.64304e-05
1.36297e-05
-6.91607e-05
-2.04566e-05
-7.20421e-05
-5.20055e-05
-7.52504e-05
-8.12113e-05
-7.88953e-05
-0.000108512
-8.10484e-05
-0.000131369
-7.87198e-05
-0.000144311
-5.99525e-05
-0.000129615
2.04807e-05
-1.01768e-05
0.000229364
-9.57961e-06
0.000102607
-4.57162e-06
3.23413e-05
2.12554e-06
-1.22343e-05
9.45465e-06
-4.18857e-05
1.70153e-05
-6.07908e-05
2.46421e-05
-7.18106e-05
3.22352e-05
-7.72945e-05
3.9728e-05
-7.89553e-05
4.70527e-05
-7.80438e-05
5.41468e-05
-7.54564e-05
6.09527e-05
-7.18604e-05
6.74154e-05
-6.77661e-05
7.34899e-05
-6.35605e-05
7.91429e-05
-5.95466e-05
8.43337e-05
-5.59944e-05
8.90094e-05
-5.31099e-05
9.30818e-05
-5.10828e-05
9.64593e-05
-4.99151e-05
9.90471e-05
-4.96026e-05
-4.95568e-05
0.000146212
3.7603e-06
0.000144635
1.4781e-05
0.0001423
2.83259e-05
0.000139352
4.4203e-05
0.000135504
6.09746e-05
0.000130521
7.80587e-05
0.000124219
9.45884e-05
0.000116472
0.000109809
0.000107173
0.000122562
9.61134e-05
0.000131507
8.29733e-05
0.000134807
6.72869e-05
0.000130092
4.85649e-05
0.000114619
2.62473e-05
8.30835e-05
2.52551e-05
-2.49519e-05
0.000229159
-3.79941e-05
0.000179181
-4.4804e-05
0.000134559
-4.89242e-05
9.12374e-05
-5.15805e-05
5.07158e-05
-5.36133e-05
1.5662e-05
-5.62718e-05
-1.77985e-05
-5.98421e-05
-4.84354e-05
-6.45486e-05
-7.65049e-05
-7.05382e-05
-0.000102522
-7.66437e-05
-0.000125264
-8.00738e-05
-0.000140881
-7.22496e-05
-0.000137438
-5.17674e-05
-2.11141e-06
0.000231475
1.84577e-06
9.86498e-05
9.09467e-06
2.50925e-05
1.68405e-05
-1.99801e-05
2.44547e-05
-4.94998e-05
3.17191e-05
-6.80551e-05
3.86544e-05
-7.87458e-05
4.53368e-05
-8.39769e-05
5.18127e-05
-8.54312e-05
5.80905e-05
-8.43216e-05
6.41547e-05
-8.15207e-05
6.99723e-05
-7.7678e-05
7.55025e-05
-7.32963e-05
8.07039e-05
-6.87619e-05
8.55374e-05
-6.43802e-05
8.99565e-05
-6.04135e-05
9.39058e-05
-5.70592e-05
9.73117e-05
-5.44886e-05
0.000100112
-5.27157e-05
0.000102278
-5.17681e-05
-5.12303e-05
0.000146348
4.46223e-06
0.000144904
1.62245e-05
0.000142811
3.04196e-05
0.000140203
4.6811e-05
0.000136879
6.42979e-05
0.000132614
8.23244e-05
0.000127205
9.99968e-05
0.000120456
0.000116558
0.000112157
0.000130862
0.000101936
0.000141728
8.92997e-05
0.000147444
7.35552e-05
0.000145837
5.39515e-05
0.000134223
2.96276e-05
0.000107408
5.48851e-05
-2.12817e-05
0.000250435
-3.12735e-05
0.000189169
-3.52118e-05
0.000138496
-3.67049e-05
9.27293e-05
-3.76562e-05
5.16662e-05
-3.85604e-05
1.65656e-05
-4.06828e-05
-1.56764e-05
-4.42133e-05
-4.4905e-05
-4.93368e-05
-7.13814e-05
-5.60798e-05
-9.57789e-05
-6.36123e-05
-0.000117731
-6.8932e-05
-0.00013556
-6.38939e-05
-0.000142475
-0.00011566
4.24644e-06
0.000227229
1.29465e-05
8.99501e-05
2.24856e-05
1.55535e-05
3.12601e-05
-2.87545e-05
3.9073e-05
-5.73126e-05
4.59489e-05
-7.4931e-05
5.21595e-05
-8.49563e-05
5.79371e-05
-8.97546e-05
6.34289e-05
-9.09229e-05
6.87071e-05
-8.95998e-05
7.37946e-05
-8.66082e-05
7.86786e-05
-8.2562e-05
8.33302e-05
-7.79479e-05
8.7712e-05
-7.31436e-05
9.1783e-05
-6.84512e-05
9.54952e-05
-6.41258e-05
9.87957e-05
-6.03596e-05
0.000101625
-5.73181e-05
0.000103945
-5.50355e-05
0.00010576
-5.35832e-05
-5.26702e-05
0.000146446
5.06627e-06
0.000145135
1.75352e-05
0.00014327
3.22846e-05
0.000141002
4.90788e-05
0.000138142
6.71577e-05
0.000134516
8.59508e-05
0.000129905
0.000104607
0.000124088
0.000122376
0.000116704
0.000138246
0.000107288
0.000151144
9.5171e-05
0.000159561
7.94246e-05
0.000161584
5.90055e-05
0.000154643
3.27369e-05
0.000133678
8.76246e-05
-1.68422e-05
0.000267271
-2.27671e-05
0.000195091
-2.35446e-05
0.000139271
-2.2479e-05
9.16624e-05
-2.15781e-05
5.07644e-05
-2.12821e-05
1.62691e-05
-2.2596e-05
-1.43628e-05
-2.56323e-05
-4.1869e-05
-3.0502e-05
-6.65117e-05
-3.70842e-05
-8.91966e-05
-4.45157e-05
-0.000110299
-4.99657e-05
-0.00013011
-4.50361e-05
-0.000147404
-0.000160695
1.16284e-05
0.000215602
2.44589e-05
7.712e-05
3.60452e-05
3.96744e-06
4.5638e-05
-3.83471e-05
5.34314e-05
-6.5106e-05
5.97834e-05
-8.12829e-05
6.52054e-05
-9.03783e-05
7.00669e-05
-9.4616e-05
7.45968e-05
-9.54528e-05
7.89168e-05
-9.39198e-05
8.3078e-05
-9.07693e-05
8.70823e-05
-8.65663e-05
9.09097e-05
-8.17754e-05
9.45264e-05
-7.67603e-05
9.78918e-05
-7.18166e-05
0.000100959
-6.71928e-05
0.000103679
-6.30794e-05
0.000106004
-5.96435e-05
0.000107913
-5.69441e-05
0.000109425
-5.50955e-05
-5.38982e-05
0.000146525
5.59052e-06
0.000145355
1.87053e-05
0.000143731
3.39089e-05
0.000141778
5.10318e-05
0.000139343
6.95922e-05
0.000136311
8.89835e-05
0.000132449
0.000108469
0.000127477
0.000127348
0.000120991
0.000144732
0.000112424
0.000159711
0.000100939
0.000171046
8.53627e-05
0.000177161
6.42968e-05
0.000175709
3.60732e-05
0.000161903
0.0001237
-1.09972e-05
0.000278263
-1.24379e-05
0.000196529
-9.77407e-06
0.000136606
-5.98049e-06
8.78677e-05
-3.25254e-06
4.80358e-05
-1.93977e-06
1.49558e-05
-2.60685e-06
-1.3696e-05
-5.17524e-06
-3.93007e-05
-9.37123e-06
-6.23158e-05
-1.51749e-05
-8.33929e-05
-2.22657e-05
-0.000103208
-2.8482e-05
-0.000123894
-2.72269e-05
-0.000148659
-0.000187921
1.8971e-05
0.000196632
3.65521e-05
5.95394e-05
4.99029e-05
-9.38312e-06
6.00863e-05
-4.85305e-05
6.76062e-05
-7.26258e-05
7.3262e-05
-8.69387e-05
7.78119e-05
-9.49281e-05
8.1737e-05
-9.8541e-05
8.53237e-05
-9.90396e-05
8.8725e-05
-9.73211e-05
9.20097e-05
-9.4054e-05
9.51879e-05
-8.97444e-05
9.82457e-05
-8.48331e-05
0.000101152
-7.96667e-05
0.000103867
-7.4532e-05
0.000106347
-6.96724e-05
0.000108546
-6.52783e-05
0.000110426
-6.15239e-05
0.000111976
-5.84939e-05
0.00011322
-5.63391e-05
-5.49289e-05
0.000146598
6.04183e-06
0.000145581
1.97226e-05
0.000144207
3.52824e-05
0.000142542
5.26971e-05
0.000140534
7.16004e-05
0.000138063
9.14544e-05
0.000134905
0.000111627
0.000130761
0.000131492
0.000125185
0.000150308
0.000117564
0.000167333
0.000106936
0.000181674
9.18446e-05
0.000192252
7.04212e-05
0.000197133
4.02139e-05
0.000192111
0.000163917
-5.73856e-06
0.000283996
-1.06859e-06
0.000191857
6.44024e-06
0.000129096
1.28343e-05
8.14729e-05
1.71049e-05
4.37646e-05
1.94312e-05
1.26292e-05
1.94398e-05
-1.37049e-05
1.73858e-05
-3.72469e-05
1.33789e-05
-5.83088e-05
7.67366e-06
-7.76876e-05
1.01273e-06
-9.65473e-05
-6.04627e-06
-0.000116834
-9.77892e-06
-0.000144926
-0.0001977
2.71297e-05
0.000169504
4.9359e-05
3.73107e-05
6.43361e-05
-2.436e-05
7.47408e-05
-5.8935e-05
8.16164e-05
-7.95013e-05
8.63799e-05
-9.1702e-05
8.99708e-05
-9.8519e-05
9.29424e-05
-0.000101513
9.56078e-05
-0.000101705
9.8132e-05
-9.98452e-05
0.000100591
-9.65133e-05
0.000102997
-9.21507e-05
0.00010534
-8.71757e-05
0.00010759
-8.19167e-05
0.000109709
-7.6651e-05
0.000111655
-7.1618e-05
0.000113386
-6.70092e-05
0.00011487
-6.30079e-05
0.000116101
-5.97258e-05
0.000117102
-5.73396e-05
-5.57741e-05
0.000146674
6.41644e-06
0.000145821
2.05757e-05
0.000144686
3.64177e-05
0.000143325
5.40576e-05
0.000141737
7.3189e-05
0.00013981
9.33814e-05
0.000137337
0.0001141
0.000134025
0.000134804
0.000129432
0.000154902
0.000122898
0.000173866
0.00011345
0.000191123
9.94098e-05
0.000206293
7.83895e-05
0.000218154
4.65161e-05
0.000223986
0.000210436
3.39038e-06
0.000280602
1.45288e-05
0.000180718
2.58857e-05
0.000117739
3.43857e-05
7.29725e-05
3.99589e-05
3.81911e-05
4.26644e-05
9.92343e-06
4.29648e-05
-1.40055e-05
4.12359e-05
-3.55181e-05
3.76684e-05
-5.47414e-05
3.2351e-05
-7.23701e-05
2.5115e-05
-8.93111e-05
1.63958e-05
-0.000108115
5.27465e-06
-0.000133804
-0.000192424
3.62867e-05
0.000133219
6.32799e-05
1.03181e-05
7.97198e-05
-4.07996e-05
8.95785e-05
-6.87935e-05
9.54072e-05
-8.533e-05
9.90856e-05
-9.53803e-05
0.000101649
-0.000101082
0.000103665
-0.000103529
0.000105442
-0.000103482
0.000107136
-0.000101539
0.000108823
-9.82007e-05
0.000110513
-9.384e-05
0.000112194
-8.88574e-05
0.000113841
-8.35629e-05
0.000115414
-7.82245e-05
0.000116875
-7.30787e-05
0.000118185
-6.83191e-05
0.000119313
-6.4136e-05
0.00012026
-6.06727e-05
0.000121037
-5.81172e-05
-5.64435e-05
0.000146752
6.71332e-06
0.000146074
2.1254e-05
0.000145171
3.73203e-05
0.000144136
5.50931e-05
0.000142966
7.43584e-05
0.000141575
9.4773e-05
0.000139783
0.000115892
0.000137325
0.000137261
0.000133797
0.00015843
0.000128581
0.000179082
0.000120686
0.000199018
0.00010843
0.000218549
8.87313e-05
0.000237853
5.47372e-05
0.000257981
0.000265175
1.2743e-05
0.000267858
3.37413e-05
0.000159719
4.9406e-05
0.000102074
5.9592e-05
6.27865e-05
6.50357e-05
3.27473e-05
6.73582e-05
7.60076e-06
6.74764e-05
-1.41238e-05
6.57352e-05
-3.37768e-05
6.24152e-05
-5.14214e-05
5.75447e-05
-6.74996e-05
5.06129e-05
-8.23793e-05
4.03921e-05
-9.78941e-05
2.48907e-05
-0.000118302
-0.000167533
4.76695e-05
8.55515e-05
7.96443e-05
-2.16561e-05
9.61218e-05
-5.72769e-05
0.000104482
-7.71537e-05
0.000108845
-8.96925e-05
0.000111286
-9.78214e-05
0.000112794
-0.00010259
0.00011388
-0.000104615
0.000114817
-0.000104418
0.00011574
-0.000102463
0.000116707
-9.91669e-05
0.000117736
-9.48691e-05
0.000118811
-8.99325e-05
0.000119904
-8.46562e-05
0.00012098
-7.93002e-05
0.000122
-7.40988e-05
0.00012293
-6.92496e-05
0.000123742
-6.49474e-05
0.000124426
-6.13565e-05
0.000124998
-5.86892e-05
-5.69462e-05
0.000146826
6.93633e-06
0.000146327
2.17528e-05
0.000145676
3.79715e-05
0.000144972
5.5797e-05
0.000144223
7.51071e-05
0.000143364
9.56316e-05
0.000142256
0.000117001
0.00014068
0.000138837
0.000138307
0.000160803
0.000134634
0.000182755
0.000128857
0.000204796
0.000119493
0.000227913
0.000103774
0.000253573
7.188e-05
0.000289876
0.000337057
3.31685e-05
0.000234691
6.37624e-05
0.000129126
7.97274e-05
8.61095e-05
8.82432e-05
5.4271e-05
9.19969e-05
2.89937e-05
9.30721e-05
6.52562e-06
9.23707e-05
-1.34224e-05
9.02557e-05
-3.16618e-05
8.6988e-05
-4.81537e-05
8.25735e-05
-6.30851e-05
7.64559e-05
-7.62615e-05
6.68973e-05
-8.83353e-05
4.75284e-05
-9.89334e-05
-0.000120004
6.55531e-05
2.00004e-05
9.99262e-05
-5.60288e-05
0.000113318
-7.06683e-05
0.000119057
-8.28929e-05
0.000121682
-9.23171e-05
0.00012285
-9.89893e-05
0.000123342
-0.000103083
0.00012356
-0.000104834
0.000123723
-0.00010458
0.00012394
-0.00010268
0.00012425
-9.94767e-05
0.000124674
-9.52927e-05
0.000125194
-9.0453e-05
0.000125783
-8.52448e-05
0.000126405
-7.99224e-05
0.000127025
-7.47184e-05
0.000127609
-6.98345e-05
0.000128136
-6.54742e-05
0.000128584
-6.18038e-05
0.000128965
-5.90707e-05
-5.72865e-05
0.000146899
7.08562e-06
0.000146579
2.20727e-05
0.000146193
3.83574e-05
0.000145827
5.61634e-05
0.0001455
7.54344e-05
0.000145172
9.59591e-05
0.000144747
0.000117426
0.000144071
0.000139513
0.000142915
0.00016196
0.000140944
0.000184726
0.000137636
0.000208105
0.000131974
0.000233575
0.000121712
0.000263835
9.1365e-05
0.000320224
0.000428424
7.70432e-05
0.00015765
0.000104304
0.000101867
0.000115708
7.47066e-05
0.000119463
5.05164e-05
0.000120081
2.83759e-05
0.000118982
7.62428e-06
0.000116922
-1.13623e-05
0.000114138
-2.88769e-05
0.000110763
-4.47796e-05
0.000106711
-5.90331e-05
0.000101595
-7.11454e-05
9.35558e-05
-8.02958e-05
7.42923e-05
-7.96698e-05
-4.57119e-05
0.000101494
-8.14929e-05
0.000121793
-7.63274e-05
0.000129521
-7.83965e-05
0.000132561
-8.59326e-05
0.000133597
-9.33531e-05
0.000133642
-9.90334e-05
0.000133238
-0.000102679
0.000132692
-0.000104287
0.000132163
-0.000104052
0.00013174
-0.000102256
0.00013146
-9.91968e-05
0.000131335
-9.51679e-05
0.000131351
-9.04689e-05
0.00013148
-8.53742e-05
0.00013169
-8.01324e-05
0.000131947
-7.49747e-05
0.000132218
-7.01061e-05
0.000132481
-6.57366e-05
0.000132713
-6.20363e-05
0.000132919
-5.92768e-05
-5.74755e-05
0.000146972
7.1618e-06
0.000146834
2.22109e-05
0.000146716
3.84755e-05
0.000146689
5.61899e-05
0.000146782
7.53417e-05
0.00014698
9.57608e-05
0.000147232
0.000117174
0.000147454
0.000139291
0.000147537
0.000161877
0.000147368
0.000184895
0.00014687
0.000208603
0.000146279
0.000234167
0.000146617
0.000263498
0.000160778
0.000306064
0.000228759
0.000360445
0.000185622
0.000200788
0.000165631
0.000121859
0.000156974
8.33653e-05
0.000151833
5.56579e-05
0.000147782
3.24272e-05
0.000144019
1.13876e-05
0.000140384
-7.72767e-06
0.00013676
-2.52521e-05
0.000133116
-4.11363e-05
0.000129391
-5.5308e-05
0.000125539
-6.72931e-05
0.000121229
-7.59854e-05
0.000118896
-7.73368e-05
0.000135901
-6.27172e-05
0.000136376
-8.19671e-05
0.00014014
-8.00908e-05
0.000143282
-8.15384e-05
0.000144479
-8.71298e-05
0.000144396
-9.32701e-05
0.000143585
-9.82226e-05
0.000142468
-0.000101561
0.000141273
-0.000103093
0.000140145
-0.000102924
0.000139158
-0.00010127
0.00013835
-9.83888e-05
0.000137732
-9.45495e-05
0.000137291
-9.00281e-05
0.000137003
-8.50865e-05
0.000136838
-7.99676e-05
0.000136764
-7.49005e-05
0.00013675
-7.00924e-05
0.000136771
-6.57577e-05
0.000136805
-6.20703e-05
0.000136845
-5.93166e-05
-5.75215e-05
0.000147044
7.16571e-06
0.000147087
2.21679e-05
0.000147235
3.83273e-05
0.000147546
5.58791e-05
0.000148052
7.48356e-05
0.000148764
9.50493e-05
0.000149671
0.000116267
0.000150758
0.000138204
0.000152023
0.000160613
0.000153534
0.000183384
0.000155526
0.000206611
0.000158872
0.000230821
0.000165617
0.000256753
0.000186897
0.000284784
0.000238286
0.000309057
0.000227485
0.000211591
0.000205297
0.000144048
0.000190278
9.83858e-05
0.00018017
6.57661e-05
0.000172854
3.97441e-05
0.000167001
1.72404e-05
0.000162028
-2.75378e-06
0.000157597
-2.08212e-05
0.000153553
-3.7092e-05
0.000149795
-5.15499e-05
0.000146339
-6.38375e-05
0.000143266
-7.29122e-05
0.000142848
-7.69193e-05
0.000151339
-7.12081e-05
0.000151723
-8.23509e-05
0.000153118
-8.14859e-05
0.00015462
-8.304e-05
0.000154872
-8.73816e-05
0.000154114
-9.25125e-05
0.000152721
-9.68291e-05
0.000151055
-9.98951e-05
0.000149333
-0.000101371
0.000147693
-0.000101284
0.000146215
-9.97919e-05
0.000144939
-9.71125e-05
0.000143878
-9.34884e-05
0.000143025
-8.91746e-05
0.000142358
-8.44201e-05
0.000141852
-7.94614e-05
0.000141476
-7.45246e-05
0.000141201
-6.98173e-05
0.000141
-6.55569e-05
0.00014085
-6.19198e-05
0.000140734
-5.92004e-05
-5.74303e-05
0.000147114
7.09901e-06
0.000147335
2.19471e-05
0.000147744
3.79186e-05
0.000148384
5.52391e-05
0.000149291
7.39284e-05
0.000150495
9.3845e-05
0.000152024
0.000114738
0.00015392
0.000136309
0.000156263
0.00015827
0.000159249
0.000180398
0.000163294
0.000202566
0.000169461
0.000224655
0.000179814
0.000246399
0.000200693
0.000263907
0.000237083
0.000272668
0.000239235
0.000209439
0.000226566
0.000156719
0.000213459
0.000111494
0.000202675
7.65504e-05
0.000194145
4.82746e-05
0.000187206
2.41798e-05
0.000181388
3.06396e-06
0.000176354
-1.57874e-05
0.000171908
-3.26458e-05
0.000167921
-4.75627e-05
0.000164387
-6.03035e-05
0.000161458
-6.99831e-05
0.000160381
-7.58425e-05
0.000164003
-7.48301e-05
0.000163693
-8.20407e-05
0.00016414
-8.19327e-05
0.000164627
-8.35267e-05
0.000164215
-8.69697e-05
0.000162959
-9.12563e-05
0.000161161
-9.50315e-05
0.00015907
-9.7804e-05
0.000156919
-9.92195e-05
0.000154847
-9.92124e-05
0.000152943
-9.78875e-05
0.000151252
-9.54218e-05
0.000149794
-9.20306e-05
0.000148568
-8.79479e-05
0.000147557
-8.34092e-05
0.000146738
-7.8643e-05
0.000146085
-7.38716e-05
0.00014557
-6.93015e-05
0.000145163
-6.51507e-05
0.00014484
-6.15968e-05
0.000144577
-5.89366e-05
-5.72077e-05
0.000147182
6.96446e-06
0.000147574
2.15553e-05
0.000148233
3.72595e-05
0.000149189
5.42833e-05
0.000150479
7.26385e-05
0.000152149
9.21751e-05
0.000154256
0.00011263
0.000156886
0.000133679
0.000160179
0.000154977
0.000164396
0.00017618
0.000170019
0.000196944
0.000178034
0.00021664
0.000190092
0.000234342
0.00020873
0.00024527
0.000235138
0.00024626
0.000242427
0.000202151
0.000237574
0.000161573
0.000228675
0.000120394
0.000219563
8.56626e-05
0.000211431
5.64074e-05
0.000204384
3.12272e-05
0.000198287
9.16031e-06
0.000192945
-1.0445e-05
0.000188202
-2.79025e-05
0.000183937
-4.32975e-05
0.000180118
-5.64846e-05
0.000176875
-6.67401e-05
0.000174837
-7.38043e-05
0.000175568
-7.55613e-05
0.000174483
-8.09557e-05
0.000174097
-8.15473e-05
0.000173769
-8.31978e-05
0.000172824
-8.60246e-05
0.000171165
-8.95981e-05
0.000169023
-9.2889e-05
0.000166597
-9.53783e-05
0.000164091
-9.67133e-05
0.000161652
-9.67737e-05
0.000159376
-9.56112e-05
0.000157317
-9.3363e-05
0.000155503
-9.02158e-05
0.000153937
-8.63821e-05
0.00015261
-8.20828e-05
0.000151505
-7.75374e-05
0.000150596
-7.29625e-05
0.000149856
-6.8562e-05
0.000149258
-6.45526e-05
0.000148773
-6.11113e-05
0.000148369
-5.85325e-05
-5.68588e-05
0.000147246
6.76591e-06
0.0001478
2.10016e-05
0.000148695
3.63639e-05
0.000149949
5.30295e-05
0.000151598
7.09892e-05
0.000153701
9.00722e-05
0.000156338
0.000109994
0.000159621
0.000130395
0.000163725
0.000150874
0.000168929
0.000170976
0.000175695
0.000190179
0.000184798
0.000207537
0.000197225
0.000221916
0.00021379
0.000228705
0.000234309
0.000225742
0.000242947
0.000193514
0.000243301
0.000161219
0.000238532
0.000125164
0.000231928
9.22674e-05
0.000225116
6.32201e-05
0.000218678
3.76649e-05
0.000212795
1.50435e-05
0.00020745
-5.10004e-06
0.000202576
-2.3028e-05
0.000198095
-3.88163e-05
0.000193975
-5.23651e-05
0.00019033
-6.30956e-05
0.000187472
-7.09458e-05
0.000186399
-7.44888e-05
0.000184581
-7.9137e-05
0.000183421
-8.03875e-05
0.000182363
-8.21395e-05
0.00018091
-8.45722e-05
0.000178897
-8.75847e-05
0.000176446
-9.04383e-05
0.000173728
-9.26598e-05
0.000170917
-9.39024e-05
0.000168159
-9.40155e-05
0.000165554
-9.30061e-05
0.000163165
-9.09741e-05
0.000161026
-8.80773e-05
0.00015915
-8.45059e-05
0.000157533
-8.04655e-05
0.00015616
-7.61649e-05
0.000155012
-7.18141e-05
0.000154062
-6.76125e-05
0.000153283
-6.37732e-05
0.000152643
-6.04711e-05
0.000152105
-5.79943e-05
-5.63885e-05
0.000147305
6.50826e-06
0.000148008
2.0298e-05
0.000149123
3.52493e-05
0.000150653
5.14995e-05
0.000152635
6.90075e-05
0.000155135
8.75719e-05
0.000158249
0.000106881
0.000162106
0.000126538
0.000166889
0.000146092
0.000172864
0.000165001
0.000180416
0.000182626
0.000190061
0.000197892
0.000202416
0.000209562
0.000217421
0.000213699
0.000234142
0.000209022
0.000243185
0.000184471
0.000246581
0.000157824
0.000245054
0.000126691
0.000240987
9.63343e-05
0.000235867
6.83404e-05
0.00023046
4.30727e-05
0.000225145
2.03581e-05
0.000220062
-1.67988e-08
0.000215238
-1.82034e-05
0.000210658
-3.42363e-05
0.000206316
-4.80239e-05
0.000202326
-5.91053e-05
0.000198868
-6.74877e-05
0.000196609
-7.22299e-05
0.000194162
-7.66895e-05
0.000192306
-7.85321e-05
0.000190595
-8.04286e-05
0.000188648
-8.26252e-05
0.000186279
-8.52154e-05
0.000183536
-8.76955e-05
0.000180547
-8.96704e-05
0.000177462
-9.08172e-05
0.000174417
-9.09711e-05
0.000171516
-9.01048e-05
0.000168827
-8.82849e-05
0.000166391
-8.56413e-05
0.000164227
-8.23421e-05
0.000162338
-7.85764e-05
0.000160715
-7.45416e-05
0.00015934
-7.04393e-05
0.000158191
-6.64631e-05
0.000157238
-6.28207e-05
0.000156449
-5.96824e-05
0.000155782
-5.73265e-05
-5.58004e-05
0.000147358
6.19738e-06
0.000148197
1.94587e-05
0.00014951
3.39364e-05
0.000151291
4.97182e-05
0.000153576
6.67229e-05
0.000156437
8.47107e-05
0.000159978
0.000103339
0.000164336
0.000122181
0.000169686
0.000140741
0.000176263
0.000158425
0.000184365
0.000174525
0.000194291
0.000187965
0.000206381
0.000197472
0.000220099
0.000199982
0.00023443
0.000194692
0.000243547
0.000175354
0.000248694
0.000152678
0.00024962
0.000125765
0.000247792
9.81628e-05
0.000244386
7.17473e-05
0.000240186
4.7273e-05
0.000235655
2.48884e-05
0.000231032
4.60672e-06
0.000226421
-1.35925e-05
0.000221874
-2.96893e-05
0.000217426
-4.35755e-05
0.000213198
-5.48775e-05
0.000209326
-6.36158e-05
0.00020628
-6.91836e-05
0.000203306
-7.37155e-05
0.000200845
-7.60718e-05
0.000198553
-7.8136e-05
0.000196136
-8.0208e-05
0.00019341
-8.24898e-05
0.000190378
-8.46631e-05
0.000187127
-8.642e-05
0.000183785
-8.74751e-05
0.000180476
-8.76624e-05
0.000177302
-8.69303e-05
0.000174335
-8.53177e-05
0.000171622
-8.29282e-05
0.000169188
-7.99082e-05
0.000167042
-7.64302e-05
0.000165179
-7.2679e-05
0.000163587
-6.8847e-05
0.000162244
-6.51206e-05
0.000161124
-6.17e-05
0.00016019
-5.8749e-05
0.000159396
-5.65327e-05
-5.50979e-05
0.000147404
5.84014e-06
0.000148363
1.84999e-05
0.000149851
3.24482e-05
0.000151856
4.77127e-05
0.000154414
6.41655e-05
0.000157601
8.15238e-05
0.000161525
9.94157e-05
0.00016632
0.000117385
0.000172149
0.000134913
0.000179189
0.000151385
0.000187642
0.000166072
0.000197701
0.000177907
0.000209457
0.000185715
0.00022222
0.000187218
0.000235022
0.00018189
0.000244219
0.000166158
0.000250325
0.000146572
0.000253112
0.000122978
0.000253106
9.81693e-05
0.000251271
7.35821e-05
0.000248302
5.02419e-05
0.00024466
2.85308e-05
0.000240627
8.64017e-06
0.000236359
-9.32532e-06
0.000231967
-2.52965e-05
0.000227526
-3.91352e-05
0.000223175
-5.05267e-05
0.00021904
-5.948e-05
0.000215468
-6.5612e-05
0.000212066
-7.03136e-05
0.000209093
-7.30985e-05
0.00020629
-7.53335e-05
0.000203434
-7.73521e-05
0.000200358
-7.94135e-05
0.000197037
-8.13417e-05
0.000193529
-8.29124e-05
0.00018994
-8.38855e-05
0.00018638
-8.4103e-05
0.000182948
-8.34985e-05
0.000179719
-8.20883e-05
0.000176743
-7.99524e-05
0.000174052
-7.72166e-05
0.000171658
-7.40367e-05
0.000169564
-7.05845e-05
0.000167759
-6.70424e-05
0.000166227
-6.35883e-05
0.00016494
-6.04133e-05
0.000163864
-5.76726e-05
0.000162946
-5.56146e-05
-5.42832e-05
0.000147442
5.44434e-06
0.000148502
1.74397e-05
0.000150141
3.08099e-05
0.000152342
4.55112e-05
0.000155143
6.13651e-05
0.000158624
7.80428e-05
0.000162893
9.51467e-05
0.00016807
0.000112208
0.000174288
0.000128694
0.000181694
0.00014398
0.00019043
0.000157336
0.000200567
0.00016777
0.000211994
0.000174288
0.000224053
0.000175159
0.000235895
0.000170048
0.000245155
0.000156899
0.000251894
0.000139833
0.000255908
0.000118965
0.000257445
9.66323e-05
0.000256999
7.40281e-05
0.000255203
5.20381e-05
0.000252475
3.12591e-05
0.000249104
1.20108e-05
0.000245273
-5.49391e-06
0.000241132
-2.11559e-05
0.0002368
-3.48024e-05
0.000232427
-4.61542e-05
0.000228145
-5.51981e-05
0.000224228
-6.16948e-05
0.000220488
-6.65734e-05
0.000217087
-6.96982e-05
0.000213843
-7.20895e-05
0.000210586
-7.40946e-05
0.000207172
-7.59992e-05
0.000203564
-7.77343e-05
0.000199802
-7.91501e-05
0.00019597
-8.00536e-05
0.000192168
-8.03013e-05
0.00018849
-7.98196e-05
0.000185008
-7.86071e-05
0.00018178
-7.67236e-05
0.000178838
-7.42752e-05
0.000176203
-7.14016e-05
0.00017388
-6.82615e-05
0.000171864
-6.50267e-05
0.000170142
-6.18659e-05
0.000168688
-5.89597e-05
0.000167468
-5.64526e-05
0.000166426
-5.45727e-05
-5.33578e-05
0.000147472
5.01884e-06
0.000148614
1.62977e-05
0.000150375
2.90482e-05
0.000152745
4.3142e-05
0.00015576
5.83497e-05
0.000159506
7.4297e-05
0.000164083
9.057e-05
0.000169603
0.000106688
0.000176179
0.000122118
0.000183917
0.000136242
0.000192879
0.000148374
0.000203032
0.000157618
0.000214197
0.000163123
0.000225763
0.000163593
0.000237004
0.000158808
0.000246317
0.000147587
0.000253566
0.000132584
0.000258406
0.000114125
0.00026111
9.39279e-05
0.000261941
7.31976e-05
0.000261217
5.27622e-05
0.000259378
3.30978e-05
0.000256699
1.46901e-05
0.00025336
-2.15463e-06
0.000249543
-1.73392e-05
0.000245396
-3.06556e-05
0.000241084
-4.18422e-05
0.000236746
-5.08603e-05
0.000232611
-5.75594e-05
0.000228611
-6.25739e-05
0.000224862
-6.59488e-05
0.00022124
-6.84671e-05
0.00021762
-7.04748e-05
0.000213886
-7.22652e-05
0.00021
-7.38479e-05
0.000205986
-7.51362e-05
0.000201915
-7.59827e-05
0.000197876
-7.62624e-05
0.000193956
-7.59e-05
0.00019023
-7.48808e-05
0.000186754
-7.32472e-05
0.000183566
-7.10878e-05
0.000180691
-6.85265e-05
0.000178139
-6.57092e-05
0.00017591
-6.27973e-05
0.000173993
-5.99494e-05
0.000172368
-5.73349e-05
0.000171001
-5.50856e-05
0.000169834
-5.34054e-05
-5.23221e-05
0.000147491
4.5741e-06
0.000148693
1.50955e-05
0.000150549
2.71918e-05
0.000153058
4.06331e-05
0.000156264
5.51439e-05
0.000160254
7.03072e-05
0.000165124
8.57e-05
0.000170973
0.000100839
0.000177881
0.00011521
0.000185903
0.00012822
0.000195051
0.000139226
0.00020523
0.000147439
0.000216214
0.000152139
0.000227454
0.000152354
0.00023833
0.000147932
0.000247708
0.000138208
0.000255332
0.00012496
0.000260894
0.000108563
0.000264439
9.03828e-05
0.000266279
7.13576e-05
0.000266604
5.24378e-05
0.000265604
3.40974e-05
0.000263614
1.66802e-05
0.000260794
6.65569e-07
0.000257347
-1.38923e-05
0.000253443
-2.67516e-05
0.000249255
-3.76537e-05
0.000244929
-4.65348e-05
0.000240667
-5.32973e-05
0.000236475
-5.8382e-05
0.000232445
-6.19188e-05
0.000228502
-6.45239e-05
0.00022456
-6.65323e-05
0.000220528
-6.82335e-05
0.000216373
-6.96927e-05
0.000212112
-7.08755e-05
0.000207805
-7.16762e-05
0.000203533
-7.19898e-05
0.000199376
-7.17433e-05
0.000195408
-7.09128e-05
0.000191687
-6.95258e-05
0.000188254
-6.76547e-05
0.000185137
-6.54095e-05
0.000182351
-6.29233e-05
0.000179901
-6.03477e-05
0.000177783
-5.78309e-05
0.000175979
-5.55313e-05
0.000174459
-5.35653e-05
0.000173163
-5.21091e-05
-5.11755e-05
0.000147497
4.12242e-06
0.000148737
1.38558e-05
0.00015066
2.52694e-05
0.000153284
3.8009e-05
0.000156662
5.17652e-05
0.000160886
6.60833e-05
0.000166041
8.05452e-05
0.000172201
9.46788e-05
0.000179419
0.000107992
0.00018771
0.000119929
0.000197038
0.000129897
0.000207268
0.000137209
0.000218148
0.000141258
0.000229189
0.000141313
0.000239856
0.000137265
0.000249304
0.00012876
0.000257245
0.00011702
0.000263397
0.000102411
0.000267715
8.60645e-05
0.000270306
6.87669e-05
0.000271475
5.12691e-05
0.000271342
3.42301e-05
0.000270022
1.8e-05
0.000267727
2.96144e-06
0.000264673
-1.08392e-05
0.000261049
-2.31274e-05
0.000257029
-3.36336e-05
0.000252766
-4.22719e-05
0.000248444
-4.8975e-05
0.000244115
-5.40527e-05
0.000239862
-5.76666e-05
0.00023565
-6.03114e-05
0.000231423
-6.23054e-05
0.000227117
-6.39278e-05
0.000222706
-6.52818e-05
0.000218206
-6.63748e-05
0.000213668
-6.71381e-05
0.000209165
-6.74866e-05
0.000204773
-6.73522e-05
0.000200565
-6.67046e-05
0.000196599
-6.55591e-05
0.000192918
-6.39739e-05
0.000189554
-6.20457e-05
0.000186527
-5.98959e-05
0.000183846
-5.76673e-05
0.000181514
-5.54984e-05
0.000179519
-5.35366e-05
0.000177835
-5.18816e-05
0.000176404
-5.06779e-05
-4.99163e-05
0.000147489
3.67882e-06
0.000148742
1.26031e-05
0.000150701
2.33103e-05
0.000153419
3.52906e-05
0.00015696
4.82248e-05
0.000161414
6.16296e-05
0.00016685
7.51088e-05
0.000173319
8.82094e-05
0.000180842
0.00010047
0.000189398
0.000111373
0.000198915
0.000120381
0.000209227
0.000126897
0.000220073
0.000130412
0.000231018
0.000130368
0.000241594
0.000126689
0.000251128
0.000119226
0.000259364
0.000108785
0.000266
9.57742e-05
0.000270959
8.11061e-05
0.000274276
6.54497e-05
0.000276078
4.94671e-05
0.000276648
3.366e-05
0.000276063
1.85853e-05
0.000274283
4.74117e-06
0.000271632
-8.18758e-06
0.000268306
-1.98017e-05
0.000264484
-2.98117e-05
0.000260319
-3.81071e-05
0.000255985
-4.46409e-05
0.000251563
-4.96305e-05
0.000247137
-5.32408e-05
0.0002427
-5.58745e-05
0.000238225
-5.78299e-05
0.00023367
-5.93728e-05
0.000229019
-6.06306e-05
0.000224287
-6.16432e-05
0.000219523
-6.23737e-05
0.000214792
-6.27561e-05
0.000210168
-6.27286e-05
0.00020572
-6.22566e-05
0.000201507
-6.13456e-05
0.000197574
-6.00408e-05
0.000193956
-5.84274e-05
0.000190676
-5.6616e-05
0.00018775
-5.47419e-05
0.000185187
-5.29351e-05
0.000182984
-5.1334e-05
0.000181123
-5.00201e-05
0.000179547
-4.91026e-05
-4.85411e-05
0.000147462
3.26225e-06
0.0001487
1.1365e-05
0.000150667
2.13433e-05
0.000153465
3.24926e-05
0.000157165
4.45245e-05
0.000161855
5.69401e-05
0.00016758
6.93835e-05
0.000174364
8.14262e-05
0.000182194
9.26394e-05
0.00019102
0.000102547
0.000200738
0.000110663
0.000211167
0.000116469
0.000222042
0.000119537
0.000232972
0.000119438
0.000243513
0.000116149
0.000253175
0.000109564
0.000261685
0.000100275
0.000268747
8.87129e-05
0.000274253
7.55996e-05
0.000278194
6.15089e-05
0.000280642
4.70196e-05
0.000281729
3.25725e-05
0.00028176
1.85548e-05
0.000280563
5.93764e-06
0.000278318
-5.94194e-06
0.000275292
-1.67761e-05
0.000271684
-2.62041e-05
0.000267641
-3.40641e-05
0.00026333
-4.03291e-05
0.000258849
-4.51499e-05
0.000254289
-4.86812e-05
0.000249667
-5.12517e-05
0.000244975
-5.31387e-05
0.000240195
-5.45928e-05
0.000235321
-5.57558e-05
0.000230369
-5.66915e-05
0.000225385
-5.739e-05
0.000220432
-5.78027e-05
0.000215578
-5.78748e-05
0.000210891
-5.75691e-05
0.000206428
-5.68828e-05
0.000202237
-5.58498e-05
0.000198355
-5.45451e-05
0.000194808
-5.30695e-05
0.00019162
-5.15535e-05
0.000188804
-5.01192e-05
0.00018637
-4.89006e-05
0.00018431
-4.79601e-05
0.000182577
-4.73695e-05
-4.70448e-05
0.000147409
2.898e-06
0.000148602
1.01726e-05
0.000150549
1.93959e-05
0.000153422
2.96196e-05
0.000157293
4.06538e-05
0.000162235
5.19983e-05
0.000168264
6.33547e-05
0.00017537
7.43196e-05
0.000183514
8.44956e-05
0.000192618
9.34434e-05
0.000202554
0.000100726
0.000213132
0.000105891
0.000224088
0.000108582
0.000235038
0.000108488
0.000245635
0.000105551
0.000255475
9.97242e-05
0.000264239
9.15102e-05
0.000271675
8.12766e-05
0.000277659
6.96159e-05
0.000282144
5.70235e-05
0.000285163
4.40006e-05
0.000286798
3.09375e-05
0.000287205
1.81486e-05
0.000286639
6.50324e-06
0.000284796
-4.09852e-06
0.000282068
-1.40481e-05
0.000278682
-2.28186e-05
0.000274775
-3.01575e-05
0.00027051
-3.60632e-05
0.000265997
-4.06377e-05
0.000261335
-4.40189e-05
0.000256559
-4.64755e-05
0.000251682
-4.82613e-05
0.0002467
-4.96116e-05
0.00024162
-5.0675e-05
0.00023646
-5.15323e-05
0.000231266
-5.21958e-05
0.000226096
-5.26324e-05
0.000221016
-5.27944e-05
0.000216089
-5.26429e-05
0.000211375
-5.21684e-05
0.00020692
-5.13947e-05
0.000202763
-5.0388e-05
0.000198933
-4.92402e-05
0.00019546
-4.808e-05
0.000192364
-4.70237e-05
0.000189671
-4.62069e-05
0.000187384
-4.56733e-05
0.000185474
-4.54593e-05
-4.54194e-05
0.000147319
2.62394e-06
0.000148432
9.05999e-06
0.000150336
1.74914e-05
0.000153295
2.6661e-05
0.000157362
3.65866e-05
0.000162583
4.6777e-05
0.000168934
5.70035e-05
0.000176374
6.68797e-05
0.000184838
7.60325e-05
0.000194227
8.40537e-05
0.000204403
9.05507e-05
0.000215146
9.51475e-05
0.000226202
9.7526e-05
0.000237255
9.74349e-05
0.000247991
9.48149e-05
0.000258006
8.97096e-05
0.000267023
8.24932e-05
0.000274805
7.3495e-05
0.000281214
6.32067e-05
0.000286181
5.20564e-05
0.000289707
4.04744e-05
0.000291829
2.88161e-05
0.000292633
1.73446e-05
0.000292523
6.61276e-06
0.00029112
-2.69568e-06
0.000288686
-1.16139e-05
0.00028552
-1.96521e-05
0.000281755
-2.63931e-05
0.00027755
-3.18574e-05
0.000273025
-3.61129e-05
0.000268284
-3.92783e-05
0.000263381
-4.15728e-05
0.000258344
-4.32241e-05
0.000253184
-4.44518e-05
0.000247916
-4.54066e-05
0.000242564
-4.618e-05
0.00023717
-4.68022e-05
0.000231791
-4.72535e-05
0.00022649
-4.74928e-05
0.000221327
-4.74802e-05
0.00021636
-4.7201e-05
0.000211634
-4.66694e-05
0.000207191
-4.59448e-05
0.000203061
-4.51102e-05
0.000199278
-4.42964e-05
0.000195869
-4.36154e-05
0.000192877
-4.32146e-05
0.000190324
-4.31206e-05
0.000188209
-4.33437e-05
-4.36527e-05
0.000147166
2.50224e-06
0.000148163
8.06327e-06
0.000150011
1.56432e-05
0.00015309
2.35826e-05
0.0001574
3.22765e-05
0.000162936
4.12404e-05
0.000169629
5.03113e-05
0.000177408
5.91004e-05
0.000186193
6.72476e-05
0.000195862
7.43849e-05
0.000206264
8.01488e-05
0.0002172
8.42111e-05
0.000228429
8.62972e-05
0.000239658
8.62064e-05
0.000250547
8.3925e-05
0.000260762
7.94952e-05
0.000270036
7.32187e-05
0.000278145
6.53867e-05
0.000284941
5.64106e-05
0.000290339
4.66584e-05
0.000294314
3.64989e-05
0.000296882
2.62479e-05
0.00029811
1.61173e-05
0.00029827
6.45236e-06
0.000297327
-1.75212e-06
0.00029518
-9.46774e-06
0.000292224
-1.66961e-05
0.000288602
-2.2771e-05
0.000284464
-2.77187e-05
0.000279939
-3.15878e-05
0.000275138
-3.44773e-05
0.00027013
-3.65655e-05
0.000264957
-3.80504e-05
0.00025964
-3.91355e-05
0.000254204
-3.99701e-05
0.000248675
-4.06512e-05
0.000243096
-4.1223e-05
0.000237519
-4.16769e-05
0.000232004
-4.1978e-05
0.00022661
-4.20856e-05
0.00022139
-4.19811e-05
0.00021639
-4.16693e-05
0.00021165
-4.12047e-05
0.0002072
-4.06608e-05
0.000203079
-4.01749e-05
0.000199318
-3.98549e-05
0.000195979
-3.98751e-05
0.000193106
-4.02482e-05
0.000190743
-4.09807e-05
-4.17252e-05
0.000146906
2.64064e-06
0.000147747
7.22251e-06
0.000149549
1.38406e-05
0.000152822
2.03104e-05
0.000157445
2.76528e-05
0.000163337
3.53493e-05
0.000170381
4.32668e-05
0.000178486
5.09954e-05
0.000187567
5.81667e-05
0.000197511
6.44408e-05
0.00020817
6.94897e-05
0.000219351
7.30302e-05
0.000230794
7.48545e-05
0.000242206
7.47941e-05
0.000253288
7.28429e-05
0.000263728
6.90551e-05
0.00027327
6.36771e-05
0.000281694
5.69623e-05
0.00028885
4.92553e-05
0.000294639
4.08694e-05
0.000299019
3.21189e-05
0.000301995
2.32721e-05
0.000303593
1.45195e-05
0.000303975
6.0695e-06
0.000303437
-1.21356e-06
0.000301573
-7.60401e-06
0.000298812
-1.39351e-05
0.000295325
-1.92836e-05
0.000291253
-2.36471e-05
0.000286734
-2.70688e-05
0.000281885
-2.96284e-05
0.00027679
-3.14703e-05
0.0002715
-3.27608e-05
0.000266049
-3.36844e-05
0.000260465
-3.43859e-05
0.000254779
-3.49649e-05
0.000249031
-3.54754e-05
0.000243272
-3.59176e-05
0.000237556
-3.62618e-05
0.000231937
-3.64671e-05
0.000226468
-3.65122e-05
0.000221191
-3.63925e-05
0.000216146
-3.61591e-05
0.000211359
-3.58742e-05
0.000206871
-3.56864e-05
0.000202713
-3.56969e-05
0.000198965
-3.61276e-05
0.000195698
-3.69807e-05
0.000193024
-3.83067e-05
-3.96046e-05
0.000146441
3.24384e-06
0.000147087
6.57698e-06
0.000148906
1.20211e-05
0.000152517
1.67e-05
0.000157552
2.26177e-05
0.000163826
2.90749e-05
0.000171202
3.58909e-05
0.000179605
4.25926e-05
0.00018897
4.88012e-05
0.000199198
5.42128e-05
0.000210128
5.85603e-05
0.000221553
6.16055e-05
0.000233227
6.31796e-05
0.000244869
6.31528e-05
0.000256185
6.15271e-05
0.00026688
5.83598e-05
0.000276703
5.38537e-05
0.00028544
4.82251e-05
0.000292935
4.17607e-05
0.000299082
3.47222e-05
0.000303826
2.73752e-05
0.000307161
1.99365e-05
0.000309089
1.25918e-05
0.000309711
5.44811e-06
0.000309434
-9.36525e-07
0.000307849
-6.01953e-06
0.000305273
-1.13593e-05
0.000301908
-1.5918e-05
0.000297898
-1.96373e-05
0.000293386
-2.25574e-05
0.000288497
-2.47394e-05
0.000283327
-2.63e-05
0.00027794
-2.73739e-05
0.000272376
-2.81203e-05
0.000266667
-2.86767e-05
0.000260846
-2.91438e-05
0.000254952
-2.95815e-05
0.00024903
-2.99953e-05
0.000243129
-3.03613e-05
0.0002373
-3.06376e-05
0.00023159
-3.08025e-05
0.000226038
-3.0841e-05
0.000220682
-3.08032e-05
0.000215543
-3.07352e-05
0.000210659
-3.08023e-05
0.000206053
-3.1091e-05
0.000201823
-3.18971e-05
0.000198055
-3.32124e-05
0.000194968
-3.52196e-05
-3.72367e-05
0.000145544
4.74356e-06
0.000145952
6.16972e-06
0.000148019
9.95368e-06
0.000152238
1.24807e-05
0.000157796
1.70603e-05
0.000164441
2.24298e-05
0.000172102
2.823e-05
0.000180756
3.39383e-05
0.000190373
3.91846e-05
0.000200853
4.37326e-05
0.000212044
4.73688e-05
0.000223738
4.99124e-05
0.000235681
5.12358e-05
0.000247594
5.12399e-05
0.000259186
4.99351e-05
0.00027017
4.73764e-05
0.000280294
4.37296e-05
0.000289346
3.91728e-05
0.000297166
3.39411e-05
0.000303643
2.82453e-05
0.000308711
2.23066e-05
0.000312358
1.629e-05
0.000314575
1.03749e-05
0.000315454
4.56875e-06
0.000315311
-7.93482e-07
0.00031396
-4.66856e-06
0.000311558
-8.95696e-06
0.000308299
-1.26591e-05
0.000304342
-1.56805e-05
0.000299836
-1.80511e-05
0.000294911
-1.98149e-05
0.000289676
-2.1065e-05
0.00028421
-2.19076e-05
0.000278557
-2.24671e-05
0.000272749
-2.28693e-05
0.000266822
-2.32164e-05
0.00026081
-2.357e-05
0.000254753
-2.39376e-05
0.000248692
-2.43007e-05
0.000242672
-2.4617e-05
0.000236736
-2.48668e-05
0.000230918
-2.5023e-05
0.000225252
-2.51379e-05
0.00021975
-2.52331e-05
0.000214446
-2.54977e-05
0.000209339
-2.59839e-05
0.000204535
-2.70938e-05
0.000200117
-2.87945e-05
0.000196443
-3.15452e-05
-3.4506e-05
0.000143602
8.18547e-06
0.000143724
6.04737e-06
0.00014683
6.84802e-06
0.000152155
7.15616e-06
0.000158292
1.09229e-05
0.000165207
1.55144e-05
0.000173037
2.04007e-05
0.000181837
2.51379e-05
0.000191638
2.93837e-05
0.000202349
3.30221e-05
0.000213808
3.591e-05
0.000225795
3.79251e-05
0.000238048
3.89826e-05
0.000250281
3.90068e-05
0.000262197
3.80194e-05
0.000273506
3.60669e-05
0.000283955
3.32807e-05
0.000293329
2.9799e-05
0.000301463
2.58075e-05
0.000308243
2.14651e-05
0.000313598
1.69514e-05
0.000317511
1.23775e-05
0.000319971
7.91446e-06
0.000321048
3.49162e-06
0.000321
-7.4512e-07
0.000319814
-3.48271e-06
0.000317549
-6.69214e-06
0.000314375
-9.48444e-06
0.000310457
-1.17628e-05
0.000305951
-1.35448e-05
0.000300994
-1.48582e-05
0.000295705
-1.57757e-05
0.000290177
-1.63799e-05
0.000284463
-1.67532e-05
0.000278593
-1.69992e-05
0.000272598
-1.72219e-05
0.00026651
-1.74817e-05
0.000260356
-1.77839e-05
0.000254172
-1.81166e-05
0.000247991
-1.84363e-05
0.000241854
-1.87299e-05
0.000235787
-1.89555e-05
0.000229822
-1.91728e-05
0.000223954
-1.93657e-05
0.000218212
-1.97553e-05
0.000212552
-2.03239e-05
0.000207073
-2.16145e-05
0.000201798
-2.35194e-05
0.000197248
-2.69952e-05
-3.11607e-05
0.00013788
1.73493e-05
0.000137899
6.0279e-06
0.000145536
-7.88163e-07
0.000152677
1.46147e-08
0.000159195
4.40551e-06
0.000166061
8.64796e-06
0.00017381
1.26516e-05
0.000182603
1.63455e-05
0.00019251
1.94761e-05
0.000203425
2.21074e-05
0.000215158
2.41772e-05
0.000227463
2.56198e-05
0.000240082
2.63635e-05
0.000252696
2.6393e-05
0.000264992
2.57238e-05
0.000276671
2.43874e-05
0.000287472
2.24803e-05
0.000297174
2.00968e-05
0.000305608
1.73737e-05
0.000312659
1.44136e-05
0.000318255
1.13559e-05
0.000322377
8.25504e-06
0.000325022
5.26995e-06
0.000326233
2.28023e-06
0.000326206
-7.17875e-07
0.000325122
-2.39821e-06
0.000322942
-4.51282e-06
0.000319818
-6.35979e-06
0.000315919
-7.86395e-06
0.000311405
-9.03087e-06
0.000306422
-9.87517e-06
0.000301094
-1.04484e-05
0.000295531
-1.08163e-05
0.000289796
-1.10183e-05
0.000283917
-1.11199e-05
0.000277916
-1.12219e-05
0.000271816
-1.13818e-05
0.000265631
-1.15985e-05
0.000259383
-1.18688e-05
0.000253095
-1.21477e-05
0.0002468
-1.24354e-05
0.000240516
-1.26711e-05
0.000234274
-1.29313e-05
0.000228051
-1.31423e-05
0.000221866
-1.35702e-05
0.000215611
-1.40689e-05
0.000209347
-1.5351e-05
0.000202938
-1.71108e-05
0.000196928
-2.09845e-05
-2.65774e-05
0.000114092
5.03001e-05
0.000128745
-8.62454e-06
0.000145104
-1.71473e-05
0.000154344
-9.22552e-06
0.000160353
-1.60307e-06
0.000166462
2.53928e-06
0.00017371
5.40342e-06
0.000182284
7.77167e-06
0.0001922
9.56014e-06
0.000203291
1.10164e-05
0.000215315
1.21536e-05
0.000227988
1.29466e-05
0.000241019
1.33329e-05
0.000254069
1.33432e-05
0.000266795
1.29973e-05
0.000278881
1.2302e-05
0.000290047
1.13137e-05
0.000300066
1.0078e-05
0.000308762
8.67743e-06
0.000316023
7.1533e-06
0.000321778
5.60079e-06
0.000326014
4.01856e-06
0.000328735
2.54918e-06
0.000330033
9.8297e-07
0.000329852
-5.36953e-07
0.000328779
-1.32507e-06
0.000326599
-2.33362e-06
0.000323466
-3.22696e-06
0.000319551
-3.94862e-06
0.000315019
-4.49868e-06
0.000310025
-4.8811e-06
0.000304698
-5.12195e-06
0.000299154
-5.27195e-06
0.000293475
-5.33946e-06
0.00028769
-5.33555e-06
0.000281808
-5.33998e-06
0.00027583
-5.40325e-06
0.000269747
-5.51534e-06
0.000263561
-5.68297e-06
0.000257276
-5.86344e-06
0.000250918
-6.07655e-06
0.000244492
-6.24547e-06
0.000238029
-6.46845e-06
0.000231491
-6.60445e-06
0.00022488
-6.95914e-06
0.000218027
-7.21591e-06
0.000210871
-8.19513e-06
0.000203044
-9.28363e-06
0.000194423
-1.23634e-05
-1.86937e-05
0.000197344
0.000188719
0.000171572
0.000162346
0.000160743
0.000163283
0.000168686
0.000176458
0.000186018
0.000197034
0.000209188
0.000222135
0.000235468
0.000248811
0.000261808
0.00027411
0.000285424
0.000295502
0.000304179
0.000311333
0.000316933
0.000320952
0.000323501
0.000324484
0.000323947
0.000322622
0.000320288
0.000317061
0.000313113
0.000308614
0.000303733
0.000298611
0.000293339
0.000288
0.000282664
0.000277324
0.000271921
0.000266405
0.000260722
0.000254859
0.000248782
0.000242537
0.000236068
0.000229464
0.000222505
0.000215289
0.000207094
0.00019781
0.000185447
)
;

boundaryField
{
    floor
    {
        type            calculated;
        value           uniform 0;
    }
    ceiling
    {
        type            calculated;
        value           nonuniform List<scalar> 
50
(
0
0
0
0
0
0
0
0
0
0
0
-3.30872e-24
0
0
0
0
0
0
3.30872e-24
-3.30872e-24
-3.30872e-24
0
0
0
0
3.30872e-24
0
0
0
0
0
0
-3.30872e-24
0
-3.30872e-24
0
0
0
0
0
3.30872e-24
3.30872e-24
-3.30872e-24
0
0
0
0
0
0
0
)
;
    }
    inlet
    {
        type            calculated;
        value           nonuniform List<scalar> 
40
(
-0.000147052
-0.000147051
-0.000147051
-0.000147051
-0.000147051
-0.00014705
-0.00014705
-0.00014705
-0.00014705
-0.00014705
-0.000147049
-0.000147049
-0.000147049
-0.000147049
-0.000147049
-0.000147048
-0.000147048
-0.000147048
-0.000147048
-0.000147047
-0.000147047
-0.000147047
-0.000147047
-0.000147047
-0.000147046
-0.000147046
-0.000147046
-0.000147046
-0.000147046
-0.000147045
-0.000147045
-0.000147045
-0.000147045
-0.000147045
-0.000147044
-0.000147044
-0.000147044
-0.000147044
-0.000147043
-0.000147043
)
;
    }
    outlet
    {
        type            calculated;
        value           nonuniform List<scalar> 
40
(
0.000116146
0.000100608
9.60632e-05
9.54307e-05
9.64648e-05
9.84302e-05
0.000100989
0.000103951
0.0001072
0.000110653
0.000114251
0.000117947
0.000121707
0.000125501
0.000129305
0.000133108
0.000136891
0.000140642
0.000144354
0.00014802
0.000151634
0.000155194
0.000158694
0.000162131
0.000165501
0.000168798
0.000172016
0.000175145
0.000178172
0.000181081
0.000183848
0.000186442
0.000188816
0.000190903
0.0001926
0.000193712
0.000193902
0.000192344
0.000186539
0.000166753
)
;
    }
    fixedWalls
    {
        type            empty;
        value           nonuniform 0();
    }
    baffleFacesThermoBaffle1D_master
    {
        type            calculated;
        value           nonuniform List<scalar> 
16
(
0
0
1.35525e-20
0
0
0
0
0
0
0
0
0
0
0
0
0
)
;
    }
    baffleFacesThermoBaffle1D_slave
    {
        type            calculated;
        value           nonuniform List<scalar> 
16
(
0
0
0
0
1.35525e-20
1.35525e-20
0
0
0
0
0
0
0
0
0
1.35525e-20
)
;
    }
    baffleFacesThermoBaffle3D_master
    {
        type            calculated;
        value           nonuniform List<scalar> 
16
(
0
0
0
0
0
0
0
0
0
-5.42101e-20
0
0
0
-1.0842e-19
0
0
)
;
    }
    baffleFacesThermoBaffle3D_slave
    {
        type            calculated;
        value           nonuniform List<scalar> 
16
(
0
0
0
0
5.42101e-20
1.0842e-19
0
0
0
0
0
0
0
0
0
0
)
;
    }
}


// ************************************************************************* //
