/*--------------------------------*- C++ -*----------------------------------*\
| =========                 |                                                 |
| \\      /  F ield         | OpenFOAM: The Open Source CFD Toolbox           |
|  \\    /   O peration     | Version:  v1906                                 |
|   \\  /    A nd           | Web:      www.OpenFOAM.com                      |
|    \\/     M anipulation  |                                                 |
\*---------------------------------------------------------------------------*/
FoamFile
{
    version     2.0;
    format      ascii;
    class       volVectorField;
    location    "1000";
    object      U;
}
// * * * * * * * * * * * * * * * * * * * * * * * * * * * * * * * * * * * * * //

dimensions      [0 1 -1 0 0 0 0];


internalField   nonuniform List<vector> 
2000
(
(0.0918143 -0.0537089 0)
(0.152797 0.00316485 0)
(0.118951 0.00941742 0)
(0.0976208 0.00833983 0)
(0.0873836 0.00661136 0)
(0.0738317 0.00630434 0)
(0.0604493 0.00682566 0)
(0.0453549 0.00758964 0)
(0.0289627 0.00825477 0)
(0.0116601 0.00838441 0)
(-0.00512858 0.00750428 0)
(-0.0193468 0.00489022 0)
(-0.0264663 0.000581521 0)
(-0.02355 -0.00633873 0)
(-0.0084647 -0.00653786 0)
(-0.00557533 0.00552078 0)
(-0.0248959 0.00865922 0)
(-0.0495774 0.00910582 0)
(-0.0675609 0.00597878 0)
(-0.0785773 0.00194602 0)
(-0.0807623 -0.000367653 0)
(-0.0775501 -0.00490725 0)
(-0.063654 -0.00834522 0)
(-0.0429938 -0.0114824 0)
(-0.0185989 -0.0154515 0)
(0.0161395 -0.0153627 0)
(0.0395234 -0.0133047 0)
(0.0585701 0.000533931 0)
(0.0524071 0.0147084 0)
(-0.0270099 0.0137514 0)
(-0.052765 0.0107834 0)
(-0.071299 0.00574205 0)
(-0.0789088 0.00108424 0)
(-0.0793724 -0.00146779 0)
(-0.0732435 -0.0037331 0)
(-0.0646379 -0.00463718 0)
(-0.0542022 -0.00514497 0)
(-0.0432424 -0.00532483 0)
(-0.0322697 -0.00532965 0)
(-0.0215438 -0.0051734 0)
(-0.0114322 -0.00472002 0)
(-0.00247964 -0.00436304 0)
(0.00632745 -0.00414023 0)
(0.0144571 -0.00389614 0)
(0.0220139 -0.0037102 0)
(0.0297298 -0.00364141 0)
(0.0365325 -0.00379726 0)
(0.0465314 -0.00435235 0)
(0.0525448 -0.0058304 0)
(0.0755129 -0.00928013 0)
(0.101149 -0.000125139 0)
(0.0661347 0.00212493 0)
(0.0911604 0.00949226 0)
(0.090873 0.0101567 0)
(0.0873755 0.0105809 0)
(0.0789454 0.0117176 0)
(0.0687761 0.0131352 0)
(0.0566596 0.0145806 0)
(0.0431712 0.0156851 0)
(0.0287594 0.0159287 0)
(0.0143171 0.0145843 0)
(0.000918609 0.0108085 0)
(-0.00918693 0.00373158 0)
(-0.0150157 -0.00667639 0)
(-0.0122623 -0.0153385 0)
(-0.00925475 0.0143405 0)
(-0.0295282 0.0209293 0)
(-0.0496663 0.0198507 0)
(-0.0638974 0.0132907 0)
(-0.0728778 0.00594285 0)
(-0.0753078 6.82988e-05 0)
(-0.0732759 -0.00773416 0)
(-0.0648528 -0.0148835 0)
(-0.0512508 -0.0207211 0)
(-0.0327621 -0.0266375 0)
(-0.00997882 -0.0277056 0)
(0.0146017 -0.0209515 0)
(0.029388 -0.00181045 0)
(0.0373184 0.0457826 0)
(-0.0244814 0.0333239 0)
(-0.045116 0.0215293 0)
(-0.0561822 0.0117066 0)
(-0.059934 0.00357557 0)
(-0.0584521 -0.00283083 0)
(-0.0529468 -0.00678907 0)
(-0.0453202 -0.00892738 0)
(-0.0362528 -0.00998784 0)
(-0.0266457 -0.0103377 0)
(-0.0170692 -0.0102062 0)
(-0.00791857 -0.00972533 0)
(0.00101535 -0.00909971 0)
(0.00945051 -0.00852393 0)
(0.0173728 -0.0080137 0)
(0.0247436 -0.00752787 0)
(0.0316571 -0.00718809 0)
(0.0384351 -0.00707093 0)
(0.0447658 -0.00739737 0)
(0.0521024 -0.00825295 0)
(0.0579721 -0.0105209 0)
(0.0678889 -0.0134051 0)
(0.0987861 -0.00546393 0)
(0.0886047 0.0011368 0)
(0.0929281 0.00546527 0)
(0.0915049 0.0103685 0)
(0.0883226 0.0135933 0)
(0.0817844 0.0164233 0)
(0.0734584 0.019052 0)
(0.0633491 0.021426 0)
(0.0519504 0.0231957 0)
(0.0396281 0.0237837 0)
(0.026995 0.0223461 0)
(0.0145414 0.0178079 0)
(0.0038117 0.00934583 0)
(-0.00504341 -0.00392097 0)
(-0.00575703 -0.0215481 0)
(-0.0139775 0.0270551 0)
(-0.0318021 0.0327326 0)
(-0.0477212 0.0290414 0)
(-0.0591498 0.0197123 0)
(-0.0669301 0.00928007 0)
(-0.0697563 0.000410773 0)
(-0.0689491 -0.0100479 0)
(-0.0640627 -0.0197623 0)
(-0.0554304 -0.0284917 0)
(-0.042934 -0.036486 0)
(-0.0273491 -0.0397668 0)
(-0.0082282 -0.0341819 0)
(0.00831552 -0.00703161 0)
(0.0234498 0.0577764 0)
(-0.0220351 0.0537721 0)
(-0.0372897 0.0307369 0)
(-0.0437843 0.0152373 0)
(-0.0453839 0.00318761 0)
(-0.0427491 -0.00512357 0)
(-0.0375567 -0.0105829 0)
(-0.0306497 -0.0136594 0)
(-0.0226497 -0.015194 0)
(-0.014361 -0.0155937 0)
(-0.00602055 -0.0153348 0)
(0.00227454 -0.0147704 0)
(0.0102184 -0.0139524 0)
(0.0177962 -0.0130799 0)
(0.0248832 -0.0122543 0)
(0.0315175 -0.0115088 0)
(0.0377357 -0.0109608 0)
(0.043714 -0.0107146 0)
(0.0492759 -0.0109589 0)
(0.0550696 -0.0118054 0)
(0.0596466 -0.0136579 0)
(0.0651975 -0.015763 0)
(0.0995289 -0.00133149 0)
(0.0952544 0.00265838 0)
(0.0950499 0.00691289 0)
(0.092624 0.0121074 0)
(0.0895023 0.0165583 0)
(0.0840902 0.0206394 0)
(0.0770803 0.0243586 0)
(0.0684862 0.0276408 0)
(0.0586784 0.0301012 0)
(0.0479367 0.0311196 0)
(0.0366684 0.0298126 0)
(0.0251855 0.0250213 0)
(0.014153 0.0156831 0)
(0.00403903 0.000484678 0)
(-0.000394381 -0.0228816 0)
(-0.0156343 0.0413121 0)
(-0.0320814 0.043356 0)
(-0.045306 0.0367259 0)
(-0.0546876 0.0251569 0)
(-0.061189 0.0126888 0)
(-0.0644779 0.00108378 0)
(-0.0647824 -0.0112224 0)
(-0.0625154 -0.0231357 0)
(-0.0580293 -0.0336167 0)
(-0.0503992 -0.0437351 0)
(-0.0406483 -0.0490967 0)
(-0.0262966 -0.0448034 0)
(-0.0114718 -0.0175254 0)
(0.00885023 0.0639444 0)
(-0.0186384 0.0700687 0)
(-0.0296011 0.0371679 0)
(-0.0331893 0.0170244 0)
(-0.0329426 0.00249148 0)
(-0.0296083 -0.00765299 0)
(-0.0244766 -0.0142652 0)
(-0.0181052 -0.0180805 0)
(-0.0111575 -0.0199186 0)
(-0.00376726 -0.0205046 0)
(0.0037772 -0.020303 0)
(0.0111124 -0.0195796 0)
(0.0182022 -0.0185493 0)
(0.0249449 -0.0174267 0)
(0.0312761 -0.0163263 0)
(0.0372108 -0.0153286 0)
(0.0427547 -0.0145558 0)
(0.0480022 -0.0141133 0)
(0.0528072 -0.0141679 0)
(0.0574857 -0.0147784 0)
(0.0610377 -0.0161386 0)
(0.0648327 -0.0175254 0)
(0.0996561 -0.00020255 0)
(0.0974443 0.00364182 0)
(0.0962835 0.0081034 0)
(0.0937571 0.0137712 0)
(0.0907584 0.0191169 0)
(0.0861201 0.0242032 0)
(0.080129 0.0288727 0)
(0.072749 0.0329804 0)
(0.064225 0.0361087 0)
(0.0547411 0.0376201 0)
(0.0445344 0.0366206 0)
(0.0337646 0.0319464 0)
(0.0227 0.0224652 0)
(0.0115896 0.00622634 0)
(0.00491427 -0.0199725 0)
(-0.0170164 0.0555275 0)
(-0.0307971 0.0527836 0)
(-0.0423142 0.043226 0)
(-0.050298 0.0294554 0)
(-0.0554229 0.0157515 0)
(-0.0586857 0.00239984 0)
(-0.0599995 -0.0112648 0)
(-0.0598323 -0.024212 0)
(-0.0582432 -0.0362916 0)
(-0.0548818 -0.0477235 0)
(-0.0504474 -0.0549836 0)
(-0.0406601 -0.0535316 0)
(-0.0278953 -0.0287368 0)
(0.00194095 0.0574494 0)
(-0.0147479 0.0828635 0)
(-0.0220431 0.0415653 0)
(-0.0234159 0.0175164 0)
(-0.0216517 0.000951558 0)
(-0.0177505 -0.0103651 0)
(-0.0126196 -0.0177635 0)
(-0.00682104 -0.0220283 0)
(-0.000388453 -0.0242115 0)
(0.00621413 -0.0249311 0)
(0.0128556 -0.0246794 0)
(0.0193386 -0.0238252 0)
(0.0255978 -0.0226243 0)
(0.0315611 -0.0212831 0)
(0.0371743 -0.0199452 0)
(0.0424352 -0.0187161 0)
(0.0473296 -0.0177177 0)
(0.0519014 -0.0170517 0)
(0.0560167 -0.0168513 0)
(0.0598478 -0.0171402 0)
(0.0626582 -0.0179806 0)
(0.0655738 -0.0188099 0)
(0.0997676 0.000535969 0)
(0.0983436 0.00449815 0)
(0.0969837 0.00936329 0)
(0.0946657 0.0153868 0)
(0.0918873 0.0213967 0)
(0.0878762 0.0272726 0)
(0.0827278 0.032749 0)
(0.0763606 0.0376052 0)
(0.0689042 0.0413892 0)
(0.0604468 0.0434622 0)
(0.0510718 0.0429425 0)
(0.0407965 0.0386905 0)
(0.0295961 0.0295324 0)
(0.0176451 0.0132823 0)
(0.00838298 -0.0138961 0)
(-0.0158019 0.0696266 0)
(-0.0290644 0.0610463 0)
(-0.0386051 0.0487363 0)
(-0.0452105 0.03336 0)
(-0.0495024 0.0179183 0)
(-0.052191 0.00397303 0)
(-0.0540698 -0.0105443 0)
(-0.055234 -0.0241369 0)
(-0.0558541 -0.0368406 0)
(-0.0559567 -0.0488387 0)
(-0.0554889 -0.0576545 0)
(-0.0514185 -0.0603815 0)
(-0.0427557 -0.0427193 0)
(-0.00790151 0.0474143 0)
(-0.0107512 0.0921118 0)
(-0.0147578 0.0440632 0)
(-0.014158 0.0168421 0)
(-0.0111261 -0.00105168 0)
(-0.00673572 -0.0132712 0)
(-0.00161615 -0.0211195 0)
(0.00396863 -0.0257393 0)
(0.00977196 -0.028069 0)
(0.0156342 -0.0288179 0)
(0.0214592 -0.0285225 0)
(0.0271408 -0.0275586 0)
(0.0326221 -0.0262056 0)
(0.0378491 -0.0246785 0)
(0.0427771 -0.0231344 0)
(0.0473926 -0.0216935 0)
(0.0516689 -0.0204757 0)
(0.0556198 -0.0195766 0)
(0.0591228 -0.0191015 0)
(0.0622886 -0.0190555 0)
(0.0645555 -0.0194449 0)
(0.0669398 -0.0198583 0)
(0.0998394 0.00104482 0)
(0.0987658 0.00526373 0)
(0.0974118 0.0105232 0)
(0.0953491 0.0168699 0)
(0.0928427 0.0234051 0)
(0.0893797 0.0299219 0)
(0.0849534 0.036091 0)
(0.0794495 0.0416346 0)
(0.0729003 0.0460736 0)
(0.0652978 0.0487833 0)
(0.0565851 0.0489115 0)
(0.0466462 0.0453602 0)
(0.0352114 0.0369449 0)
(0.0224559 0.0213619 0)
(0.0109958 -0.00569509 0)
(-0.0144527 0.0823672 0)
(-0.0264353 0.0684367 0)
(-0.0342252 0.0532154 0)
(-0.039348 0.0363747 0)
(-0.042679 0.0199417 0)
(-0.0448044 0.00531319 0)
(-0.0466591 -0.00941124 0)
(-0.0485683 -0.0231174 0)
(-0.0506543 -0.0358822 0)
(-0.0531122 -0.0478804 0)
(-0.0558018 -0.0577628 0)
(-0.0560193 -0.062752 0)
(-0.0543784 -0.0537995 0)
(-0.0276197 0.0256825 0)
(-0.00733923 0.0981625 0)
(-0.00773272 0.0447274 0)
(-0.00525033 0.0152177 0)
(-0.00099839 -0.00368502 0)
(0.00391337 -0.0163391 0)
(0.00904578 -0.0244298 0)
(0.0142553 -0.0291534 0)
(0.0194648 -0.0315131 0)
(0.0246221 -0.0322423 0)
(0.0296876 -0.0318808 0)
(0.0346125 -0.0308138 0)
(0.0393596 -0.0293279 0)
(0.0438896 -0.0276413 0)
(0.0481657 -0.0259182 0)
(0.0521682 -0.0242861 0)
(0.0558632 -0.0228616 0)
(0.0592476 -0.0217346 0)
(0.0622117 -0.0209914 0)
(0.0648407 -0.0206313 0)
(0.0666955 -0.0206481 0)
(0.0687065 -0.0207479 0)
(0.0998847 0.00143673 0)
(0.0989931 0.00596228 0)
(0.0977073 0.0115694 0)
(0.0958811 0.0181986 0)
(0.0936563 0.0251575 0)
(0.0906775 0.0322029 0)
(0.0868804 0.0389723 0)
(0.0821234 0.0451527 0)
(0.0763616 0.0502501 0)
(0.069491 0.0536725 0)
(0.0613279 0.0546105 0)
(0.0516285 0.0520202 0)
(0.0399106 0.0447249 0)
(0.0263493 0.0304419 0)
(0.0132537 0.00495488 0)
(-0.0128906 0.0939663 0)
(-0.0231861 0.0746917 0)
(-0.0290106 0.0567816 0)
(-0.0326098 0.0386079 0)
(-0.0347606 0.021403 0)
(-0.0361535 0.00640205 0)
(-0.0376444 -0.00818576 0)
(-0.039773 -0.0216228 0)
(-0.0425911 -0.0340172 0)
(-0.0463034 -0.0455881 0)
(-0.0510042 -0.0556089 0)
(-0.0545374 -0.0620147 0)
(-0.0567457 -0.0583217 0)
(-0.0418778 -0.00568759 0)
(-0.00257764 0.100844 0)
(-0.000829458 0.0437746 0)
(0.00356753 0.0125854 0)
(0.00890735 -0.00681588 0)
(0.0142022 -0.0195391 0)
(0.0193022 -0.027606 0)
(0.0241288 -0.0322688 0)
(0.0287612 -0.0345623 0)
(0.0332405 -0.035222 0)
(0.0375865 -0.0347798 0)
(0.0417943 -0.0336166 0)
(0.0458469 -0.0320157 0)
(0.0497181 -0.0301942 0)
(0.0533774 -0.0283178 0)
(0.0568021 -0.0265166 0)
(0.0599556 -0.0249039 0)
(0.0628254 -0.023565 0)
(0.0653159 -0.0225753 0)
(0.067501 -0.0219367 0)
(0.0690306 -0.0216522 0)
(0.0707474 -0.0215137 0)
(0.0999136 0.00175873 0)
(0.0991371 0.00660341 0)
(0.0979429 0.0125091 0)
(0.0963278 0.0193748 0)
(0.0943765 0.0266804 0)
(0.091825 0.0341603 0)
(0.0885825 0.0414501 0)
(0.084481 0.0482191 0)
(0.0794241 0.0539876 0)
(0.0732041 0.0581892 0)
(0.0655307 0.0600875 0)
(0.0560311 0.058704 0)
(0.0440217 0.0528797 0)
(0.029629 0.0403777 0)
(0.0149699 0.0168252 0)
(-0.0112955 0.103826 0)
(-0.0194173 0.0796695 0)
(-0.023518 0.0590155 0)
(-0.0248924 0.0398251 0)
(-0.0256309 0.0221946 0)
(-0.0260863 0.00706196 0)
(-0.0269871 -0.00712088 0)
(-0.0289336 -0.0200195 0)
(-0.0318765 -0.0317835 0)
(-0.0359927 -0.0426547 0)
(-0.0412722 -0.0523259 0)
(-0.0461627 -0.0597139 0)
(-0.0489153 -0.0610237 0)
(-0.0368679 -0.0403799 0)
(-0.000319526 0.100473 0)
(0.00592784 0.0410931 0)
(0.0122071 0.00897128 0)
(0.0186133 -0.01034 0)
(0.0242806 -0.0228706 0)
(0.0292504 -0.0306448 0)
(0.0336582 -0.0350847 0)
(0.0377062 -0.0372247 0)
(0.0415226 -0.0377746 0)
(0.045179 -0.0372417 0)
(0.0487049 -0.0359907 0)
(0.0521009 -0.0342929 0)
(0.0553506 -0.0323601 0)
(0.0584294 -0.0303556 0)
(0.0613135 -0.0284092 0)
(0.063966 -0.0266308 0)
(0.06637 -0.0251029 0)
(0.0684431 -0.023896 0)
(0.0702529 -0.0230197 0)
(0.0715161 -0.0224946 0)
(0.0729824 -0.0221744 0)
(0.0999325 0.00203375 0)
(0.0992451 0.00718903 0)
(0.0981538 0.0133487 0)
(0.0967386 0.0204221 0)
(0.0950514 0.0279791 0)
(0.0928704 0.0358308 0)
(0.0901241 0.0435732 0)
(0.0866134 0.0508946 0)
(0.0822219 0.057297 0)
(0.0765972 0.062369 0)
(0.06941 0.0653561 0)
(0.0601367 0.0654107 0)
(0.0478891 0.0614036 0)
(0.0326921 0.0511518 0)
(0.0165144 0.0301867 0)
(-0.00958128 0.112345 0)
(-0.0147636 0.0831909 0)
(-0.016442 0.060102 0)
(-0.0158835 0.0399098 0)
(-0.0150637 0.0222029 0)
(-0.0145322 0.0071577 0)
(-0.0147623 -0.00635402 0)
(-0.0162722 -0.0185653 0)
(-0.0189534 -0.029536 0)
(-0.0229648 -0.0396728 0)
(-0.0280638 -0.0489873 0)
(-0.032974 -0.0572153 0)
(-0.0357723 -0.0627287 0)
(-0.0242932 -0.0623295 0)
(0.00345926 0.0968902 0)
(0.0128412 0.0364783 0)
(0.0211222 0.00440467 0)
(0.0283415 -0.014316 0)
(0.0342487 -0.0262338 0)
(0.0389578 -0.0334898 0)
(0.0428826 -0.0375779 0)
(0.0463243 -0.0394979 0)
(0.0494847 -0.0399111 0)
(0.052476 -0.039285 0)
(0.0553528 -0.0379579 0)
(0.0581287 -0.0361826 0)
(0.0607943 -0.0341622 0)
(0.0633298 -0.032055 0)
(0.0657112 -0.0299884 0)
(0.0679026 -0.0280695 0)
(0.0698855 -0.0263792 0)
(0.071589 -0.0249878 0)
(0.0730755 -0.0239145 0)
(0.0741135 -0.0231994 0)
(0.0753562 -0.0227408 0)
(0.0999454 0.00227263 0)
(0.0993377 0.00771757 0)
(0.0983645 0.0140949 0)
(0.0971513 0.0213028 0)
(0.0956938 0.0291129 0)
(0.0938633 0.0372433 0)
(0.0915709 0.0453686 0)
(0.0886307 0.0531713 0)
(0.0848096 0.0602705 0)
(0.0798336 0.0661811 0)
(0.0731644 0.0703957 0)
(0.0642217 0.0720938 0)
(0.0518705 0.0702473 0)
(0.0359575 0.0627371 0)
(0.0181614 0.0446733 0)
(-0.00708221 0.118194 0)
(-0.0088889 0.084809 0)
(-0.00807605 0.0597453 0)
(-0.00532702 0.038865 0)
(-0.00292484 0.0213967 0)
(-0.00149355 0.00682014 0)
(-0.00120805 -0.00595616 0)
(-0.00235713 -0.0173626 0)
(-0.00477256 -0.0275976 0)
(-0.00809175 -0.0369653 0)
(-0.0127665 -0.0457558 0)
(-0.01764 -0.0546476 0)
(-0.0215733 -0.0642889 0)
(-0.0141173 -0.077158 0)
(0.0069761 0.0905952 0)
(0.0201383 0.0300931 0)
(0.0303469 -0.00104342 0)
(0.0382091 -0.018566 0)
(0.04416 -0.0295416 0)
(0.0484608 -0.0360751 0)
(0.0518185 -0.0397155 0)
(0.0546242 -0.0413741 0)
(0.0571321 -0.0416397 0)
(0.0594811 -0.0409267 0)
(0.061741 -0.0395397 0)
(0.0639333 -0.0377077 0)
(0.0660524 -0.0356238 0)
(0.0680819 -0.0334394 0)
(0.0699982 -0.0312785 0)
(0.0717671 -0.0292455 0)
(0.0733694 -0.0274214 0)
(0.0747444 -0.0258782 0)
(0.0759478 -0.0246465 0)
(0.0767904 -0.0237833 0)
(0.0778279 -0.0232204 0)
(0.0999553 0.00247843 0)
(0.0994253 0.00818357 0)
(0.0985904 0.0147345 0)
(0.0975619 0.0220753 0)
(0.0963316 0.0300531 0)
(0.0948408 0.0384103 0)
(0.0929775 0.0468578 0)
(0.0905606 0.0551122 0)
(0.0873545 0.0628226 0)
(0.0829843 0.0696588 0)
(0.0769983 0.0751059 0)
(0.06855 0.078666 0)
(0.0563441 0.0793364 0)
(0.0398498 0.0752131 0)
(0.0200615 0.0613582 0)
(-0.00523379 0.122033 0)
(-0.00324507 0.0842297 0)
(0.00191068 0.0575923 0)
(0.00701636 0.0365948 0)
(0.0105807 0.0198589 0)
(0.0129214 0.00600089 0)
(0.013719 -0.00581696 0)
(0.0129635 -0.0163586 0)
(0.0108757 -0.0258203 0)
(0.00750003 -0.0345249 0)
(0.00295318 -0.0428716 0)
(-0.00137063 -0.0517539 0)
(-0.00715169 -0.0637316 0)
(-0.00434892 -0.0848933 0)
(0.010824 0.0803818 0)
(0.0281891 0.0212197 0)
(0.0399153 -0.00701716 0)
(0.0484247 -0.0230683 0)
(0.0540295 -0.0326617 0)
(0.0577582 -0.0383194 0)
(0.0604585 -0.0414588 0)
(0.0626004 -0.0428441 0)
(0.0644625 -0.0429681 0)
(0.0661939 -0.0421836 0)
(0.0678702 -0.0407575 0)
(0.069516 -0.0388913 0)
(0.0711261 -0.0367683 0)
(0.072687 -0.0345321 0)
(0.074175 -0.0323027 0)
(0.0755579 -0.0301827 0)
(0.0768164 -0.0282532 0)
(0.0778979 -0.02659 0)
(0.0788501 -0.0252351 0)
(0.0795201 -0.0242588 0)
(0.0803664 -0.0236187 0)
(0.0999646 0.00265771 0)
(0.0995197 0.00858092 0)
(0.0988253 0.0152586 0)
(0.0979754 0.0227245 0)
(0.0969858 0.0308181 0)
(0.0958217 0.039344 0)
(0.0943731 0.0480534 0)
(0.0924715 0.0566984 0)
(0.0898796 0.0649964 0)
(0.0862417 0.0726711 0)
(0.0809888 0.0794345 0)
(0.0734102 0.0848993 0)
(0.0617717 0.0884472 0)
(0.0452845 0.0883353 0)
(0.0229654 0.078056 0)
(-0.000765769 0.122855 0)
(0.00545011 0.080946 0)
(0.0145953 0.0533914 0)
(0.0210639 0.0333845 0)
(0.0260732 0.0176735 0)
(0.0287729 0.00482616 0)
(0.0297295 -0.00592994 0)
(0.0291856 -0.0155696 0)
(0.0273359 -0.0241766 0)
(0.024307 -0.0320942 0)
(0.0200033 -0.0398273 0)
(0.0144952 -0.0484173 0)
(0.00789493 -0.0602078 0)
(0.00235146 -0.0855605 0)
(0.0155213 0.0674774 0)
(0.0368689 0.010936 0)
(0.0504147 -0.0138955 0)
(0.0589489 -0.0274756 0)
(0.0638312 -0.0354161 0)
(0.0668059 -0.0401355 0)
(0.0687731 -0.0427725 0)
(0.0702363 -0.0439025 0)
(0.0714677 -0.0439075 0)
(0.0726125 -0.043076 0)
(0.0737401 -0.0416323 0)
(0.0748778 -0.0397565 0)
(0.0760168 -0.0376189 0)
(0.0771458 -0.0353559 0)
(0.0782409 -0.0330836 0)
(0.0792721 -0.030903 0)
(0.0802197 -0.028896 0)
(0.0810387 -0.0271433 0)
(0.0817652 -0.0256948 0)
(0.0822808 -0.0246351 0)
(0.0829471 -0.0239399 0)
(0.0999727 0.00279697 0)
(0.0996197 0.00891073 0)
(0.0990646 0.0156964 0)
(0.0983997 0.0232326 0)
(0.0976616 0.0314043 0)
(0.0968178 0.0400489 0)
(0.0957775 0.0489599 0)
(0.0943924 0.0579274 0)
(0.0924466 0.0667319 0)
(0.089606 0.0751967 0)
(0.0853658 0.0831553 0)
(0.0788577 0.0906249 0)
(0.0685684 0.0972754 0)
(0.0526205 0.102649 0)
(0.0265241 0.103597 0)
(0.00132327 0.118275 0)
(0.0167513 0.0741654 0)
(0.0296191 0.0475524 0)
(0.0382808 0.0291625 0)
(0.0433997 0.0150551 0)
(0.0457893 0.0036822 0)
(0.0465347 -0.00605869 0)
(0.0459189 -0.0148537 0)
(0.044137 -0.0227083 0)
(0.0413768 -0.0298813 0)
(0.0373854 -0.0367023 0)
(0.0320211 -0.0441383 0)
(0.0229787 -0.0546058 0)
(0.015845 -0.0807112 0)
(0.0218019 0.0480129 0)
(0.0475964 -0.00210306 0)
(0.0620759 -0.0211427 0)
(0.0696853 -0.0314809 0)
(0.073465 -0.0376252 0)
(0.0755226 -0.0414446 0)
(0.0767146 -0.0436335 0)
(0.0775071 -0.0445537 0)
(0.0781362 -0.0444758 0)
(0.0787371 -0.0436188 0)
(0.0793522 -0.0421923 0)
(0.0800196 -0.040328 0)
(0.0807263 -0.038199 0)
(0.0814593 -0.0359331 0)
(0.0821954 -0.0336421 0)
(0.0829066 -0.0314263 0)
(0.083572 -0.0293684 0)
(0.0841587 -0.0275488 0)
(0.0846791 -0.0260422 0)
(0.0850537 -0.0249213 0)
(0.0855503 -0.0241878 0)
(0.0999787 0.0029085 0)
(0.0997171 0.00915735 0)
(0.0993097 0.0160304 0)
(0.0988412 0.0236034 0)
(0.0983566 0.0318122 0)
(0.0978316 0.0405271 0)
(0.0971978 0.0495767 0)
(0.0963349 0.058787 0)
(0.0950676 0.0679938 0)
(0.0931189 0.0771061 0)
(0.0900878 0.0861124 0)
(0.0852659 0.0952904 0)
(0.0771368 0.104982 0)
(0.0646319 0.116649 0)
(0.0367656 0.120236 0)
(0.00920024 0.116138 0)
(0.0370594 0.062845 0)
(0.050663 0.0402416 0)
(0.0586163 0.0246868 0)
(0.0623163 0.0130204 0)
(0.0637389 0.00283998 0)
(0.0637532 -0.0060253 0)
(0.0627318 -0.0140582 0)
(0.0608505 -0.0213061 0)
(0.0582465 -0.0279067 0)
(0.0547429 -0.0338226 0)
(0.0499066 -0.0397427 0)
(0.041025 -0.0467096 0)
(0.0302537 -0.063211 0)
(0.0327982 0.0318436 0)
(0.0622702 -0.016725 0)
(0.0749016 -0.0279292 0)
(0.0803053 -0.0345594 0)
(0.0827137 -0.0391125 0)
(0.0837884 -0.0421973 0)
(0.0842233 -0.0440408 0)
(0.0843859 -0.0448161 0)
(0.0844614 -0.0446939 0)
(0.0845577 -0.0438566 0)
(0.0847128 -0.0424502 0)
(0.0849468 -0.0406285 0)
(0.0852587 -0.0385314 0)
(0.0856302 -0.0362848 0)
(0.0860391 -0.033998 0)
(0.0864591 -0.0317705 0)
(0.0868687 -0.0296872 0)
(0.0872419 -0.0278337 0)
(0.0875819 -0.0262769 0)
(0.0878268 -0.0251203 0)
(0.0881611 -0.0243676 0)
(0.099985 0.00298752 0)
(0.0998125 0.00933302 0)
(0.0995585 0.01625 0)
(0.0992953 0.0238312 0)
(0.0990655 0.0320409 0)
(0.0988586 0.0407788 0)
(0.0986294 0.0499023 0)
(0.0982916 0.0592663 0)
(0.0977237 0.0687483 0)
(0.0967287 0.0783196 0)
(0.0950673 0.0880855 0)
(0.0922097 0.0986274 0)
(0.0871906 0.110992 0)
(0.0790273 0.132633 0)
(0.0487773 0.179351 0)
(0.0454979 0.0701858 0)
(0.064563 0.0460343 0)
(0.0774029 0.032914 0)
(0.0812044 0.0217097 0)
(0.0823729 0.0118232 0)
(0.0820204 0.00275681 0)
(0.0808553 -0.00546043 0)
(0.0791642 -0.013027 0)
(0.0770282 -0.0198889 0)
(0.0745323 -0.0260588 0)
(0.0714267 -0.0313948 0)
(0.0675059 -0.0357532 0)
(0.0594008 -0.0371302 0)
(0.0495202 -0.0283054 0)
(0.0668418 -0.0254569 0)
(0.0784652 -0.0306945 0)
(0.0871735 -0.0325285 0)
(0.0901402 -0.0363684 0)
(0.0912639 -0.0398397 0)
(0.0914725 -0.042415 0)
(0.0912433 -0.044037 0)
(0.0908549 -0.0447235 0)
(0.0904396 -0.0446019 0)
(0.0900841 -0.0437958 0)
(0.0898207 -0.0424468 0)
(0.0896668 -0.0406831 0)
(0.0896196 -0.038638 0)
(0.0896622 -0.0364311 0)
(0.0897735 -0.0341696 0)
(0.0899292 -0.0319521 0)
(0.0901074 -0.0298654 0)
(0.0902855 -0.0279974 0)
(0.0904581 -0.0264203 0)
(0.0905855 -0.0252453 0)
(0.0907697 -0.0244771 0)
(0.0999909 0.00303536 0)
(0.0999077 0.00943039 0)
(0.0998097 0.0163574 0)
(0.099754 0.0239148 0)
(0.0997796 0.0320903 0)
(0.0998883 0.0408052 0)
(0.100059 0.0499375 0)
(0.100241 0.0593606 0)
(0.100376 0.068974 0)
(0.100364 0.078772 0)
(0.100187 0.0888945 0)
(0.0996453 0.099969 0)
(0.099773 0.113145 0)
(0.0985657 0.135661 0)
(0.13323 0.169177 0)
(0.153028 0.0806897 0)
(0.115894 0.0454209 0)
(0.109722 0.0322281 0)
(0.105334 0.0218509 0)
(0.102427 0.0125338 0)
(0.0997739 0.00379704 0)
(0.0972495 -0.00424035 0)
(0.0947744 -0.0116578 0)
(0.0922742 -0.0183957 0)
(0.0897888 -0.0244148 0)
(0.0871197 -0.0294792 0)
(0.0846583 -0.0330768 0)
(0.0803007 -0.0325209 0)
(0.0856844 -0.0226444 0)
(0.0955184 -0.0363186 0)
(0.0938713 -0.0344641 0)
(0.0973704 -0.0345718 0)
(0.0986865 -0.037147 0)
(0.0989228 -0.0399676 0)
(0.0984972 -0.0422164 0)
(0.0977589 -0.0436733 0)
(0.0969092 -0.0443317 0)
(0.0960752 -0.0442309 0)
(0.0953237 -0.0434825 0)
(0.0946894 -0.0422039 0)
(0.0941874 -0.0405155 0)
(0.0938159 -0.0385398 0)
(0.0935605 -0.0363909 0)
(0.0934015 -0.0341737 0)
(0.0933168 -0.0319863 0)
(0.0932845 -0.0299164 0)
(0.0932851 -0.0280547 0)
(0.0933036 -0.0264745 0)
(0.0933222 -0.0252953 0)
(0.0933628 -0.0245263 0)
(0.0999967 0.00305226 0)
(0.100002 0.00945039 0)
(0.10006 0.0163506 0)
(0.10021 0.0238537 0)
(0.100488 0.031962 0)
(0.100907 0.04061 0)
(0.101466 0.0496881 0)
(0.102151 0.0590769 0)
(0.10296 0.0686777 0)
(0.10388 0.078466 0)
(0.105064 0.0885271 0)
(0.106528 0.0992368 0)
(0.110083 0.111152 0)
(0.114151 0.12611 0)
(0.145959 0.141125 0)
(0.169715 0.0895065 0)
(0.145647 0.0576769 0)
(0.134391 0.038763 0)
(0.125943 0.0256841 0)
(0.120361 0.015189 0)
(0.115976 0.0059473 0)
(0.112342 -0.00235546 0)
(0.109165 -0.00991673 0)
(0.106272 -0.0167521 0)
(0.103639 -0.0228383 0)
(0.101074 -0.0279927 0)
(0.099043 -0.0317442 0)
(0.0962943 -0.0329452 0)
(0.100296 -0.0291894 0)
(0.104866 -0.0351187 0)
(0.103667 -0.0345583 0)
(0.105436 -0.0352738 0)
(0.105985 -0.0373605 0)
(0.105719 -0.0397431 0)
(0.104906 -0.0416945 0)
(0.103778 -0.0430588 0)
(0.102573 -0.0436885 0)
(0.101386 -0.0436241 0)
(0.100294 -0.0429438 0)
(0.099333 -0.0417488 0)
(0.0985206 -0.0401486 0)
(0.0978573 -0.0382565 0)
(0.0973318 -0.0361814 0)
(0.0969271 -0.0340255 0)
(0.0966234 -0.031886 0)
(0.0963987 -0.0298513 0)
(0.0962368 -0.0280135 0)
(0.0961127 -0.0264474 0)
(0.0960303 -0.0252773 0)
(0.0959338 -0.0245153 0)
(0.100002 0.00303868 0)
(0.100095 0.00939381 0)
(0.100305 0.0162314 0)
(0.100657 0.0236505 0)
(0.101181 0.03166 0)
(0.101898 0.0402002 0)
(0.102829 0.0491659 0)
(0.103989 0.0584354 0)
(0.105423 0.0678973 0)
(0.107185 0.0774842 0)
(0.109535 0.0871919 0)
(0.112626 0.0970996 0)
(0.1183 0.107266 0)
(0.125691 0.116532 0)
(0.150248 0.122154 0)
(0.169061 0.0904775 0)
(0.158952 0.065014 0)
(0.150079 0.0451942 0)
(0.141614 0.0304745 0)
(0.135231 0.0187648 0)
(0.130035 0.00878637 0)
(0.125753 9.54812e-06 0)
(0.122094 -0.00786299 0)
(0.11887 -0.0149254 0)
(0.116027 -0.0211866 0)
(0.113372 -0.0265215 0)
(0.111297 -0.0305174 0)
(0.109014 -0.0326997 0)
(0.11074 -0.0315132 0)
(0.112564 -0.0351716 0)
(0.111658 -0.0349925 0)
(0.112487 -0.0356615 0)
(0.112502 -0.0372946 0)
(0.111871 -0.0392852 0)
(0.110776 -0.0409925 0)
(0.109375 -0.0422331 0)
(0.10788 -0.0428443 0)
(0.106401 -0.042818 0)
(0.105017 -0.0422105 0)
(0.10377 -0.0411063 0)
(0.102681 -0.0396034 0)
(0.101755 -0.0378062 0)
(0.100985 -0.0358182 0)
(0.100356 -0.0337385 0)
(0.0998517 -0.0316628 0)
(0.09945 -0.0296795 0)
(0.0991384 -0.0278815 0)
(0.0988815 -0.0263444 0)
(0.0987046 -0.0251947 0)
(0.098477 -0.024447 0)
(0.100008 0.00299557 0)
(0.100183 0.00926279 0)
(0.10054 0.0160032 0)
(0.101086 0.0233097 0)
(0.101846 0.0311907 0)
(0.102848 0.0395859 0)
(0.104127 0.0483876 0)
(0.105725 0.0574647 0)
(0.107721 0.066684 0)
(0.110213 0.0759252 0)
(0.113505 0.0850857 0)
(0.117815 0.0939893 0)
(0.124692 0.102344 0)
(0.133608 0.108032 0)
(0.151827 0.109801 0)
(0.166839 0.0877089 0)
(0.164425 0.068554 0)
(0.15943 0.0499137 0)
(0.152778 0.0348468 0)
(0.146939 0.0224407 0)
(0.141773 0.0118579 0)
(0.137337 0.00260983 0)
(0.133471 -0.00561203 0)
(0.130046 -0.0129427 0)
(0.127008 -0.0194156 0)
(0.124184 -0.0249537 0)
(0.121868 -0.0292154 0)
(0.119527 -0.032028 0)
(0.119595 -0.0323085 0)
(0.119802 -0.0348673 0)
(0.118811 -0.0349789 0)
(0.118903 -0.0356721 0)
(0.118481 -0.0369759 0)
(0.11757 -0.0386342 0)
(0.116219 -0.0401396 0)
(0.114609 -0.0412535 0)
(0.112881 -0.0418362 0)
(0.111157 -0.0418435 0)
(0.109522 -0.0413083 0)
(0.108023 -0.0402979 0)
(0.106687 -0.0388982 0)
(0.105523 -0.0372047 0)
(0.104529 -0.0353148 0)
(0.103695 -0.0333241 0)
(0.103006 -0.0313263 0)
(0.10244 -0.0294091 0)
(0.101989 -0.0276652 0)
(0.101607 -0.0261703 0)
(0.101341 -0.0250508 0)
(0.100988 -0.024324 0)
(0.100012 0.00292433 0)
(0.100267 0.00906071 0)
(0.100763 0.0156711 0)
(0.101492 0.0228379 0)
(0.102474 0.0305633 0)
(0.103742 0.0387802 0)
(0.105344 0.0473736 0)
(0.107339 0.0561986 0)
(0.109826 0.0650967 0)
(0.11293 0.0738961 0)
(0.116949 0.0824074 0)
(0.122101 0.0902754 0)
(0.12954 0.0970154 0)
(0.138634 0.100678 0)
(0.153107 0.0999628 0)
(0.165108 0.0843027 0)
(0.166509 0.0691301 0)
(0.164952 0.0527157 0)
(0.160522 0.038208 0)
(0.155903 0.0256786 0)
(0.151339 0.0147873 0)
(0.147153 0.00520908 0)
(0.143345 -0.00329909 0)
(0.139871 -0.010867 0)
(0.13671 -0.0175327 0)
(0.13373 -0.0232475 0)
(0.131145 -0.0277364 0)
(0.12861 -0.0309495 0)
(0.127547 -0.0321541 0)
(0.126742 -0.034227 0)
(0.125458 -0.0346252 0)
(0.12494 -0.035348 0)
(0.124102 -0.0364557 0)
(0.122924 -0.0378436 0)
(0.121358 -0.0391444 0)
(0.119555 -0.0401441 0)
(0.117627 -0.0406906 0)
(0.115693 -0.0407247 0)
(0.113837 -0.0402583 0)
(0.112114 -0.0393418 0)
(0.110555 -0.0380488 0)
(0.109175 -0.0364654 0)
(0.107976 -0.0346827 0)
(0.106952 -0.0327921 0)
(0.10609 -0.0308847 0)
(0.105371 -0.0290466 0)
(0.104789 -0.0273696 0)
(0.104289 -0.0259287 0)
(0.103938 -0.0248486 0)
(0.103464 -0.0241482 0)
(0.100017 0.00282682 0)
(0.100345 0.00879213 0)
(0.100969 0.0152418 0)
(0.101867 0.0222437 0)
(0.103056 0.0297884 0)
(0.10457 0.0377978 0)
(0.106466 0.0461458 0)
(0.108815 0.054672 0)
(0.111728 0.0631941 0)
(0.115332 0.0714979 0)
(0.119892 0.0793313 0)
(0.125592 0.086255 0)
(0.133152 0.0917604 0)
(0.142198 0.0939346 0)
(0.154167 0.0921944 0)
(0.164168 0.0804632 0)
(0.167523 0.0681657 0)
(0.168304 0.0539094 0)
(0.165922 0.0404399 0)
(0.162722 0.0282262 0)
(0.159056 0.0173357 0)
(0.15539 0.00762407 0)
(0.15185 -0.00104974 0)
(0.148477 -0.00877639 0)
(0.145292 -0.015581 0)
(0.142217 -0.0214254 0)
(0.139413 -0.0260912 0)
(0.136683 -0.0295751 0)
(0.134877 -0.0313874 0)
(0.133374 -0.0332965 0)
(0.131766 -0.0339649 0)
(0.130715 -0.0347417 0)
(0.129492 -0.0357161 0)
(0.128037 -0.036898 0)
(0.126264 -0.0380273 0)
(0.124278 -0.0389174 0)
(0.122169 -0.039424 0)
(0.120048 -0.0394787 0)
(0.117995 -0.0390764 0)
(0.116069 -0.0382523 0)
(0.114306 -0.0370678 0)
(0.112727 -0.0355993 0)
(0.111337 -0.0339313 0)
(0.110134 -0.0321503 0)
(0.10911 -0.0303443 0)
(0.108245 -0.0285971 0)
(0.107538 -0.0269987 0)
(0.106925 -0.0256228 0)
(0.106492 -0.0245904 0)
(0.105901 -0.0239215 0)
(0.100021 0.00270533 0)
(0.100415 0.00846261 0)
(0.101155 0.0147236 0)
(0.102207 0.0215372 0)
(0.103584 0.0288784 0)
(0.105322 0.0366542 0)
(0.107484 0.044726 0)
(0.110149 0.0529181 0)
(0.113426 0.0610289 0)
(0.117438 0.0688156 0)
(0.122404 0.0759821 0)
(0.128449 0.0820502 0)
(0.136029 0.0865139 0)
(0.14476 0.0878698 0)
(0.155085 0.0856922 0)
(0.163808 0.0765514 0)
(0.168205 0.0662353 0)
(0.170465 0.0539977 0)
(0.169842 0.0416462 0)
(0.167975 0.0300242 0)
(0.165302 0.0193855 0)
(0.162301 0.00973559 0)
(0.159174 0.00103676 0)
(0.156024 -0.00674661 0)
(0.152914 -0.0136171 0)
(0.149822 -0.0195333 0)
(0.146884 -0.0243203 0)
(0.144003 -0.0279878 0)
(0.141716 -0.0302173 0)
(0.13972 -0.0321215 0)
(0.137796 -0.0330264 0)
(0.136291 -0.0338716 0)
(0.134712 -0.0347739 0)
(0.13298 -0.0358029 0)
(0.130999 -0.0367879 0)
(0.128833 -0.0375791 0)
(0.126554 -0.038046 0)
(0.124258 -0.038117 0)
(0.122023 -0.0377745 0)
(0.11991 -0.0370407 0)
(0.117959 -0.0359652 0)
(0.116193 -0.0346151 0)
(0.114624 -0.0330677 0)
(0.113251 -0.0314045 0)
(0.112072 -0.0297097 0)
(0.111066 -0.0280643 0)
(0.110238 -0.0265555 0)
(0.109515 -0.0252546 0)
(0.109002 -0.0242778 0)
(0.108298 -0.0236454 0)
(0.100024 0.00256259 0)
(0.100476 0.00807867 0)
(0.101319 0.0141257 0)
(0.102507 0.0207294 0)
(0.104052 0.027846 0)
(0.105993 0.035365 0)
(0.108395 0.0431347 0)
(0.11134 0.0509671 0)
(0.114932 0.0586437 0)
(0.119279 0.0658986 0)
(0.12454 0.0724363 0)
(0.130775 0.0778158 0)
(0.138313 0.0814505 0)
(0.146695 0.0822644 0)
(0.155936 0.0799853 0)
(0.163856 0.0726868 0)
(0.168903 0.0637189 0)
(0.172041 0.0531593 0)
(0.172854 0.0419545 0)
(0.172135 0.0311117 0)
(0.170428 0.0209043 0)
(0.168145 0.0114801 0)
(0.165516 0.00289152 0)
(0.162679 -0.00484105 0)
(0.15973 -0.0116965 0)
(0.156699 -0.0176225 0)
(0.153709 -0.0224745 0)
(0.150739 -0.0262608 0)
(0.148143 -0.0287785 0)
(0.145797 -0.0307453 0)
(0.14359 -0.0318515 0)
(0.141702 -0.0327707 0)
(0.1398 -0.0336386 0)
(0.1378 -0.0345576 0)
(0.13561 -0.0354262 0)
(0.133264 -0.0361317 0)
(0.130819 -0.0365619 0)
(0.128357 -0.0366467 0)
(0.125951 -0.0363606 0)
(0.123662 -0.0357148 0)
(0.121532 -0.0347483 0)
(0.119589 -0.0335191 0)
(0.117848 -0.0320973 0)
(0.116312 -0.0305589 0)
(0.114981 -0.028984 0)
(0.113838 -0.0274504 0)
(0.112891 -0.0260414 0)
(0.112058 -0.0248254 0)
(0.111467 -0.0239121 0)
(0.110651 -0.0233212 0)
(0.100027 0.0024017 0)
(0.100527 0.00764764 0)
(0.101457 0.0134585 0)
(0.102762 0.0198324 0)
(0.104456 0.0267044 0)
(0.106579 0.0339449 0)
(0.109199 0.0413895 0)
(0.112395 0.0488377 0)
(0.116256 0.0560708 0)
(0.120865 0.0628331 0)
(0.126354 0.0687921 0)
(0.13276 0.0734973 0)
(0.140203 0.0765202 0)
(0.148274 0.077005 0)
(0.156783 0.0747816 0)
(0.164264 0.0687318 0)
(0.169639 0.061027 0)
(0.173432 0.0515313 0)
(0.175222 0.0416849 0)
(0.175566 0.0315491 0)
(0.174732 0.0219041 0)
(0.173161 0.0128341 0)
(0.171068 0.00447308 0)
(0.168604 -0.00310671 0)
(0.165882 -0.00986648 0)
(0.162976 -0.0157396 0)
(0.160007 -0.020601 0)
(0.157005 -0.0244505 0)
(0.154221 -0.0271615 0)
(0.151627 -0.029208 0)
(0.149179 -0.0304782 0)
(0.146971 -0.0314685 0)
(0.14478 -0.0323249 0)
(0.142528 -0.033166 0)
(0.140132 -0.0339426 0)
(0.137607 -0.0345761 0)
(0.134997 -0.0349743 0)
(0.132373 -0.0350725 0)
(0.129803 -0.0348402 0)
(0.127345 -0.0342802 0)
(0.125044 -0.0334222 0)
(0.122929 -0.0323155 0)
(0.121021 -0.0310232 0)
(0.119325 -0.0296157 0)
(0.117845 -0.0281686 0)
(0.116564 -0.0267559 0)
(0.115497 -0.0254568 0)
(0.114554 -0.0243354 0)
(0.113884 -0.0234938 0)
(0.112958 -0.0229496 0)
(0.100028 0.00222617 0)
(0.100567 0.00717738 0)
(0.101568 0.0127328 0)
(0.102971 0.0188574 0)
(0.104794 0.0254644 0)
(0.10708 0.0324043 0)
(0.109897 0.0395042 0)
(0.113315 0.0465665 0)
(0.117418 0.0533556 0)
(0.122276 0.0596003 0)
(0.127965 0.0650107 0)
(0.134477 0.0691844 0)
(0.141828 0.0717228 0)
(0.149655 0.0719976 0)
(0.157684 0.0698973 0)
(0.164894 0.0647777 0)
(0.170538 0.0580105 0)
(0.174742 0.0497108 0)
(0.177277 0.0405979 0)
(0.178457 0.0315309 0)
(0.178468 0.022406 0)
(0.177557 0.0137989 0)
(0.176005 0.00576217 0)
(0.173944 -0.00157434 0)
(0.171495 -0.0081631 0)
(0.168763 -0.0139226 0)
(0.165874 -0.0187389 0)
(0.162888 -0.0226009 0)
(0.16 -0.0254295 0)
(0.157236 -0.0275456 0)
(0.154589 -0.0289415 0)
(0.152117 -0.0299933 0)
(0.149672 -0.0308494 0)
(0.147186 -0.0316348 0)
(0.144589 -0.0323392 0)
(0.141888 -0.0329133 0)
(0.139116 -0.033285 0)
(0.136333 -0.0333968 0)
(0.133602 -0.0332165 0)
(0.130979 -0.0327405 0)
(0.128511 -0.0319901 0)
(0.126229 -0.0310069 0)
(0.124155 -0.0298471 0)
(0.122299 -0.0285755 0)
(0.120668 -0.0272632 0)
(0.119247 -0.0259799 0)
(0.118058 -0.0248005 0)
(0.117003 -0.0237839 0)
(0.116252 -0.0230225 0)
(0.115215 -0.022531 0)
(0.100028 0.00204008 0)
(0.100594 0.00667694 0)
(0.101647 0.0119612 0)
(0.103128 0.0178185 0)
(0.105063 0.0241412 0)
(0.107496 0.0307608 0)
(0.110497 0.0374983 0)
(0.114131 0.0441441 0)
(0.118464 0.0504802 0)
(0.12354 0.0562486 0)
(0.129398 0.0611616 0)
(0.135997 0.0648626 0)
(0.143287 0.0670195 0)
(0.150943 0.0671604 0)
(0.158666 0.0652091 0)
(0.165723 0.0607974 0)
(0.171551 0.0548158 0)
(0.17612 0.0474512 0)
(0.179202 0.0393347 0)
(0.181033 0.030798 0)
(0.181754 0.0225594 0)
(0.181514 0.0143779 0)
(0.180476 0.00675352 0)
(0.178828 -0.000260307 0)
(0.176677 -0.00661079 0)
(0.174156 -0.0122002 0)
(0.171388 -0.016919 0)
(0.168459 -0.0207451 0)
(0.165526 -0.023628 0)
(0.162648 -0.0257892 0)
(0.159845 -0.0272725 0)
(0.157157 -0.0283706 0)
(0.154489 -0.0292289 0)
(0.15179 -0.0299726 0)
(0.149003 -0.0306195 0)
(0.146129 -0.0311448 0)
(0.143196 -0.0314952 0)
(0.140256 -0.0316214 0)
(0.137367 -0.0314917 0)
(0.134583 -0.0310976 0)
(0.13195 -0.0304536 0)
(0.129501 -0.0295941 0)
(0.127261 -0.0285688 0)
(0.125243 -0.0274371 0)
(0.123457 -0.0262658 0)
(0.121892 -0.0251202 0)
(0.120574 -0.0240701 0)
(0.119401 -0.0231687 0)
(0.118566 -0.0224974 0)
(0.117418 -0.0220655 0)
(0.100026 0.00184821 0)
(0.100606 0.0061554 0)
(0.101694 0.0111548 0)
(0.103231 0.0167245 0)
(0.105265 0.0227391 0)
(0.107836 0.0290123 0)
(0.111017 0.035364 0)
(0.114858 0.0415913 0)
(0.119407 0.0474778 0)
(0.124688 0.0527792 0)
(0.130704 0.0572327 0)
(0.137392 0.0605252 0)
(0.144656 0.0623766 0)
(0.152204 0.062432 0)
(0.159743 0.0606384 0)
(0.166723 0.056797 0)
(0.172686 0.0515195 0)
(0.177562 0.0449437 0)
(0.181135 0.0376208 0)
(0.183483 0.0299241 0)
(0.184754 0.0220922 0)
(0.185105 0.0146884 0)
(0.184615 0.00743956 0)
(0.183368 0.000828623 0)
(0.181524 -0.00522369 0)
(0.179234 -0.0105918 0)
(0.176618 -0.0151639 0)
(0.173773 -0.0189078 0)
(0.170839 -0.0217896 0)
(0.16789 -0.0239646 0)
(0.164967 -0.0254982 0)
(0.162103 -0.0266236 0)
(0.159244 -0.0274801 0)
(0.156352 -0.0281892 0)
(0.153386 -0.0287885 0)
(0.150346 -0.0292731 0)
(0.147256 -0.0296063 0)
(0.144161 -0.0297477 0)
(0.141116 -0.029667 0)
(0.138172 -0.0293525 0)
(0.135374 -0.0288131 0)
(0.132758 -0.0280766 0)
(0.13035 -0.0271868 0)
(0.128165 -0.026198 0)
(0.126218 -0.0251728 0)
(0.1245 -0.0241723 0)
(0.123045 -0.0232614 0)
(0.121747 -0.0224866 0)
(0.120823 -0.0219164 0)
(0.11956 -0.0215525 0)
(0.100022 0.00165614 0)
(0.100601 0.00562322 0)
(0.101703 0.0103268 0)
(0.103279 0.0155873 0)
(0.1054 0.021268 0)
(0.108106 0.0271684 0)
(0.111464 0.0331138 0)
(0.11551 0.0389067 0)
(0.120274 0.0443439 0)
(0.125755 0.0491974 0)
(0.13193 0.0532269 0)
(0.138715 0.0561604 0)
(0.145989 0.0577625 0)
(0.153486 0.0577645 0)
(0.160933 0.0561311 0)
(0.167886 0.052742 0)
(0.173985 0.0480562 0)
(0.179119 0.0422094 0)
(0.183086 0.0356312 0)
(0.185917 0.0286322 0)
(0.18765 0.0215301 0)
(0.188445 0.0144579 0)
(0.188464 0.00791304 0)
(0.187663 0.00168472 0)
(0.186118 -0.00400869 0)
(0.184066 -0.00910928 0)
(0.18162 -0.0134892 0)
(0.17888 -0.0171069 0)
(0.175974 -0.0199384 0)
(0.172988 -0.0220929 0)
(0.169974 -0.0236414 0)
(0.16697 -0.0247729 0)
(0.163946 -0.0256187 0)
(0.160883 -0.0262951 0)
(0.157751 -0.0268524 0)
(0.154553 -0.0273014 0)
(0.151309 -0.0276202 0)
(0.148063 -0.0277767 0)
(0.144862 -0.0277432 0)
(0.141759 -0.0275056 0)
(0.138797 -0.0270682 0)
(0.136011 -0.0264529 0)
(0.133431 -0.0256984 0)
(0.131073 -0.0248541 0)
(0.128957 -0.023979 0)
(0.127075 -0.0231302 0)
(0.125472 -0.0223684 0)
(0.124037 -0.0217323 0)
(0.123014 -0.0212763 0)
(0.121632 -0.0209911 0)
(0.100015 0.00147124 0)
(0.100573 0.0050907 0)
(0.10167 0.00948936 0)
(0.103268 0.0144136 0)
(0.105473 0.0197292 0)
(0.108313 0.025226 0)
(0.111855 0.0307422 0)
(0.116111 0.0360902 0)
(0.121092 0.0410806 0)
(0.126774 0.0455026 0)
(0.133114 0.0491387 0)
(0.14001 0.0517531 0)
(0.147326 0.0531487 0)
(0.154823 0.0531212 0)
(0.162235 0.0516302 0)
(0.169189 0.048685 0)
(0.17544 0.044496 0)
(0.180802 0.0392873 0)
(0.185107 0.0333935 0)
(0.188344 0.0270754 0)
(0.190525 0.0205968 0)
(0.191712 0.0141755 0)
(0.192093 0.0079225 0)
(0.191738 0.00234953 0)
(0.190536 -0.00296166 0)
(0.18871 -0.00775525 0)
(0.186442 -0.0119039 0)
(0.18382 -0.0153546 0)
(0.180963 -0.0180914 0)
(0.177963 -0.0201905 0)
(0.174884 -0.0217207 0)
(0.171767 -0.0228361 0)
(0.168604 -0.0236594 0)
(0.165389 -0.0243006 0)
(0.162105 -0.0248179 0)
(0.158757 -0.0252341 0)
(0.155366 -0.0255396 0)
(0.151971 -0.0257102 0)
(0.148619 -0.0257211 0)
(0.145357 -0.0255569 0)
(0.142229 -0.0252179 0)
(0.139272 -0.0247209 0)
(0.136514 -0.0241 0)
(0.133975 -0.0234 0)
(0.131679 -0.0226774 0)
(0.129619 -0.0219857 0)
(0.127852 -0.0213826 0)
(0.126264 -0.0208986 0)
(0.125132 -0.0205725 0)
(0.123624 -0.0203794 0)
(0.100002 0.00130236 0)
(0.100515 0.00457059 0)
(0.101588 0.00865465 0)
(0.103193 0.0132083 0)
(0.105487 0.0181218 0)
(0.108473 0.0231811 0)
(0.112211 0.0282456 0)
(0.116684 0.0331388 0)
(0.121886 0.0376855 0)
(0.127774 0.0416915 0)
(0.134284 0.0449618 0)
(0.141307 0.0472933 0)
(0.148697 0.0485137 0)
(0.156227 0.0484587 0)
(0.163632 0.0471653 0)
(0.170671 0.0445227 0)
(0.177064 0.0408161 0)
(0.182634 0.0361961 0)
(0.187233 0.0309397 0)
(0.190821 0.025273 0)
(0.193386 0.0194241 0)
(0.194978 0.0135676 0)
(0.195641 0.00784233 0)
(0.195623 0.00273502 0)
(0.194828 -0.00210577 0)
(0.193211 -0.0065311 0)
(0.191123 -0.0104134 0)
(0.188627 -0.0136589 0)
(0.185831 -0.0162606 0)
(0.182835 -0.0182705 0)
(0.179709 -0.0197511 0)
(0.176502 -0.0208284 0)
(0.173222 -0.0216155 0)
(0.169874 -0.0222161 0)
(0.166451 -0.0226924 0)
(0.162964 -0.023076 0)
(0.159433 -0.0233676 0)
(0.155894 -0.0235503 0)
(0.152393 -0.023602 0)
(0.148974 -0.0235065 0)
(0.145681 -0.0232611 0)
(0.142548 -0.0228779 0)
(0.139608 -0.022387 0)
(0.136879 -0.0218292 0)
(0.134389 -0.0212595 0)
(0.132135 -0.0207286 0)
(0.130184 -0.020293 0)
(0.128423 -0.0199753 0)
(0.127163 -0.0197982 0)
(0.12552 -0.0197148 0)
(0.0999814 0.00116215 0)
(0.100417 0.00407682 0)
(0.101447 0.00783379 0)
(0.10305 0.0119708 0)
(0.105452 0.0164382 0)
(0.108603 0.0210243 0)
(0.112553 0.0256162 0)
(0.117254 0.0300476 0)
(0.122681 0.0341559 0)
(0.128778 0.0377632 0)
(0.135468 0.0406889 0)
(0.142631 0.0427479 0)
(0.150108 0.0438229 0)
(0.157687 0.0438092 0)
(0.16518 0.0426166 0)
(0.172315 0.0403036 0)
(0.178849 0.0370329 0)
(0.184618 0.0329545 0)
(0.189482 0.0282964 0)
(0.193382 0.0232538 0)
(0.196286 0.0180238 0)
(0.19823 0.0127648 0)
(0.199189 0.00761351 0)
(0.199432 0.00279804 0)
(0.198987 -0.00138523 0)
(0.197615 -0.00542871 0)
(0.195693 -0.00901747 0)
(0.193325 -0.0120237 0)
(0.190598 -0.0144537 0)
(0.187618 -0.0163423 0)
(0.184459 -0.0177442 0)
(0.181181 -0.0187621 0)
(0.177802 -0.0194989 0)
(0.174337 -0.0200514 0)
(0.17079 -0.0204836 0)
(0.167175 -0.0208329 0)
(0.163511 -0.0211087 0)
(0.159836 -0.0212999 0)
(0.15619 -0.0213876 0)
(0.152617 -0.021355 0)
(0.149159 -0.0211969 0)
(0.145849 -0.0209212 0)
(0.142721 -0.0205546 0)
(0.139791 -0.0201343 0)
(0.137094 -0.0197153 0)
(0.134625 -0.019346 0)
(0.132466 -0.0190854 0)
(0.130502 -0.0189484 0)
(0.129093 -0.0189434 0)
(0.127297 -0.0189932 0)
(0.0999451 0.00106999 0)
(0.100252 0.00362491 0)
(0.101232 0.00703527 0)
(0.102835 0.0106925 0)
(0.105383 0.0146636 0)
(0.108727 0.0187419 0)
(0.112909 0.0228458 0)
(0.117842 0.0268141 0)
(0.123498 0.03049 0)
(0.129801 0.0337011 0)
(0.136665 0.036304 0)
(0.143964 0.0381628 0)
(0.15156 0.0391134 0)
(0.159264 0.0390595 0)
(0.166859 0.0380234 0)
(0.174105 0.036003 0)
(0.180792 0.0331417 0)
(0.186757 0.0295714 0)
(0.191865 0.0254821 0)
(0.196044 0.0210422 0)
(0.199251 0.0164208 0)
(0.201499 0.0117608 0)
(0.202777 0.00716062 0)
(0.203226 0.00281404 0)
(0.203023 -0.000898907 0)
(0.201953 -0.00446209 0)
(0.200171 -0.00771507 0)
(0.197933 -0.0104503 0)
(0.195275 -0.0126751 0)
(0.192318 -0.0144126 0)
(0.189138 -0.0157089 0)
(0.185801 -0.0166477 0)
(0.18234 -0.01732 0)
(0.178774 -0.0178158 0)
(0.175117 -0.0181994 0)
(0.171385 -0.0185114 0)
(0.1676 -0.0187678 0)
(0.163796 -0.018963 0)
(0.160013 -0.0190807 0)
(0.15629 -0.0191038 0)
(0.152668 -0.019025 0)
(0.14918 -0.0188484 0)
(0.145858 -0.0185981 0)
(0.142719 -0.0183075 0)
(0.139799 -0.0180333 0)
(0.137092 -0.0178223 0)
(0.134695 -0.0177415 0)
(0.132492 -0.0177986 0)
(0.130898 -0.017994 0)
(0.128924 -0.0182082 0)
(0.0998831 0.0010605 0)
(0.0999737 0.00322821 0)
(0.100918 0.00626285 0)
(0.102542 0.00935305 0)
(0.105303 0.0127735 0)
(0.108873 0.0163172 0)
(0.113304 0.0199269 0)
(0.118468 0.0234301 0)
(0.124336 0.0266834 0)
(0.130831 0.0295466 0)
(0.137874 0.0318464 0)
(0.145348 0.0334486 0)
(0.153098 0.034278 0)
(0.160933 0.0342513 0)
(0.16865 0.0333545 0)
(0.176033 0.0316122 0)
(0.182885 0.0291399 0)
(0.189047 0.0260529 0)
(0.194384 0.0225106 0)
(0.19882 0.0186573 0)
(0.2023 0.0146375 0)
(0.20482 0.010576 0)
(0.206388 0.00655468 0)
(0.207018 0.00267564 0)
(0.206997 -0.000581941 0)
(0.206228 -0.00360085 0)
(0.204574 -0.00649822 0)
(0.202457 -0.00893686 0)
(0.199867 -0.0109262 0)
(0.196935 -0.0124852 0)
(0.193739 -0.0136516 0)
(0.190354 -0.0144934 0)
(0.186823 -0.0150881 0)
(0.183171 -0.0155187 0)
(0.179418 -0.0158483 0)
(0.175584 -0.0161188 0)
(0.17169 -0.0163515 0)
(0.167769 -0.0165449 0)
(0.163856 -0.0166853 0)
(0.159991 -0.0167553 0)
(0.15621 -0.0167461 0)
(0.152544 -0.016658 0)
(0.149026 -0.0165131 0)
(0.145668 -0.0163407 0)
(0.142511 -0.0162012 0)
(0.13954 -0.0161397 0)
(0.13687 -0.016238 0)
(0.134377 -0.016499 0)
(0.13255 -0.0169285 0)
(0.130357 -0.01735 0)
(0.0997786 0.00119019 0)
(0.0994795 0.0029115 0)
(0.100462 0.00550025 0)
(0.102164 0.00790967 0)
(0.105248 0.0107329 0)
(0.109079 0.0137344 0)
(0.113759 0.0168561 0)
(0.11913 0.0199268 0)
(0.125193 0.0227717 0)
(0.131883 0.0252469 0)
(0.139115 0.0272435 0)
(0.146763 0.0286476 0)
(0.154674 0.0293712 0)
(0.162663 0.0293538 0)
(0.170533 0.0285953 0)
(0.17808 0.02712 0)
(0.185113 0.0250223 0)
(0.191474 0.0224017 0)
(0.197034 0.0193916 0)
(0.201706 0.016114 0)
(0.205434 0.0126915 0)
(0.208198 0.00922747 0)
(0.210012 0.00580174 0)
(0.210837 0.00249282 0)
(0.210951 -0.000456718 0)
(0.210404 -0.00286634 0)
(0.208901 -0.0053625 0)
(0.206889 -0.00747859 0)
(0.20436 -0.00920557 0)
(0.201452 -0.0105615 0)
(0.198244 -0.0115763 0)
(0.194818 -0.012305 0)
(0.191228 -0.0128112 0)
(0.187505 -0.0131693 0)
(0.183671 -0.0134393 0)
(0.179749 -0.0136639 0)
(0.175762 -0.013868 0)
(0.171738 -0.014053 0)
(0.16771 -0.0142075 0)
(0.163711 -0.0143138 0)
(0.159779 -0.0143625 0)
(0.155938 -0.0143497 0)
(0.152224 -0.0142965 0)
(0.14864 -0.0142267 0)
(0.145232 -0.0142066 0)
(0.14197 -0.0142773 0)
(0.13899 -0.0145462 0)
(0.136139 -0.0150122 0)
(0.134009 -0.0157137 0)
(0.131523 -0.0163995 0)
(0.0996107 0.00158321 0)
(0.0985064 0.00267674 0)
(0.0997826 0.00470439 0)
(0.101716 0.00628315 0)
(0.105282 0.0084934 0)
(0.109384 0.010984 0)
(0.114284 0.0136592 0)
(0.119829 0.0162879 0)
(0.126059 0.0187228 0)
(0.13292 0.0208449 0)
(0.140327 0.022545 0)
(0.148156 0.023735 0)
(0.156248 0.0243527 0)
(0.16442 0.0243496 0)
(0.172475 0.0237284 0)
(0.180212 0.0225131 0)
(0.187444 0.0207817 0)
(0.194013 0.018618 0)
(0.19979 0.0161323 0)
(0.204685 0.0134252 0)
(0.208635 0.0105996 0)
(0.211618 0.00773678 0)
(0.213631 0.00491426 0)
(0.214663 0.00215411 0)
(0.214884 -0.000350811 0)
(0.214459 -0.00225276 0)
(0.213116 -0.00430533 0)
(0.211194 -0.00606962 0)
(0.208719 -0.00750987 0)
(0.20583 -0.00864108 0)
(0.202612 -0.00948545 0)
(0.199149 -0.0100872 0)
(0.195508 -0.0104971 0)
(0.19173 -0.0107766 0)
(0.187833 -0.0109822 0)
(0.183842 -0.0111571 0)
(0.179781 -0.0113276 0)
(0.175673 -0.0114967 0)
(0.171547 -0.0116554 0)
(0.167431 -0.0117858 0)
(0.16336 -0.0118787 0)
(0.159353 -0.0119253 0)
(0.155445 -0.0119471 0)
(0.151632 -0.0119595 0)
(0.147966 -0.0120373 0)
(0.144384 -0.0122126 0)
(0.141054 -0.0126307 0)
(0.137753 -0.0132852 0)
(0.135222 -0.0142959 0)
(0.132292 -0.0153297 0)
(0.0994008 0.00239871 0)
(0.0962912 0.00254717 0)
(0.0987186 0.00364542 0)
(0.101298 0.00429529 0)
(0.105523 0.00600429 0)
(0.109831 0.0080873 0)
(0.114873 0.0103454 0)
(0.12051 0.0125673 0)
(0.126848 0.0145916 0)
(0.13385 0.0163383 0)
(0.141428 0.0177306 0)
(0.149449 0.0187034 0)
(0.157747 0.0192087 0)
(0.166134 0.019216 0)
(0.174407 0.0187297 0)
(0.182364 0.0177715 0)
(0.189817 0.0164043 0)
(0.196606 0.0146955 0)
(0.202598 0.0127342 0)
(0.207703 0.0105993 0)
(0.211852 0.00837552 0)
(0.215025 0.00612206 0)
(0.217203 0.00391304 0)
(0.218411 0.00173285 0)
(0.218705 -0.00031803 0)
(0.218358 -0.00171902 0)
(0.217142 -0.00331536 0)
(0.21529 -0.00470184 0)
(0.212857 -0.00583405 0)
(0.20998 -0.00672181 0)
(0.20675 -0.00738015 0)
(0.203256 -0.00784402 0)
(0.199574 -0.00815303 0)
(0.195755 -0.00835161 0)
(0.191818 -0.00848997 0)
(0.187784 -0.00861209 0)
(0.183677 -0.00874418 0)
(0.179513 -0.00888936 0)
(0.175316 -0.00904114 0)
(0.171105 -0.00918121 0)
(0.166915 -0.00930204 0)
(0.162754 -0.00938931 0)
(0.158666 -0.0094661 0)
(0.154622 -0.00953538 0)
(0.150699 -0.00968307 0)
(0.146765 -0.00992193 0)
(0.143057 -0.0104484 0)
(0.139176 -0.0112418 0)
(0.136122 -0.0125698 0)
(0.132443 -0.0140657 0)
(0.0985716 0.00622789 0)
(0.0897448 0.00287143 0)
(0.0970117 0.00257398 0)
(0.101269 0.0019635 0)
(0.106187 0.00336076 0)
(0.110438 0.00515067 0)
(0.11542 0.00702453 0)
(0.121016 0.00881826 0)
(0.127385 0.0103969 0)
(0.134497 0.0117385 0)
(0.142242 0.0127991 0)
(0.150466 0.0135404 0)
(0.158997 0.0139445 0)
(0.167641 0.0139611 0)
(0.176174 0.0136103 0)
(0.184387 0.0129106 0)
(0.192084 0.0119106 0)
(0.199105 0.0106605 0)
(0.205309 0.0092289 0)
(0.210609 0.00767205 0)
(0.214928 0.00605739 0)
(0.21826 0.00442085 0)
(0.220555 0.00283281 0)
(0.221908 0.00124622 0)
(0.22222 -0.000301314 0)
(0.221907 -0.00123357 0)
(0.220771 -0.00237074 0)
(0.218964 -0.00336205 0)
(0.216554 -0.00417076 0)
(0.21368 -0.00480168 0)
(0.210437 -0.0052637 0)
(0.206921 -0.00558326 0)
(0.20321 -0.0057914 0)
(0.199371 -0.00591362 0)
(0.195427 -0.00598773 0)
(0.19139 -0.00605771 0)
(0.187281 -0.00614912 0)
(0.183105 -0.00626302 0)
(0.178881 -0.00639569 0)
(0.174613 -0.00652867 0)
(0.170338 -0.00665786 0)
(0.166046 -0.00676278 0)
(0.161803 -0.00687 0)
(0.15753 -0.00696494 0)
(0.15337 -0.0071458 0)
(0.149042 -0.00739117 0)
(0.144966 -0.00795461 0)
(0.140305 -0.00878198 0)
(0.13661 -0.0103929 0)
(0.131434 -0.0124315 0)
(0.100896 0.000526112 0)
(0.067572 0.000608542 0)
(0.0958264 -0.00422542 0)
(0.102074 -0.00212765 0)
(0.107331 0.000444704 0)
(0.11093 0.00231195 0)
(0.115462 0.00386366 0)
(0.120838 0.00522616 0)
(0.127137 0.00632284 0)
(0.134323 0.00723081 0)
(0.142232 0.00793649 0)
(0.150682 0.00841802 0)
(0.159483 0.00863081 0)
(0.168419 0.00862878 0)
(0.177248 0.0083988 0)
(0.185747 0.00794762 0)
(0.193707 0.00730915 0)
(0.200962 0.00651492 0)
(0.207358 0.00561319 0)
(0.212825 0.00463565 0)
(0.217255 0.00363319 0)
(0.220699 0.00261838 0)
(0.223019 0.00165071 0)
(0.224491 0.000704042 0)
(0.224725 -0.000346346 0)
(0.224364 -0.000837471 0)
(0.223237 -0.00150674 0)
(0.221432 -0.00209575 0)
(0.219012 -0.00257402 0)
(0.216124 -0.00294149 0)
(0.21287 -0.00320207 0)
(0.20935 -0.00337303 0)
(0.205645 -0.00347906 0)
(0.201827 -0.00352975 0)
(0.197939 -0.00354392 0)
(0.193975 -0.00356155 0)
(0.189956 -0.00360723 0)
(0.185857 -0.00367948 0)
(0.181699 -0.00377922 0)
(0.17745 -0.00388654 0)
(0.173171 -0.0040054 0)
(0.16879 -0.00410416 0)
(0.164461 -0.004222 0)
(0.159953 -0.00430912 0)
(0.155641 -0.00449728 0)
(0.150819 -0.00467695 0)
(0.14653 -0.00521575 0)
(0.140675 -0.00587404 0)
(0.136524 -0.00759707 0)
(0.12777 -0.0102051 0)
(0.0916925 0.0536739 0)
(0.154036 -0.00182616 0)
(0.123931 -0.00717944 0)
(0.110279 -0.00472444 0)
(0.109567 -0.00127735 0)
(0.10973 0.00024311 0)
(0.11238 0.00130703 0)
(0.117095 0.00217979 0)
(0.122993 0.00274567 0)
(0.130053 0.00317784 0)
(0.137982 0.00350628 0)
(0.146584 0.00373616 0)
(0.155594 0.00385683 0)
(0.164728 0.00384646 0)
(0.17375 0.00373253 0)
(0.182422 0.00352051 0)
(0.1905 0.00323045 0)
(0.197836 0.00287338 0)
(0.204228 0.00247702 0)
(0.209676 0.00204827 0)
(0.213972 0.00162267 0)
(0.217346 0.00118347 0)
(0.219435 0.000808419 0)
(0.220853 0.000347938 0)
(0.220813 -4.8689e-07 0)
(0.220198 -0.000250401 0)
(0.21895 -0.000506179 0)
(0.217071 -0.00073629 0)
(0.214602 -0.000924434 0)
(0.211712 -0.00107052 0)
(0.208505 -0.00117432 0)
(0.20509 -0.00124157 0)
(0.201556 -0.00129231 0)
(0.197938 -0.00132249 0)
(0.194313 -0.00132431 0)
(0.190692 -0.00133162 0)
(0.187071 -0.00136078 0)
(0.183357 -0.00140528 0)
(0.179594 -0.00146988 0)
(0.175631 -0.00153706 0)
(0.171652 -0.00161998 0)
(0.167344 -0.00168281 0)
(0.163222 -0.00177218 0)
(0.15845 -0.00181544 0)
(0.154403 -0.00194831 0)
(0.148677 -0.00200663 0)
(0.145082 -0.00233422 0)
(0.136535 -0.00264862 0)
(0.134039 -0.00353239 0)
(0.116061 -0.00641361 0)
)
;

boundaryField
{
    floor
    {
        type            noSlip;
    }
    ceiling
    {
        type            noSlip;
    }
    inlet
    {
        type            fixedValue;
        value           uniform (0.1 0 0);
    }
    outlet
    {
        type            inletOutlet;
        inletValue      uniform (0 0 0);
        value           nonuniform List<vector> 
40
(
(0.0755129 -0.00928013 0)
(0.0678889 -0.0134051 0)
(0.0651975 -0.015763 0)
(0.0648327 -0.0175254 0)
(0.0655738 -0.0188099 0)
(0.0669398 -0.0198583 0)
(0.0687065 -0.0207479 0)
(0.0707474 -0.0215137 0)
(0.0729824 -0.0221744 0)
(0.0753562 -0.0227408 0)
(0.0778279 -0.0232204 0)
(0.0803664 -0.0236187 0)
(0.0829471 -0.0239399 0)
(0.0855503 -0.0241878 0)
(0.0881611 -0.0243676 0)
(0.0907697 -0.0244771 0)
(0.0933628 -0.0245263 0)
(0.0959338 -0.0245153 0)
(0.098477 -0.024447 0)
(0.100988 -0.024324 0)
(0.103464 -0.0241482 0)
(0.105901 -0.0239215 0)
(0.108298 -0.0236454 0)
(0.110651 -0.0233212 0)
(0.112958 -0.0229496 0)
(0.115215 -0.022531 0)
(0.117418 -0.0220655 0)
(0.11956 -0.0215525 0)
(0.121632 -0.0209911 0)
(0.123624 -0.0203794 0)
(0.12552 -0.0197148 0)
(0.127297 -0.0189932 0)
(0.128924 -0.0182082 0)
(0.130357 -0.01735 0)
(0.131523 -0.0163995 0)
(0.132292 -0.0153297 0)
(0.132443 -0.0140657 0)
(0.131434 -0.0124315 0)
(0.12777 -0.0102051 0)
(0.116061 -0.00641361 0)
)
;
    }
    fixedWalls
    {
        type            empty;
    }
    baffleFacesThermoBaffle1D_master
    {
        type            fixedValue;
        value           uniform (0 0 0);
    }
    baffleFacesThermoBaffle1D_slave
    {
        type            fixedValue;
        value           uniform (0 0 0);
    }
    baffleFacesThermoBaffle3D_master
    {
        type            fixedValue;
        value           uniform (0 0 0);
    }
    baffleFacesThermoBaffle3D_slave
    {
        type            fixedValue;
        value           uniform (0 0 0);
    }
}


// ************************************************************************* //
