/*--------------------------------*- C++ -*----------------------------------*\
| =========                 |                                                 |
| \\      /  F ield         | OpenFOAM: The Open Source CFD Toolbox           |
|  \\    /   O peration     | Version:  v1906                                 |
|   \\  /    A nd           | Web:      www.OpenFOAM.com                      |
|    \\/     M anipulation  |                                                 |
\*---------------------------------------------------------------------------*/
FoamFile
{
    version     2.0;
    format      ascii;
    class       volScalarField;
    location    "0.1";
    object      p;
}
// * * * * * * * * * * * * * * * * * * * * * * * * * * * * * * * * * * * * * //

dimensions      [0 2 -2 0 0 0 0];


internalField   nonuniform List<scalar> 
4800
(
-2.39385e-12
0.00124526
0.000826055
0.000637812
0.00150959
0.00114031
0.00132519
0.00190844
0.00184357
0.00182833
0.00242346
0.00265248
0.00262911
0.00290629
0.00354175
0.00391181
0.00410745
0.00457604
0.0051981
0.00591651
1.02801e-05
0.00123673
0.00085744
0.000641125
0.00151053
0.00113592
0.00132929
0.00190941
0.00184649
0.00182407
0.00242296
0.00264987
0.00263352
0.0029038
0.0035486
0.00391277
0.00409954
0.00454014
0.00508484
0.00561494
2.05323e-05
0.00123223
0.000877772
0.000640815
0.00151262
0.00113834
0.00133085
0.00190788
0.00184873
0.00182338
0.00242071
0.00265311
0.00263138
0.00290416
0.00354564
0.00391323
0.00407755
0.00446476
0.00494417
0.00538077
3.56937e-05
0.00122636
0.000904141
0.00064204
0.00151723
0.00113969
0.00133132
0.00190933
0.00185061
0.00182416
0.00241079
0.00266341
0.00262259
0.00291376
0.00351992
0.00390552
0.0040398
0.00436328
0.00480628
0.00519001
5.19872e-05
0.00121895
0.00090973
0.000642268
0.00152195
0.00114348
0.00133048
0.00191037
0.0018498
0.0018284
0.00239835
0.00267618
0.00261068
0.00291547
0.00350992
0.00387635
0.00398989
0.00426179
0.00467191
0.00500487
7.08733e-05
0.00120985
0.000934584
0.000643817
0.00152604
0.00114821
0.0013264
0.00191584
0.00184521
0.00183484
0.00238088
0.00268983
0.00260305
0.0029052
0.00350842
0.00382848
0.00392327
0.00416085
0.00453125
0.00482627
9.18118e-05
0.00119844
0.000961876
0.000644939
0.00152856
0.00115656
0.00131934
0.00192394
0.00183589
0.00184362
0.00236368
0.00269647
0.00260354
0.00287787
0.00350377
0.0037858
0.00383618
0.00405063
0.00439846
0.00466345
0.000115078
0.00118523
0.000989387
0.000646977
0.00152981
0.00116787
0.00130737
0.0019358
0.00182441
0.00185087
0.00235011
0.00268962
0.00261229
0.00284232
0.00347658
0.00375013
0.0037369
0.00392442
0.00427125
0.00451011
0.000141207
0.00116935
0.0010181
0.000650823
0.0015274
0.00118416
0.00129113
0.00194999
0.00181172
0.00185161
0.00234547
0.00266874
0.00262256
0.00280987
0.00341943
0.00371367
0.00364907
0.00378463
0.00413411
0.00436586
0.000170078
0.00115104
0.00104752
0.000656158
0.00152136
0.0012068
0.00126925
0.00196398
0.00180415
0.00184225
0.00234972
0.00263649
0.00262225
0.00278832
0.00333666
0.00365376
0.00357475
0.0036449
0.00398029
0.00422586
0.000202047
0.00113026
0.00107655
0.000664863
0.00151035
0.00123509
0.00124352
0.00197554
0.00180465
0.00181886
0.00235882
0.00260792
0.00260095
0.00277493
0.00325343
0.00356455
0.00350222
0.00352458
0.00382019
0.00407243
0.000237165
0.00110714
0.00110478
0.000677494
0.00149289
0.00127026
0.00121566
0.00197907
0.00181869
0.00178276
0.00236443
0.00259167
0.00255388
0.00275876
0.00319074
0.0034543
0.00340722
0.00341815
0.00367206
0.00390975
0.00027543
0.00108218
0.00113105
0.000694935
0.00146895
0.00131059
0.00118845
0.00197303
0.00184732
0.00173798
0.00235471
0.00259583
0.00249162
0.00271379
0.00314474
0.00334771
0.00328617
0.00330603
0.00354258
0.00375421
0.000316782
0.00105588
0.00115423
0.00071828
0.00143821
0.00135394
0.00116646
0.00194865
0.00188848
0.00169372
0.0023203
0.0026121
0.00243381
0.00263204
0.00309955
0.0032687
0.00315128
0.0031642
0.00341654
0.00362335
0.000360966
0.00102907
0.0011732
0.000747837
0.00140129
0.00139734
0.00115407
0.00190575
0.00193582
0.00166153
0.00225616
0.00263083
0.00240061
0.00251727
0.00302403
0.0032136
0.00303116
0.00299603
0.003265
0.00350609
0.000407612
0.00100275
0.00118689
0.00078356
0.00135964
0.00143673
0.00115474
0.00184458
0.00197961
0.00165032
0.00216421
0.00263208
0.0023962
0.00238988
0.00290194
0.00316583
0.00295063
0.00282248
0.0030708
0.00337303
0.000456179
0.000978009
0.00119452
0.000824732
0.00131548
0.001468
0.00116975
0.00176818
0.00201013
0.00166327
0.00205529
0.00259848
0.00241604
0.00228247
0.00273896
0.00309197
0.00290427
0.00267737
0.00284997
0.00319132
0.000505991
0.000955957
0.00119566
0.000869919
0.00127194
0.0014877
0.00119835
0.00168581
0.002019
0.00169722
0.001948
0.00252348
0.00244088
0.00221268
0.00255136
0.00296826
0.0028708
0.00258134
0.00263374
0.00295865
0.000556257
0.000937603
0.00119041
0.00091707
0.00123225
0.00149379
0.00123795
0.00161161
0.00200129
0.00174265
0.00185882
0.00241
0.00244536
0.00217899
0.00237099
0.00279684
0.00281545
0.00252406
0.00245686
0.00270491
0.00060612
0.000923888
0.00117938
0.00096368
0.00119921
0.00148586
0.00128323
0.00154694
0.00195617
0.00178627
0.00179597
0.00227023
0.00241208
0.00217019
0.00222411
0.00259476
0.00271498
0.00248193
0.00232988
0.00246758
0.00065473
0.000915002
0.00116371
0.00100704
0.00117483
0.0014654
0.00132782
0.00149621
0.00188832
0.00181414
0.00175802
0.00212561
0.00233781
0.00216353
0.00211709
0.00238857
0.00256814
0.00242444
0.0022384
0.00227245
0.000701251
0.000911155
0.00114494
0.00104476
0.00115948
0.00143537
0.00136227
0.00145998
0.00180681
0.00181757
0.00173836
0.00199382
0.00222949
0.00213668
0.00204076
0.00220386
0.00239003
0.00233327
0.00216119
0.00211934
0.000744919
0.000912039
0.00112484
0.00107511
0.00115162
0.00139932
0.00138455
0.00144071
0.00172237
0.0017948
0.00172453
0.00188236
0.00210019
0.00207943
0.00197933
0.0020511
0.00220233
0.00220684
0.00207672
0.00199542
0.000785125
0.000916964
0.00110507
0.00109701
0.00115139
0.00136108
0.0013918
0.00142528
0.00164262
0.0017487
0.00170457
0.0017904
0.00196583
0.00199362
0.0019151
0.00192526
0.00202458
0.00205647
0.00197346
0.00188453
0.00082143
0.000924966
0.00108691
0.00111016
0.00115259
0.0013239
0.00138446
0.0014112
0.00157083
0.00168536
0.00167114
0.00171224
0.00183782
0.00188732
0.00183758
0.0018161
0.00186547
0.0018977
0.00185105
0.00177335
0.000853578
0.000934882
0.00107114
0.00111526
0.00115336
0.00128945
0.00136477
0.00139343
0.00150677
0.00161236
0.00162234
0.0016406
0.00172077
0.00177048
0.00174476
0.00171292
0.00172474
0.00174287
0.00171624
0.00165532
0.00088145
0.00094553
0.00105799
0.00111362
0.00115158
0.00125778
0.00133578
0.00136906
0.00144841
0.00153591
0.00155999
0.00156889
0.00161397
0.00165178
0.0016402
0.00160897
0.0015978
0.00159813
0.00157763
0.00153057
0.000905027
0.000955836
0.00104716
0.00110671
0.00114584
0.00122807
0.00130062
0.00133716
0.00139294
0.00145961
0.00148774
0.00149338
0.00151439
0.00153634
0.0015295
0.00150194
0.00147902
0.00146443
0.00144208
0.00140315
0.000924405
0.000964962
0.00103805
0.00109587
0.00113544
0.00119911
0.00126161
0.00129805
0.00133781
0.0013849
0.00140975
0.00141339
0.00141911
0.00142621
0.00141771
0.00139268
0.00136467
0.00134018
0.00131331
0.00127763
0.000939472
0.00097196
0.00102975
0.00108209
0.00112025
0.00116965
0.00122024
0.0012531
0.0012814
0.00131195
0.00132944
0.00133007
0.00132615
0.00132145
0.0013082
0.00128349
0.00125342
0.00122337
0.00119241
0.00115728
0.000950577
0.000976327
0.00102133
0.00106604
0.0011007
0.00113878
0.00117736
0.00120401
0.00122315
0.00124039
0.00124907
0.00124531
0.00123478
0.00122146
0.00120282
0.00117673
0.00114558
0.00111278
0.00107919
0.00104374
0.000957662
0.000977726
0.00101203
0.00104815
0.00107751
0.00110603
0.00113342
0.00115234
0.00116334
0.00116995
0.00116997
0.00116098
0.00114531
0.00112583
0.00110243
0.00107423
0.00104213
0.0010081
0.000973245
0.00093761
0.000960946
0.000976053
0.00100127
0.00102866
0.00105147
0.00107143
0.00108874
0.00109943
0.0011028
0.00110074
0.00109305
0.00107868
0.00105859
0.00103461
0.00100746
0.000977129
0.000944137
0.000909585
0.000874404
0.000839008
0.000960602
0.000971336
0.000988756
0.00100775
0.00102339
0.00103539
0.00104371
0.00104636
0.00104257
0.00103329
0.00101902
0.000999604
0.000975616
0.000948219
0.000918265
0.000886178
0.000852433
0.000817732
0.000782757
0.000747965
0.000956924
0.000963785
0.000974449
0.000985675
0.000994063
0.000998568
0.00099891
0.000994119
0.00098374
0.000968344
0.000948566
0.000924733
0.000897369
0.000867298
0.000835293
0.000801916
0.000767656
0.000733033
0.000698545
0.000664578
0.000950348
0.000953795
0.000958603
0.000962836
0.00096428
0.000961843
0.00095513
0.0009437
0.000927438
0.000906818
0.00088247
0.000854923
0.000824732
0.000792558
0.000759061
0.000724804
0.000690266
0.000655878
0.000622018
0.000588982
0.000941491
0.000941966
0.000941744
0.00093984
0.000934942
0.000926237
0.000913389
0.000896229
0.000874858
0.000849772
0.000821613
0.000790991
0.000758478
0.000724651
0.000690067
0.00065523
0.00062057
0.00058646
0.00055321
0.000521064
0.000931203
0.000929184
0.000924749
0.00091764
0.000907229
0.000893095
0.000875096
0.000853232
0.000827699
0.000798979
0.000767727
0.000734603
0.000700201
0.000665059
0.000629668
0.000594464
0.000559812
0.000525995
0.000493232
0.000461688
0.000920168
0.000916272
0.000908676
0.000897633
0.000883014
0.000864767
0.000842928
0.000817571
0.000788934
0.000757527
0.000724031
0.000689123
0.000653395
0.000617352
0.000581443
0.000546061
0.000511531
0.000478105
0.000445962
0.000415224
0.000908032
0.000901515
0.000890217
0.000874826
0.000855752
0.000833333
0.000807685
0.000778824
0.000746989
0.000712756
0.000676866
0.000640007
0.000602732
0.000565493
0.000528681
0.000492639
0.000457656
0.000423951
0.000391684
0.000360955
0.00673905
0.0065752
0.00580393
0.00523843
0.00484512
0.00421989
0.00349799
0.00300911
0.00264584
0.00232373
0.00204882
0.00173817
0.00146837
0.0011757
0.000677486
0.000163698
-0.000297474
-0.000998435
-0.0018238
-0.00244802
-0.00319423
-0.0044138
-0.00550463
-0.0055951
-0.00473211
-0.00368087
-0.00298618
-0.00265986
-0.0024827
-0.00233245
-0.00219798
-0.00208123
-0.00198146
-0.00189961
-0.00183884
-0.00179975
-0.0017788
-0.00177084
-0.00177137
-0.00177721
-0.00178681
-0.0017988
-0.00181296
-0.0018293
-0.00184773
-0.00186818
-0.00189057
-0.00191482
-0.00194086
-0.00196858
-0.00199791
-0.00202876
-0.00206106
-0.00209474
-0.00212974
-0.00216601
-0.00220351
-0.0022422
-0.00228203
-0.00232299
-0.00236503
-0.00240815
-0.00245233
-0.00249755
-0.0025438
-0.00259107
-0.00263936
-0.00268866
-0.00273899
-0.00279035
-0.00284272
-0.00289613
-0.00295057
-0.00300607
-0.00306262
-0.00312024
-0.00317894
-0.00323875
-0.00329964
-0.0033617
-0.00342483
-0.00348925
-0.00355463
-0.0036216
-0.0036891
-0.00375894
-0.00382829
-0.00390144
-0.00397237
-0.00404883
-0.00412202
-0.00419983
-0.00427802
-0.00435256
-0.00443716
-0.00450589
-0.00458374
-0.00464975
-0.00468703
-0.00471771
0.00609823
0.00616873
0.00569644
0.00522129
0.00482634
0.0041841
0.00345532
0.00297589
0.00262166
0.00229932
0.00202168
0.00171189
0.00144796
0.0011587
0.000659367
0.000149329
-0.000305968
-0.00100738
-0.00182835
-0.00243364
-0.00315459
-0.00436098
-0.00545518
-0.00555547
-0.00470003
-0.00366306
-0.00297994
-0.00265687
-0.00247996
-0.00233042
-0.0021975
-0.00208176
-0.00198252
-0.00190072
-0.00183969
-0.00180018
-0.00177886
-0.00177069
-0.00177116
-0.00177702
-0.00178668
-0.00179872
-0.00181291
-0.00182928
-0.00184772
-0.00186817
-0.00189056
-0.00191482
-0.00194085
-0.00196858
-0.00199791
-0.00202876
-0.00206106
-0.00209474
-0.00212974
-0.00216601
-0.00220351
-0.0022422
-0.00228203
-0.00232299
-0.00236503
-0.00240815
-0.00245233
-0.00249755
-0.0025438
-0.00259107
-0.00263936
-0.00268866
-0.00273899
-0.00279035
-0.00284272
-0.00289613
-0.00295057
-0.00300607
-0.00306262
-0.00312024
-0.00317894
-0.00323875
-0.00329964
-0.0033617
-0.00342483
-0.00348925
-0.00355463
-0.0036216
-0.0036891
-0.00375894
-0.00382828
-0.00390144
-0.00397237
-0.00404883
-0.00412202
-0.00419984
-0.00427803
-0.00435255
-0.00443717
-0.00450591
-0.00458375
-0.00464979
-0.00468715
-0.00471777
0.00577856
0.00591603
0.00563334
0.00525627
0.0048568
0.0041815
0.00342381
0.00294437
0.00261121
0.00228046
0.00198334
0.00168395
0.00142787
0.00113293
0.000640851
0.000136025
-0.000323988
-0.00101577
-0.00181589
-0.00240445
-0.0030895
-0.00422096
-0.00524602
-0.00534578
-0.00455556
-0.00359695
-0.00297193
-0.00266157
-0.00248669
-0.00233388
-0.00219931
-0.00208321
-0.00198412
-0.00190255
-0.00184169
-0.00180219
-0.00178068
-0.00177214
-0.0017722
-0.00177768
-0.00178706
-0.00179891
-0.001813
-0.00182931
-0.00184772
-0.00186816
-0.00189055
-0.0019148
-0.00194084
-0.00196857
-0.0019979
-0.00202875
-0.00206105
-0.00209473
-0.00212973
-0.002166
-0.0022035
-0.00224219
-0.00228203
-0.00232298
-0.00236503
-0.00240815
-0.00245233
-0.00249755
-0.0025438
-0.00259107
-0.00263936
-0.00268866
-0.00273899
-0.00279035
-0.00284272
-0.00289613
-0.00295057
-0.00300607
-0.00306262
-0.00312024
-0.00317894
-0.00323875
-0.00329964
-0.0033617
-0.00342483
-0.00348925
-0.00355463
-0.0036216
-0.0036891
-0.00375894
-0.00382828
-0.00390144
-0.00397237
-0.00404883
-0.00412202
-0.00419984
-0.00427803
-0.00435258
-0.00443717
-0.00450596
-0.00458378
-0.00464981
-0.00468748
-0.00471794
0.00550925
0.00564778
0.00546729
0.00518935
0.00483256
0.00416126
0.00338476
0.00290417
0.00258249
0.00223732
0.00193226
0.00164914
0.00139547
0.00110055
0.000620138
0.000113039
-0.000347468
-0.00101513
-0.00179563
-0.00237596
-0.00301292
-0.00404922
-0.00501497
-0.00514788
-0.00445634
-0.00357589
-0.00297649
-0.00266748
-0.00248813
-0.00233201
-0.00219687
-0.00208213
-0.00198502
-0.0019051
-0.00184507
-0.00180553
-0.0017834
-0.00177406
-0.0017734
-0.00177834
-0.00178741
-0.00179906
-0.00181303
-0.0018293
-0.0018477
-0.00186813
-0.00189051
-0.00191477
-0.00194081
-0.00196854
-0.00199787
-0.00202873
-0.00206103
-0.00209472
-0.00212972
-0.00216599
-0.00220349
-0.00224218
-0.00228202
-0.00232298
-0.00236502
-0.00240814
-0.00245232
-0.00249754
-0.0025438
-0.00259107
-0.00263935
-0.00268866
-0.00273899
-0.00279035
-0.00284272
-0.00289613
-0.00295057
-0.00300606
-0.00306262
-0.00312024
-0.00317894
-0.00323875
-0.00329964
-0.0033617
-0.00342483
-0.00348925
-0.00355463
-0.0036216
-0.0036891
-0.00375894
-0.00382828
-0.00390144
-0.00397237
-0.00404883
-0.00412202
-0.00419985
-0.00427803
-0.00435259
-0.00443718
-0.00450602
-0.00458384
-0.00464985
-0.00468784
-0.00471815
0.00525557
0.00538185
0.00527563
0.00508474
0.00478892
0.00414426
0.00336156
0.00286789
0.00254622
0.00219555
0.00188364
0.00160846
0.00136502
0.00107629
0.000598616
8.98943e-05
-0.000359487
-0.00100549
-0.00177523
-0.00233854
-0.002914
-0.0038659
-0.00479025
-0.00495043
-0.00431671
-0.00349417
-0.00294186
-0.00265825
-0.00247827
-0.00232636
-0.00219287
-0.00208016
-0.00198505
-0.00190664
-0.00184738
-0.00180793
-0.00178544
-0.00177556
-0.00177438
-0.00177888
-0.00178768
-0.00179915
-0.00181303
-0.00182927
-0.00184765
-0.00186807
-0.00189046
-0.00191472
-0.00194077
-0.0019685
-0.00199784
-0.0020287
-0.00206101
-0.00209469
-0.0021297
-0.00216597
-0.00220348
-0.00224217
-0.00228201
-0.00232297
-0.00236501
-0.00240813
-0.00245232
-0.00249754
-0.00254379
-0.00259106
-0.00263935
-0.00268866
-0.00273899
-0.00279034
-0.00284272
-0.00289613
-0.00295057
-0.00300606
-0.00306262
-0.00312024
-0.00317894
-0.00323875
-0.00329964
-0.0033617
-0.00342483
-0.00348925
-0.00355463
-0.0036216
-0.0036891
-0.00375894
-0.00382828
-0.00390144
-0.00397237
-0.00404884
-0.00412202
-0.00419985
-0.00427803
-0.00435262
-0.00443719
-0.00450609
-0.00458392
-0.0046499
-0.0046882
-0.00471839
0.0050245
0.00513344
0.00507787
0.00495044
0.00471138
0.00411305
0.00334461
0.00283972
0.00252076
0.00216109
0.00182673
0.00156002
0.00133585
0.00104883
0.000575348
7.66278e-05
-0.000366915
-0.00100133
-0.00175018
-0.00228376
-0.00280884
-0.00369663
-0.00457272
-0.00473728
-0.00417
-0.00343701
-0.00293606
-0.0026609
-0.00247858
-0.00232255
-0.00218975
-0.00207881
-0.00198582
-0.00190918
-0.00185092
-0.00181162
-0.00178863
-0.00177797
-0.001776
-0.00177982
-0.00178822
-0.00179936
-0.00181305
-0.00182922
-0.00184757
-0.00186798
-0.00189037
-0.00191464
-0.0019407
-0.00196844
-0.00199778
-0.00202865
-0.00206096
-0.00209466
-0.00212967
-0.00216595
-0.00220345
-0.00224215
-0.00228199
-0.00232295
-0.002365
-0.00240812
-0.00245231
-0.00249753
-0.00254378
-0.00259106
-0.00263935
-0.00268865
-0.00273899
-0.00279034
-0.00284272
-0.00289613
-0.00295057
-0.00300606
-0.00306262
-0.00312024
-0.00317894
-0.00323875
-0.00329964
-0.0033617
-0.00342483
-0.00348925
-0.00355463
-0.0036216
-0.0036891
-0.00375894
-0.00382828
-0.00390145
-0.00397237
-0.00404884
-0.00412202
-0.00419986
-0.00427804
-0.00435265
-0.00443721
-0.00450616
-0.00458402
-0.00464996
-0.00468858
-0.00471866
0.00480988
0.00489066
0.00486832
0.00479268
0.00460895
0.00406784
0.00332708
0.00282437
0.00250208
0.00211643
0.00176313
0.00151168
0.00129765
0.00101511
0.000562751
6.8841e-05
-0.000384252
-0.000996549
-0.00170771
-0.00222252
-0.00271981
-0.00353488
-0.00434054
-0.00451551
-0.00403107
-0.00337223
-0.00290371
-0.00264149
-0.00246459
-0.00231129
-0.00218326
-0.00207497
-0.00198435
-0.0019095
-0.00185224
-0.0018132
-0.00179
-0.00177892
-0.00177656
-0.00177999
-0.00178824
-0.00179902
-0.00181295
-0.00182909
-0.00184743
-0.00186785
-0.00189025
-0.00191453
-0.0019406
-0.00196835
-0.00199771
-0.00202858
-0.00206091
-0.00209461
-0.00212962
-0.00216591
-0.00220342
-0.00224212
-0.00228197
-0.00232293
-0.00236498
-0.00240811
-0.00245229
-0.00249752
-0.00254378
-0.00259105
-0.00263934
-0.00268865
-0.00273898
-0.00279034
-0.00284271
-0.00289612
-0.00295057
-0.00300606
-0.00306261
-0.00312024
-0.00317894
-0.00323874
-0.00329964
-0.0033617
-0.00342483
-0.00348925
-0.00355463
-0.0036216
-0.0036891
-0.00375895
-0.00382828
-0.00390145
-0.00397237
-0.00404884
-0.00412203
-0.00419987
-0.00427804
-0.00435269
-0.00443723
-0.00450624
-0.00458415
-0.00465003
-0.00468895
-0.00471895
0.00460525
0.00465769
0.00465796
0.00462384
0.00449034
0.00400337
0.00329441
0.00280464
0.00248085
0.00207579
0.00170722
0.00145753
0.00124733
0.000982208
0.000553906
5.56546e-05
-0.000400708
-0.000976743
-0.00165784
-0.00217405
-0.00263582
-0.00335622
-0.00409924
-0.00430281
-0.00388959
-0.00329313
-0.00286769
-0.0026281
-0.00245822
-0.00230919
-0.00217735
-0.00207141
-0.00198341
-0.00191076
-0.00185492
-0.00181639
-0.00179297
-0.00178128
-0.00177823
-0.00178095
-0.00178886
-0.00179919
-0.00181288
-0.00182894
-0.00184726
-0.00186768
-0.00189009
-0.00191438
-0.00194047
-0.00196823
-0.00199761
-0.0020285
-0.00206083
-0.00209454
-0.00212956
-0.00216586
-0.00220338
-0.00224208
-0.00228194
-0.0023229
-0.00236496
-0.00240809
-0.00245228
-0.00249751
-0.00254376
-0.00259104
-0.00263933
-0.00268864
-0.00273898
-0.00279033
-0.00284271
-0.00289612
-0.00295057
-0.00300606
-0.00306261
-0.00312024
-0.00317894
-0.00323874
-0.00329964
-0.0033617
-0.00342483
-0.00348925
-0.00355463
-0.0036216
-0.0036891
-0.00375895
-0.00382829
-0.00390145
-0.00397237
-0.00404885
-0.00412203
-0.00419989
-0.00427805
-0.00435273
-0.00443727
-0.00450632
-0.00458431
-0.00465011
-0.00468932
-0.00471928
0.00441734
0.0044387
0.00445333
0.004442
0.00434285
0.00391758
0.00324949
0.00277379
0.00246614
0.00204951
0.00164746
0.00139472
0.001198
0.000943848
0.000534358
4.84689e-05
-0.000399295
-0.000953385
-0.0016207
-0.00212512
-0.00253108
-0.00317002
-0.00387112
-0.00409289
-0.00373829
-0.00320964
-0.00283008
-0.0026078
-0.00244191
-0.00229539
-0.00216842
-0.00206595
-0.00198078
-0.00191019
-0.00185551
-0.00181737
-0.00179384
-0.00178181
-0.00177846
-0.00178074
-0.00178754
-0.00179896
-0.00181261
-0.00182867
-0.00184699
-0.00186743
-0.00188987
-0.00191419
-0.00194029
-0.00196808
-0.00199747
-0.00202838
-0.00206073
-0.00209445
-0.00212949
-0.00216579
-0.00220332
-0.00224204
-0.00228189
-0.00232287
-0.00236493
-0.00240806
-0.00245226
-0.00249749
-0.00254375
-0.00259103
-0.00263932
-0.00268863
-0.00273897
-0.00279033
-0.00284271
-0.00289611
-0.00295056
-0.00300606
-0.00306261
-0.00312024
-0.00317894
-0.00323874
-0.00329964
-0.0033617
-0.00342483
-0.00348925
-0.00355463
-0.0036216
-0.0036891
-0.00375895
-0.00382829
-0.00390145
-0.00397238
-0.00404885
-0.00412204
-0.0041999
-0.00427806
-0.00435277
-0.00443732
-0.00450641
-0.00458449
-0.0046502
-0.00468969
-0.00471963
0.00424404
0.00422869
0.00425314
0.00425159
0.0041723
0.00381734
0.00319647
0.00273011
0.00244637
0.00202495
0.00158906
0.00133877
0.00115067
0.000890002
0.000507964
5.81969e-05
-0.000389891
-0.000943287
-0.00158084
-0.00205112
-0.00242055
-0.00300145
-0.00364823
-0.00387515
-0.00358439
-0.00312433
-0.00278387
-0.00257886
-0.00242272
-0.00228191
-0.00215875
-0.00205917
-0.00197707
-0.0019091
-0.00185629
-0.00181914
-0.00179582
-0.00178353
-0.00177977
-0.00178148
-0.00178827
-0.00179891
-0.00181237
-0.00182837
-0.00184667
-0.00186713
-0.00188959
-0.00191394
-0.00194007
-0.00196789
-0.0019973
-0.00202823
-0.0020606
-0.00209434
-0.00212939
-0.00216571
-0.00220325
-0.00224198
-0.00228184
-0.00232282
-0.00236489
-0.00240803
-0.00245223
-0.00249747
-0.00254373
-0.00259101
-0.00263931
-0.00268862
-0.00273896
-0.00279032
-0.0028427
-0.00289611
-0.00295056
-0.00300605
-0.00306261
-0.00312023
-0.00317894
-0.00323874
-0.00329964
-0.0033617
-0.00342483
-0.00348925
-0.00355463
-0.0036216
-0.0036891
-0.00375895
-0.00382829
-0.00390145
-0.00397238
-0.00404886
-0.00412204
-0.00419992
-0.00427808
-0.00435282
-0.00443738
-0.00450651
-0.0045847
-0.00465031
-0.00469006
-0.00472001
0.00408083
0.0040272
0.00405378
0.00407086
0.00399238
0.00368678
0.00313037
0.00267812
0.00241013
0.00200479
0.00154809
0.00128512
0.0010935
0.000830979
0.000484209
6.68069e-05
-0.000386868
-0.000922795
-0.00151715
-0.00197596
-0.0023283
-0.00283572
-0.00341655
-0.00365768
-0.00343322
-0.00303301
-0.00272918
-0.00254513
-0.00240029
-0.00226448
-0.00214592
-0.00205079
-0.00197235
-0.00190707
-0.00185589
-0.00181944
-0.00179619
-0.00178365
-0.0017797
-0.00178098
-0.00178786
-0.00179842
-0.00181188
-0.00182789
-0.00184623
-0.00186672
-0.00188923
-0.00191362
-0.00193979
-0.00196764
-0.00199709
-0.00202805
-0.00206044
-0.0020942
-0.00212927
-0.00216561
-0.00220316
-0.0022419
-0.00228178
-0.00232277
-0.00236485
-0.00240799
-0.00245219
-0.00249744
-0.0025437
-0.00259099
-0.00263929
-0.00268861
-0.00273895
-0.00279031
-0.00284269
-0.0028961
-0.00295055
-0.00300605
-0.0030626
-0.00312023
-0.00317893
-0.00323874
-0.00329964
-0.00336169
-0.00342483
-0.00348925
-0.00355463
-0.0036216
-0.0036891
-0.00375895
-0.00382829
-0.00390146
-0.00397238
-0.00404886
-0.00412205
-0.00419994
-0.0042781
-0.00435287
-0.00443746
-0.00450661
-0.00458494
-0.00465044
-0.00469041
-0.00472042
0.00391341
0.00383028
0.00385532
0.0039007
0.00381092
0.00352601
0.00304608
0.00262438
0.00236325
0.00198263
0.00151481
0.00122769
0.00103856
0.000783646
0.000448773
5.59234e-05
-0.000368192
-0.000874362
-0.00145743
-0.00191708
-0.00223193
-0.00265936
-0.00318955
-0.00344881
-0.00328065
-0.00293426
-0.00266762
-0.00250536
-0.00237249
-0.00224362
-0.0021309
-0.00204036
-0.00196569
-0.00190332
-0.0018543
-0.00181922
-0.00179661
-0.00178418
-0.00178019
-0.00178175
-0.00178776
-0.00179801
-0.00181136
-0.00182734
-0.0018457
-0.00186623
-0.00188878
-0.00191322
-0.00193944
-0.00196733
-0.00199682
-0.00202781
-0.00206024
-0.00209403
-0.00212912
-0.00216548
-0.00220305
-0.0022418
-0.00228169
-0.0023227
-0.00236479
-0.00240794
-0.00245215
-0.0024974
-0.00254367
-0.00259096
-0.00263927
-0.00268859
-0.00273893
-0.0027903
-0.00284268
-0.00289609
-0.00295054
-0.00300604
-0.0030626
-0.00312023
-0.00317893
-0.00323874
-0.00329964
-0.00336169
-0.00342483
-0.00348925
-0.00355463
-0.0036216
-0.0036891
-0.00375895
-0.00382829
-0.00390146
-0.00397239
-0.00404887
-0.00412206
-0.00419996
-0.00427813
-0.00435292
-0.00443755
-0.00450672
-0.0045852
-0.0046506
-0.00469076
-0.00472086
0.00373909
0.00363525
0.00365161
0.00372457
0.00364622
0.00335833
0.00292868
0.00256107
0.00231545
0.00194819
0.0014799
0.00118146
0.00099465
0.000731097
0.00039821
4.84903e-05
-0.000335766
-0.000828979
-0.00140144
-0.00184523
-0.00212694
-0.00249359
-0.00297342
-0.00323966
-0.00312332
-0.00283105
-0.00260036
-0.00245936
-0.00233977
-0.00221928
-0.00211291
-0.00202762
-0.00195741
-0.00189851
-0.00185184
-0.00181806
-0.00179596
-0.00178355
-0.00177826
-0.0017807
-0.00178692
-0.00179718
-0.00181054
-0.00182658
-0.001845
-0.00186559
-0.00188821
-0.00191272
-0.001939
-0.00196695
-0.00199649
-0.00202753
-0.00205999
-0.00209381
-0.00212894
-0.00216532
-0.00220292
-0.00224169
-0.00228159
-0.00232261
-0.00236471
-0.00240788
-0.0024521
-0.00249736
-0.00254364
-0.00259093
-0.00263924
-0.00268857
-0.00273891
-0.00279028
-0.00284267
-0.00289608
-0.00295054
-0.00300604
-0.00306259
-0.00312022
-0.00317893
-0.00323873
-0.00329963
-0.00336169
-0.00342483
-0.00348925
-0.00355463
-0.0036216
-0.0036891
-0.00375895
-0.0038283
-0.00390146
-0.00397239
-0.00404888
-0.00412207
-0.00419998
-0.00427816
-0.00435298
-0.00443766
-0.00450684
-0.00458548
-0.00465077
-0.0046911
-0.00472132
0.00357703
0.00343543
0.00343401
0.00353706
0.00349726
0.00320231
0.00278108
0.00247178
0.00227059
0.00190955
0.00144044
0.00114401
0.000949876
0.000676079
0.000360357
4.03504e-05
-0.00032412
-0.000782408
-0.00131836
-0.00176242
-0.00203633
-0.00233898
-0.00275588
-0.00302875
-0.00296786
-0.00272686
-0.00252717
-0.00240619
-0.00230143
-0.00219109
-0.00209193
-0.00201235
-0.00194696
-0.00189177
-0.0018477
-0.00181564
-0.00179451
-0.00178264
-0.00177791
-0.00177986
-0.00178606
-0.00179622
-0.00180958
-0.00182565
-0.00184414
-0.00186482
-0.00188752
-0.00191211
-0.00193847
-0.00196649
-0.00199608
-0.00202717
-0.00205968
-0.00209355
-0.00212871
-0.00216512
-0.00220275
-0.00224154
-0.00228147
-0.00232251
-0.00236462
-0.0024078
-0.00245204
-0.0024973
-0.00254359
-0.00259089
-0.00263921
-0.00268854
-0.00273889
-0.00279026
-0.00284265
-0.00289607
-0.00295053
-0.00300603
-0.00306259
-0.00312022
-0.00317892
-0.00323873
-0.00329963
-0.00336169
-0.00342483
-0.00348925
-0.00355463
-0.0036216
-0.00368911
-0.00375896
-0.0038283
-0.00390147
-0.0039724
-0.00404889
-0.00412209
-0.00420001
-0.0042782
-0.00435305
-0.00443779
-0.00450697
-0.00458579
-0.00465098
-0.00469142
-0.00472179
0.00344484
0.00324331
0.00320785
0.00333125
0.00334155
0.00307175
0.00263204
0.00234305
0.0022127
0.00188086
0.00139508
0.00109742
0.000912202
0.000637766
0.000323924
1.51832e-05
-0.0003186
-0.000721853
-0.00122364
-0.00167915
-0.00194796
-0.00218821
-0.00254536
-0.00282415
-0.00281413
-0.00261895
-0.00244699
-0.00234593
-0.00225766
-0.00215889
-0.00206754
-0.00199421
-0.00193417
-0.00188317
-0.00184202
-0.00181183
-0.0017919
-0.00178048
-0.00177622
-0.0017782
-0.00178458
-0.00179484
-0.00180829
-0.00182447
-0.00184307
-0.00186386
-0.00188667
-0.00191136
-0.00193781
-0.00196592
-0.00199559
-0.00202674
-0.00205931
-0.00209323
-0.00212844
-0.00216489
-0.00220255
-0.00224137
-0.00228132
-0.00232238
-0.00236452
-0.00240771
-0.00245196
-0.00249724
-0.00254353
-0.00259085
-0.00263917
-0.00268851
-0.00273887
-0.00279024
-0.00284264
-0.00289606
-0.00295051
-0.00300602
-0.00306258
-0.00312021
-0.00317892
-0.00323873
-0.00329963
-0.00336169
-0.00342483
-0.00348925
-0.00355463
-0.0036216
-0.00368911
-0.00375896
-0.00382831
-0.00390147
-0.00397241
-0.0040489
-0.00412211
-0.00420004
-0.00427825
-0.00435312
-0.00443794
-0.00450712
-0.00458612
-0.00465121
-0.00469174
-0.00472229
0.00334386
0.00308625
0.00298184
0.00310246
0.00316545
0.00295686
0.00250844
0.002185
0.00211839
0.00186365
0.00135552
0.00103768
0.000882736
0.000608126
0.000280512
-4.60443e-06
-0.000306543
-0.000673757
-0.00113019
-0.00157541
-0.00185443
-0.00205649
-0.00234988
-0.0026194
-0.00265646
-0.00250871
-0.00236282
-0.00227966
-0.00220826
-0.00212244
-0.00203978
-0.00197315
-0.00191878
-0.00187227
-0.00183442
-0.00180655
-0.00178813
-0.00177768
-0.00177399
-0.00177612
-0.00178271
-0.0017931
-0.00180669
-0.00182301
-0.00184175
-0.00186269
-0.00188564
-0.00191046
-0.00193702
-0.00196523
-0.00199499
-0.00202623
-0.00205886
-0.00209284
-0.0021281
-0.0021646
-0.0022023
-0.00224116
-0.00228114
-0.00232223
-0.00236438
-0.0024076
-0.00245186
-0.00249716
-0.00254347
-0.00259079
-0.00263912
-0.00268847
-0.00273883
-0.00279021
-0.00284261
-0.00289604
-0.0029505
-0.00300601
-0.00306257
-0.0031202
-0.00317891
-0.00323872
-0.00329962
-0.00336169
-0.00342483
-0.00348925
-0.00355463
-0.0036216
-0.00368911
-0.00375896
-0.00382831
-0.00390148
-0.00397242
-0.00404892
-0.00412213
-0.00420007
-0.00427831
-0.00435319
-0.0044381
-0.00450727
-0.00458646
-0.00465148
-0.00469205
-0.00472279
0.0032489
0.00297734
0.00277526
0.00286121
0.00296362
0.00283204
0.00241909
0.00203253
0.00197554
0.00183421
0.0013386
0.000971106
0.000840399
0.00058711
0.000249665
-1.84902e-05
-0.000300551
-0.000638313
-0.00103327
-0.001456
-0.00176067
-0.00194009
-0.00216461
-0.00241492
-0.0024984
-0.00239892
-0.00227571
-0.00220728
-0.00215294
-0.00208155
-0.00200832
-0.00194863
-0.00190035
-0.00185892
-0.00182488
-0.00179968
-0.00178304
-0.00177376
-0.00177079
-0.0017733
-0.00178022
-0.00179087
-0.00180468
-0.00182121
-0.00184015
-0.00186127
-0.00188439
-0.00190936
-0.00193607
-0.0019644
-0.00199427
-0.0020256
-0.00205832
-0.00209238
-0.0021277
-0.00216426
-0.002202
-0.0022409
-0.00228092
-0.00232204
-0.00236423
-0.00240747
-0.00245175
-0.00249706
-0.00254339
-0.00259072
-0.00263907
-0.00268842
-0.00273879
-0.00279018
-0.00284259
-0.00289602
-0.00295048
-0.00300599
-0.00306256
-0.00312019
-0.0031789
-0.00323871
-0.00329962
-0.00336168
-0.00342482
-0.00348925
-0.00355463
-0.00362161
-0.00368911
-0.00375897
-0.00382832
-0.00390149
-0.00397244
-0.00404893
-0.00412216
-0.00420011
-0.00427838
-0.00435328
-0.00443829
-0.00450745
-0.00458682
-0.00465178
-0.00469235
-0.00472331
0.00311814
0.00290121
0.00261473
0.00262333
0.00273906
0.00267959
0.00234501
0.00191677
0.00180083
0.00176394
0.00134415
0.000913687
0.000777299
0.00057563
0.000234407
-3.76318e-05
-0.000293651
-0.000602528
-0.000948107
-0.00133436
-0.00165189
-0.00182712
-0.00199861
-0.0022214
-0.00233928
-0.00228615
-0.00218579
-0.00213006
-0.00209188
-0.00203586
-0.00197297
-0.00192068
-0.00187892
-0.00184301
-0.00181311
-0.00179087
-0.00177632
-0.00176849
-0.00176651
-0.00176965
-0.00177705
-0.00178808
-0.0018022
-0.00181901
-0.00183821
-0.00185956
-0.00188289
-0.00190805
-0.00193492
-0.0019634
-0.00199341
-0.00202485
-0.00205768
-0.00209182
-0.00212722
-0.00216384
-0.00220165
-0.0022406
-0.00228066
-0.00232182
-0.00236404
-0.00240731
-0.00245161
-0.00249695
-0.00254329
-0.00259064
-0.002639
-0.00268837
-0.00273875
-0.00279014
-0.00284256
-0.00289599
-0.00295046
-0.00300597
-0.00306254
-0.00312018
-0.00317889
-0.00323871
-0.00329961
-0.00336168
-0.00342482
-0.00348925
-0.00355463
-0.00362161
-0.00368912
-0.00375897
-0.00382833
-0.0039015
-0.00397245
-0.00404895
-0.00412219
-0.00420015
-0.00427846
-0.00435337
-0.00443849
-0.00450764
-0.00458719
-0.00465212
-0.00469265
-0.00472382
0.00292804
0.00282101
0.00250437
0.00240951
0.00250523
0.00249758
0.0022572
0.00184265
0.00163333
0.00164061
0.00134528
0.000883762
0.000702853
0.000556223
0.000231628
-5.34727e-05
-0.000283933
-0.000567964
-0.000877698
-0.00121243
-0.00152624
-0.00171867
-0.00185727
-0.00204043
-0.00217588
-0.00216903
-0.00209521
-0.00204997
-0.00202536
-0.00198516
-0.00193379
-0.0018893
-0.00185422
-0.00182417
-0.00179882
-0.00177992
-0.00176782
-0.00176177
-0.00176103
-0.00176502
-0.00177308
-0.00178462
-0.00179916
-0.00181634
-0.00183586
-0.0018575
-0.00188109
-0.00190648
-0.00193356
-0.00196222
-0.00199238
-0.00202396
-0.0020569
-0.00209115
-0.00212665
-0.00216335
-0.00220123
-0.00224024
-0.00228036
-0.00232155
-0.00236381
-0.00240712
-0.00245145
-0.00249681
-0.00254317
-0.00259054
-0.00263892
-0.0026883
-0.00273869
-0.0027901
-0.00284252
-0.00289596
-0.00295044
-0.00300595
-0.00306252
-0.00312016
-0.00317888
-0.0032387
-0.00329961
-0.00336167
-0.00342482
-0.00348925
-0.00355463
-0.00362161
-0.00368912
-0.00375898
-0.00382834
-0.00390151
-0.00397247
-0.00404898
-0.00412223
-0.0042002
-0.00427856
-0.00435348
-0.00443871
-0.00450786
-0.00458757
-0.00465248
-0.00469296
-0.00472433
0.00269266
0.0026966
0.00242284
0.0022386
0.0022786
0.00229603
0.00213799
0.00178751
0.00150472
0.00148132
0.00131215
0.000883173
0.000634831
0.000516139
0.00023692
-5.83183e-05
-0.000276227
-0.000531414
-0.000813061
-0.00110086
-0.00139609
-0.00160707
-0.00173104
-0.00187447
-0.00201361
-0.00204858
-0.00200383
-0.001968
-0.00195413
-0.00192949
-0.00189067
-0.00185441
-0.00182612
-0.00180224
-0.00178187
-0.00176669
-0.00175736
-0.00175338
-0.00175417
-0.00175927
-0.00176817
-0.00178038
-0.00179548
-0.00181312
-0.00183304
-0.00185504
-0.00187894
-0.00190461
-0.00193193
-0.0019608
-0.00199115
-0.0020229
-0.00205599
-0.00209036
-0.00212597
-0.00216277
-0.00220073
-0.00223981
-0.00227999
-0.00232124
-0.00236355
-0.00240689
-0.00245126
-0.00249665
-0.00254304
-0.00259043
-0.00263882
-0.00268822
-0.00273863
-0.00279004
-0.00284247
-0.00289592
-0.00295041
-0.00300593
-0.0030625
-0.00312015
-0.00317887
-0.00323869
-0.0032996
-0.00336167
-0.00342482
-0.00348925
-0.00355463
-0.00362161
-0.00368913
-0.00375898
-0.00382835
-0.00390152
-0.00397249
-0.004049
-0.00412228
-0.00420025
-0.00427866
-0.0043536
-0.00443894
-0.0045081
-0.00458795
-0.00465287
-0.00469326
-0.00472484
0.00244674
0.00251903
0.00233521
0.00211
0.00207513
0.00208998
0.00198906
0.00172218
0.00141819
0.00132265
0.00123351
0.000888994
0.000588008
0.000460363
0.000239746
-4.98129e-05
-0.00026807
-0.000494048
-0.000752656
-0.0010055
-0.00126811
-0.0014859
-0.00161352
-0.00172875
-0.00185879
-0.00192411
-0.00190976
-0.00188519
-0.00187971
-0.00186912
-0.00184344
-0.00181602
-0.00179463
-0.00177711
-0.00176209
-0.00175099
-0.00174476
-0.00174317
-0.00174578
-0.00175224
-0.0017622
-0.00177526
-0.00179104
-0.00180926
-0.00182969
-0.00185212
-0.0018764
-0.0019024
-0.00193001
-0.00195914
-0.0019897
-0.00202165
-0.00205491
-0.00208943
-0.00212517
-0.00216208
-0.00220013
-0.0022393
-0.00227956
-0.00232087
-0.00236323
-0.00240662
-0.00245103
-0.00249645
-0.00254288
-0.00259029
-0.00263871
-0.00268813
-0.00273855
-0.00278998
-0.00284242
-0.00289588
-0.00295037
-0.0030059
-0.00306248
-0.00312013
-0.00317885
-0.00323868
-0.00329959
-0.00336166
-0.00342481
-0.00348925
-0.00355463
-0.00362161
-0.00368913
-0.00375899
-0.00382836
-0.00390154
-0.00397252
-0.00404903
-0.00412233
-0.00420032
-0.00427878
-0.00435373
-0.00443919
-0.00450836
-0.00458834
-0.00465329
-0.00469358
-0.00472534
0.00222178
0.00230945
0.00221513
0.00200511
0.00190449
0.00189329
0.00182327
0.00163052
0.00135449
0.00119344
0.00112141
0.000874123
0.000565746
0.000405637
0.000230862
-3.32166e-05
-0.000256495
-0.000459905
-0.00069373
-0.000920966
-0.00114866
-0.00136069
-0.00150022
-0.00160111
-0.0017147
-0.00179729
-0.00181245
-0.00180224
-0.00180362
-0.00180468
-0.00179211
-0.0017742
-0.00175985
-0.00174874
-0.00173934
-0.00173267
-0.00172987
-0.00173098
-0.00173569
-0.0017438
-0.00175504
-0.00176912
-0.00178576
-0.00180469
-0.00182571
-0.00184866
-0.0018734
-0.00189979
-0.00192774
-0.00195717
-0.001988
-0.00202018
-0.00205364
-0.00208833
-0.00212422
-0.00216127
-0.00219944
-0.0022387
-0.00227904
-0.00232044
-0.00236286
-0.00240631
-0.00245077
-0.00249623
-0.00254269
-0.00259013
-0.00263858
-0.00268802
-0.00273846
-0.0027899
-0.00284236
-0.00289583
-0.00295033
-0.00300586
-0.00306245
-0.00312011
-0.00317883
-0.00323866
-0.00329958
-0.00336166
-0.00342481
-0.00348924
-0.00355464
-0.00362162
-0.00368914
-0.003759
-0.00382838
-0.00390156
-0.00397255
-0.00404907
-0.00412239
-0.00420039
-0.00427891
-0.00435388
-0.00443946
-0.00450864
-0.00458873
-0.00465373
-0.00469391
-0.00472582
0.00203085
0.00209658
0.00206086
0.00189925
0.00176417
0.00171586
0.00165548
0.00151505
0.0012899
0.00109679
0.00100139
0.000829249
0.000555881
0.000363589
0.000208808
-1.76147e-05
-0.000238534
-0.000427801
-0.000635888
-0.000843766
-0.00104313
-0.00123877
-0.0013867
-0.00148552
-0.00158405
-0.00167263
-0.00171229
-0.00171869
-0.00172695
-0.00173724
-0.00173692
-0.00172901
-0.00172191
-0.00171718
-0.00171357
-0.00171165
-0.00171258
-0.00171667
-0.00172378
-0.00173379
-0.00174655
-0.00176186
-0.00177951
-0.00179928
-0.00182103
-0.0018446
-0.00186987
-0.00189673
-0.00192509
-0.00195487
-0.00198601
-0.00201845
-0.00205215
-0.00208705
-0.00212312
-0.00216032
-0.00219862
-0.002238
-0.00227845
-0.00231992
-0.00236243
-0.00240594
-0.00245045
-0.00249596
-0.00254246
-0.00258995
-0.00263842
-0.00268789
-0.00273835
-0.00278981
-0.00284229
-0.00289577
-0.00295028
-0.00300582
-0.00306242
-0.00312008
-0.00317881
-0.00323865
-0.00329957
-0.00336165
-0.0034248
-0.00348924
-0.00355464
-0.00362162
-0.00368915
-0.00375901
-0.00382839
-0.00390158
-0.00397258
-0.00404911
-0.00412246
-0.00420047
-0.00427905
-0.00435404
-0.00443974
-0.00450895
-0.00458913
-0.00465419
-0.00469425
-0.0047263
0.0018709
0.00190068
0.00188803
0.00177761
0.00164169
0.00156146
0.00149652
0.00138647
0.00121041
0.00102013
0.000895803
0.000761928
0.000539859
0.000335338
0.00018195
-7.89752e-06
-0.000215277
-0.000396574
-0.000582216
-0.000772141
-0.000950387
-0.00112524
-0.00127377
-0.00137742
-0.00146704
-0.00155409
-0.00161058
-0.00163402
-0.00165038
-0.0016681
-0.00167848
-0.00168059
-0.001681
-0.0016826
-0.00168482
-0.00168787
-0.00169281
-0.00170015
-0.00170993
-0.00172209
-0.0017366
-0.00175335
-0.00177219
-0.00179297
-0.00181556
-0.00183986
-0.00186576
-0.00189316
-0.00192199
-0.00195218
-0.00198368
-0.00201644
-0.00205041
-0.00208555
-0.00212182
-0.0021592
-0.00219767
-0.00223719
-0.00227775
-0.00231933
-0.00236192
-0.00240551
-0.00245009
-0.00249565
-0.0025422
-0.00258973
-0.00263824
-0.00268773
-0.00273822
-0.00278971
-0.0028422
-0.0028957
-0.00295022
-0.00300578
-0.00306238
-0.00312005
-0.00317879
-0.00323863
-0.00329955
-0.00336164
-0.0034248
-0.00348924
-0.00355464
-0.00362163
-0.00368916
-0.00375902
-0.00382841
-0.0039016
-0.00397262
-0.00404915
-0.00412254
-0.00420056
-0.00427921
-0.00435422
-0.00444003
-0.00450929
-0.00458954
-0.00465466
-0.00469461
-0.00472676
0.00173234
0.00172835
0.0017146
0.00164021
0.00152331
0.00142679
0.00135144
0.001256
0.00111696
0.000949237
0.000809294
0.000685434
0.000509048
0.000315673
0.000158906
-5.51826e-06
-0.000192257
-0.000365644
-0.000533438
-0.000705203
-0.000867507
-0.00102336
-0.00116551
-0.00127412
-0.00136107
-0.00144404
-0.00150991
-0.00154846
-0.00157414
-0.0015984
-0.00161766
-0.00162927
-0.00163734
-0.00164524
-0.00165322
-0.00166137
-0.00167054
-0.00168137
-0.00169404
-0.00170861
-0.0017251
-0.00174349
-0.0017637
-0.00178563
-0.00180922
-0.00183436
-0.00186099
-0.00188902
-0.0019184
-0.00194907
-0.00198098
-0.00201411
-0.00204839
-0.00208381
-0.00212032
-0.00215791
-0.00219656
-0.00223624
-0.00227694
-0.00231863
-0.00236133
-0.00240501
-0.00244966
-0.00249529
-0.0025419
-0.00258947
-0.00263802
-0.00268756
-0.00273808
-0.00278959
-0.0028421
-0.00289562
-0.00295015
-0.00300572
-0.00306234
-0.00312001
-0.00317876
-0.0032386
-0.00329954
-0.00336163
-0.00342479
-0.00348924
-0.00355464
-0.00362163
-0.00368917
-0.00375904
-0.00382844
-0.00390163
-0.00397266
-0.00404921
-0.00412262
-0.00420066
-0.00427937
-0.00435443
-0.00444033
-0.00450964
-0.00458995
-0.00465514
-0.00469499
-0.00472722
0.0016044
0.00157686
0.0015521
0.0014959
0.00140191
0.0013046
0.0012211
0.00113167
0.00101661
0.000874803
0.00073549
0.000612055
0.00046665
0.000296399
0.000141019
-8.49999e-06
-0.000173166
-0.000335111
-0.00048906
-0.000643948
-0.000792783
-0.000933419
-0.00106541
-0.00117543
-0.00126337
-0.00134322
-0.00141305
-0.00146305
-0.00149832
-0.00152895
-0.00155553
-0.00157565
-0.00159126
-0.00160541
-0.00161903
-0.00163228
-0.00164582
-0.00166033
-0.0016761
-0.00169329
-0.00171197
-0.00173219
-0.00175395
-0.00177721
-0.00180192
-0.00182803
-0.00185549
-0.00188425
-0.00191426
-0.00194548
-0.00197787
-0.00201141
-0.00204607
-0.0020818
-0.00211859
-0.00215642
-0.00219528
-0.00223514
-0.002276
-0.00231783
-0.00236064
-0.00240442
-0.00244917
-0.00249488
-0.00254155
-0.00258918
-0.00263778
-0.00268735
-0.00273791
-0.00278945
-0.00284198
-0.00289552
-0.00295007
-0.00300566
-0.00306229
-0.00311997
-0.00317873
-0.00323858
-0.00329952
-0.00336161
-0.00342478
-0.00348923
-0.00355464
-0.00362164
-0.00368918
-0.00375905
-0.00382846
-0.00390166
-0.00397271
-0.00404927
-0.00412272
-0.00420078
-0.00427955
-0.00435465
-0.00444064
-0.00451002
-0.00459037
-0.00465562
-0.00469539
-0.00472767
0.00148006
0.00144015
0.0014043
0.00135403
0.00127777
0.00118866
0.00110318
0.00101652
0.000915847
0.000795713
0.000667581
0.000546407
0.000418774
0.000272167
0.000125871
-1.33137e-05
-0.000159002
-0.000306926
-0.000449016
-0.000589198
-0.000725439
-0.000853995
-0.000975364
-0.00108297
-0.0011724
-0.00125101
-0.00132195
-0.00137941
-0.00142332
-0.0014603
-0.00149309
-0.00152052
-0.00154324
-0.0015635
-0.00158257
-0.00160083
-0.0016188
-0.0016371
-0.00165613
-0.0016761
-0.00169716
-0.0017194
-0.00174289
-0.00176762
-0.0017936
-0.00182081
-0.00184922
-0.0018788
-0.00190952
-0.00194137
-0.00197431
-0.00200833
-0.0020434
-0.00207949
-0.0021166
-0.00215471
-0.00219381
-0.00223388
-0.00227491
-0.00231691
-0.00235986
-0.00240376
-0.0024486
-0.0024944
-0.00254114
-0.00258884
-0.00263749
-0.00268712
-0.00273771
-0.00278929
-0.00284185
-0.00289541
-0.00294998
-0.00300559
-0.00306223
-0.00311993
-0.00317869
-0.00323855
-0.0032995
-0.0033616
-0.00342477
-0.00348923
-0.00355464
-0.00362165
-0.00368919
-0.00375907
-0.00382849
-0.0039017
-0.00397277
-0.00404934
-0.00412282
-0.00420091
-0.00427975
-0.00435489
-0.00444096
-0.00451041
-0.00459079
-0.00465611
-0.00469581
-0.00472812
0.00135692
0.00131282
0.00126991
0.00122019
0.00115482
0.00107616
0.000994126
0.000910531
0.000819191
0.00071519
0.000601327
0.000486816
0.00037038
0.000243074
0.000110561
-1.87072e-05
-0.000149505
-0.000282958
-0.000413466
-0.000541012
-0.000665465
-0.00078384
-0.000895712
-0.000998475
-0.00108795
-0.00116642
-0.00123754
-0.00129925
-0.00134997
-0.00139297
-0.00143121
-0.00146479
-0.00149389
-0.00151996
-0.00154426
-0.00156734
-0.00158969
-0.00161184
-0.00163422
-0.00165711
-0.00168069
-0.00170511
-0.00173048
-0.00175684
-0.00178422
-0.00181265
-0.00184212
-0.00187262
-0.00190415
-0.0019367
-0.00197026
-0.00200482
-0.00204035
-0.00207686
-0.00211433
-0.00215276
-0.00219213
-0.00223244
-0.00227368
-0.00231585
-0.00235896
-0.00240299
-0.00244796
-0.00249385
-0.00254068
-0.00258845
-0.00263717
-0.00268685
-0.00273749
-0.0027891
-0.00284169
-0.00289528
-0.00294988
-0.0030055
-0.00306216
-0.00311987
-0.00317865
-0.00323852
-0.00329947
-0.00336158
-0.00342476
-0.00348923
-0.00355465
-0.00362165
-0.00368921
-0.0037591
-0.00382852
-0.00390174
-0.00397283
-0.00404942
-0.00412294
-0.00420106
-0.00427995
-0.00435514
-0.00444129
-0.00451081
-0.00459123
-0.0046566
-0.00469624
-0.00472856
0.00123566
0.00119181
0.00114612
0.00109611
0.00103688
0.000967263
0.000891528
0.000812586
0.00072851
0.000636239
0.000535586
0.00043076
0.0003239
0.000211265
9.3107e-05
-2.53153e-05
-0.000143832
-0.000263897
-0.000382894
-0.000499323
-0.000613038
-0.000722242
-0.000825886
-0.000922893
-0.00101063
-0.00108891
-0.00116001
-0.00122392
-0.00127939
-0.00132755
-0.00137061
-0.00140936
-0.001444
-0.0014754
-0.0015046
-0.00153226
-0.00155884
-0.00158479
-0.00161055
-0.00163643
-0.00166264
-0.00168936
-0.00171673
-0.00174485
-0.00177376
-0.00180352
-0.00183416
-0.00186568
-0.00189811
-0.00193145
-0.0019657
-0.00200085
-0.00203692
-0.00207389
-0.00211177
-0.00215054
-0.00219022
-0.0022308
-0.00227228
-0.00231466
-0.00235794
-0.00240213
-0.00244722
-0.00249323
-0.00254015
-0.00258801
-0.0026368
-0.00268654
-0.00273723
-0.00278889
-0.00284152
-0.00289514
-0.00294977
-0.00300541
-0.00306208
-0.00311981
-0.0031786
-0.00323848
-0.00329945
-0.00336156
-0.00342475
-0.00348922
-0.00355465
-0.00362166
-0.00368923
-0.00375912
-0.00382856
-0.00390179
-0.0039729
-0.00404951
-0.00412306
-0.00420122
-0.00428017
-0.00435542
-0.00444164
-0.00451122
-0.00459167
-0.00465708
-0.00469669
-0.00472901
0.00111823
0.00107629
0.00103078
0.000981411
0.000926088
0.000863369
0.000794477
0.000721342
0.000643893
0.000560742
0.000471223
0.000376817
0.000279452
0.000178438
7.31829e-05
-3.39528e-05
-0.000141472
-0.00024975
-0.000357773
-0.00046408
-0.000568119
-0.000668846
-0.00076518
-0.000856409
-0.000941118
-0.00101847
-0.00108932
-0.00115424
-0.00121267
-0.00126483
-0.00131199
-0.00135505
-0.00139437
-0.00143049
-0.00146419
-0.0014961
-0.00152666
-0.0015563
-0.00158539
-0.00161426
-0.00164315
-0.00167225
-0.00170173
-0.0017317
-0.00176225
-0.00179344
-0.00182534
-0.00185798
-0.00189139
-0.00192559
-0.0019606
-0.00199642
-0.00203307
-0.00207056
-0.00210889
-0.00214806
-0.00218808
-0.00222896
-0.0022707
-0.00231331
-0.00235679
-0.00240115
-0.00244639
-0.00249253
-0.00253956
-0.00258751
-0.00263639
-0.00268619
-0.00273694
-0.00278865
-0.00284132
-0.00289498
-0.00294963
-0.0030053
-0.003062
-0.00311974
-0.00317855
-0.00323844
-0.00329942
-0.00336154
-0.00342474
-0.00348922
-0.00355465
-0.00362167
-0.00368924
-0.00375915
-0.0038286
-0.00390185
-0.00397298
-0.0040496
-0.0041232
-0.00420139
-0.0042804
-0.0043557
-0.00444199
-0.00451164
-0.00459212
-0.00465757
-0.00469714
-0.00472947
0.00100646
0.000966673
0.000922815
0.000875176
0.000823075
0.000765649
0.000702993
0.000635972
0.000564957
0.000489531
0.000409266
0.000324565
0.000236518
0.0001455
5.13416e-05
-4.50371e-05
-0.000142367
-0.00024027
-0.000338218
-0.000435201
-0.000530507
-0.00062341
-0.000713043
-0.000798765
-0.000879782
-0.000955336
-0.0010255
-0.00109066
-0.00115072
-0.00120565
-0.00125606
-0.00130264
-0.00134582
-0.00138599
-0.00142369
-0.00145945
-0.0014937
-0.0015268
-0.0015591
-0.0015909
-0.00162246
-0.00165396
-0.00168559
-0.00171748
-0.00174974
-0.00178246
-0.00181571
-0.00184954
-0.00188401
-0.00191914
-0.00195497
-0.00199152
-0.00202881
-0.00206687
-0.00210569
-0.0021453
-0.0021857
-0.00222691
-0.00226895
-0.00231181
-0.00235551
-0.00240006
-0.00244547
-0.00249174
-0.0025389
-0.00258696
-0.00263592
-0.0026858
-0.00273662
-0.00278838
-0.0028411
-0.0028948
-0.00294949
-0.00300518
-0.0030619
-0.00311967
-0.00317849
-0.00323839
-0.00329938
-0.00336152
-0.00342473
-0.00348921
-0.00355466
-0.00362169
-0.00368927
-0.00375918
-0.00382865
-0.00390191
-0.00397306
-0.00404971
-0.00412334
-0.00420157
-0.00428064
-0.004356
-0.00444234
-0.00451206
-0.00459257
-0.00465804
-0.0046976
-0.00472993
0.000901512
0.00086366
0.000821972
0.000776705
0.000727732
0.00067468
0.000617411
0.000556196
0.000491313
0.000422739
0.000350324
0.000274181
0.00019483
0.000112757
2.81522e-05
-5.85352e-05
-0.000146497
-0.000235154
-0.000324051
-0.000412522
-0.000499915
-0.000585641
-0.000669047
-0.000749561
-0.000826646
-0.000899753
-0.000968656
-0.00103346
-0.00109419
-0.00115081
-0.00120357
-0.0012529
-0.00129916
-0.00134267
-0.0013838
-0.00142297
-0.00146053
-0.00149682
-0.00153213
-0.00156674
-0.00160088
-0.00163476
-0.00166854
-0.00170238
-0.00173639
-0.00177068
-0.00180533
-0.00184042
-0.001876
-0.00191213
-0.00194884
-0.00198617
-0.00202416
-0.00206282
-0.00210218
-0.00214226
-0.00218308
-0.00222466
-0.00226701
-0.00231015
-0.0023541
-0.00239885
-0.00244444
-0.00249088
-0.00253818
-0.00258635
-0.00263541
-0.00268537
-0.00273626
-0.00278808
-0.00284086
-0.0028946
-0.00294932
-0.00300505
-0.00306179
-0.00311958
-0.00317842
-0.00323834
-0.00329934
-0.00336149
-0.00342471
-0.00348921
-0.00355466
-0.0036217
-0.00368929
-0.00375922
-0.0038287
-0.00390197
-0.00397315
-0.00404983
-0.00412349
-0.00420177
-0.00428088
-0.0043563
-0.0044427
-0.00451248
-0.00459302
-0.00465852
-0.00469807
-0.00473039
0.000803953
0.000767809
0.000728333
0.000685649
0.000639773
0.00059058
0.000537964
0.00048197
0.000422726
0.000360297
0.000294687
0.000225967
0.00015439
8.031e-05
4.01905e-06
-7.4152e-05
-0.000153698
-0.000234108
-0.000314953
-0.00039575
-0.000475984
-0.000555165
-0.00063279
-0.000708382
-0.000781517
-0.000851793
-0.000918929
-0.000982848
-0.00104354
-0.00110097
-0.00115524
-0.00120655
-0.00125517
-0.00130133
-0.00134529
-0.00138737
-0.00142784
-0.00146697
-0.00150503
-0.00154224
-0.00157883
-0.00161498
-0.00165086
-0.00168662
-0.00172239
-0.00175826
-0.00179435
-0.00183073
-0.00186747
-0.00190464
-0.00194227
-0.00198043
-0.00201915
-0.00205846
-0.0020984
-0.00213898
-0.00218025
-0.00222222
-0.00226492
-0.00230836
-0.00235256
-0.00239755
-0.00244333
-0.00248994
-0.00253738
-0.00258568
-0.00263485
-0.00268491
-0.00273587
-0.00278776
-0.00284059
-0.00289438
-0.00294915
-0.00300491
-0.00306168
-0.00311949
-0.00317835
-0.00323829
-0.0032993
-0.00336146
-0.0034247
-0.0034892
-0.00355466
-0.00362171
-0.00368931
-0.00375925
-0.00382875
-0.00390205
-0.00397325
-0.00404995
-0.00412365
-0.00420197
-0.00428113
-0.00435661
-0.00444306
-0.0045129
-0.00459347
-0.00465898
-0.00469853
-0.00473085
0.000713995
0.000679424
0.000642037
0.000601871
0.000558952
0.000513246
0.000464698
0.000413298
0.000359089
0.000302126
0.000242456
0.000180152
0.000115362
4.83123e-05
-2.0738e-05
-9.15107e-05
-0.000163657
-0.000236784
-0.000310521
-0.000384493
-0.000458302
-0.000531556
-0.000603859
-0.000674824
-0.000744102
-0.000811376
-0.000876388
-0.000938982
-0.000999084
-0.00105665
-0.00111168
-0.00116427
-0.00121457
-0.00126273
-0.00130894
-0.00135339
-0.00139631
-0.00143791
-0.0014784
-0.00151796
-0.0015568
-0.00159507
-0.00163294
-0.00167055
-0.00170802
-0.00174546
-0.00178297
-0.00182065
-0.00185856
-0.00189678
-0.00193537
-0.00197438
-0.00201385
-0.00205384
-0.00209438
-0.0021355
-0.00217724
-0.00221962
-0.00226268
-0.00230644
-0.00235092
-0.00239615
-0.00244215
-0.00248894
-0.00253654
-0.00258497
-0.00263425
-0.00268441
-0.00273546
-0.00278742
-0.00284031
-0.00289415
-0.00294896
-0.00300475
-0.00306156
-0.00311939
-0.00317827
-0.00323823
-0.00329926
-0.00336144
-0.00342468
-0.00348919
-0.00355467
-0.00362173
-0.00368934
-0.00375929
-0.00382881
-0.00390212
-0.00397335
-0.00405008
-0.00412382
-0.00420218
-0.00428139
-0.00435692
-0.00444342
-0.0045133
-0.0045939
-0.00465944
-0.00469898
-0.0047313
0.000631752
0.000598673
0.000563208
0.000525362
0.000485148
0.000442555
0.000397562
0.000350154
0.000300343
0.00024816
0.000193649
0.000136873
7.79326e-05
1.69751e-05
-4.58115e-05
-0.000110204
-0.000175942
-0.000242731
-0.00031027
-0.000378257
-0.000446382
-0.000514336
-0.000581807
-0.000648487
-0.000714085
-0.000778342
-0.000841032
-0.000901983
-0.000961081
-0.00101825
-0.00107346
-0.00112671
-0.00117807
-0.00122764
-0.00127551
-0.00132182
-0.00136672
-0.00141037
-0.00145292
-0.00149453
-0.00153536
-0.00157555
-0.00161525
-0.00165457
-0.00169365
-0.00173258
-0.00177147
-0.00181041
-0.00184947
-0.00188874
-0.00192828
-0.00196814
-0.00200839
-0.00204906
-0.00209021
-0.00213187
-0.00217409
-0.00221691
-0.00226034
-0.00230443
-0.0023492
-0.00239468
-0.0024409
-0.00248788
-0.00253565
-0.00258422
-0.00263363
-0.00268389
-0.00273502
-0.00278706
-0.00284001
-0.0028939
-0.00294876
-0.00300459
-0.00306143
-0.00311929
-0.00317819
-0.00323817
-0.00329922
-0.00336141
-0.00342466
-0.00348919
-0.00355467
-0.00362174
-0.00368937
-0.00375934
-0.00382887
-0.0039022
-0.00397345
-0.00405021
-0.00412399
-0.00420238
-0.00428164
-0.00435722
-0.00444378
-0.0045137
-0.00459433
-0.00465988
-0.00469942
-0.00473175
0.000557322
0.00052566
0.000491953
0.000456186
0.000418363
0.000378486
0.000336552
0.000292557
0.000246506
0.000198412
0.000148304
9.62299e-05
4.22615e-05
-1.3499e-05
-7.09202e-05
-0.000129844
-0.00019008
-0.000251408
-0.000313594
-0.000376397
-0.000439569
-0.000502862
-0.00056603
-0.000628826
-0.000691013
-0.00075237
-0.000812702
-0.000871844
-0.000929665
-0.00098607
-0.001041
-0.00109441
-0.00114632
-0.00119674
-0.00124575
-0.00129341
-0.00133982
-0.00138509
-0.00142932
-0.00147264
-0.00151517
-0.00155703
-0.00159834
-0.00163921
-0.00167975
-0.00172006
-0.00176023
-0.00180036
-0.00184053
-0.0018808
-0.00192125
-0.00196195
-0.00200294
-0.00204429
-0.00208604
-0.00212825
-0.00217095
-0.00221419
-0.002258
-0.00230242
-0.00234748
-0.00239322
-0.00243966
-0.00248683
-0.00253476
-0.00258347
-0.002633
-0.00268337
-0.00273459
-0.0027867
-0.00283972
-0.00289366
-0.00294856
-0.00300444
-0.0030613
-0.00311919
-0.00317812
-0.00323811
-0.00329917
-0.00336138
-0.00342464
-0.00348918
-0.00355468
-0.00362176
-0.0036894
-0.00375938
-0.00382893
-0.00390228
-0.00397356
-0.00405035
-0.00412415
-0.00420259
-0.00428189
-0.00435752
-0.00444411
-0.00451408
-0.00459474
-0.0046603
-0.00469985
-0.00473218
0.000490507
0.000460152
0.00042801
0.000394059
0.000358304
0.000320759
0.000281428
0.000240311
0.00019741
0.00015273
0.00010629
5.81235e-05
8.28169e-06
-4.31614e-05
-9.61091e-05
-0.000150443
-0.000206024
-0.000262692
-0.000320275
-0.000378593
-0.000437455
-0.000496665
-0.000556024
-0.000615333
-0.000674396
-0.00073303
-0.000791065
-0.000848347
-0.000904741
-0.000960138
-0.00101445
-0.00106763
-0.00111963
-0.00117045
-0.0012201
-0.00126861
-0.00131604
-0.00136246
-0.00140795
-0.00145258
-0.00149647
-0.00153969
-0.00158235
-0.00162454
-0.00166636
-0.0017079
-0.00174923
-0.00179046
-0.00183164
-0.00187286
-0.00191419
-0.00195568
-0.00199741
-0.00203942
-0.00208177
-0.00212452
-0.0021677
-0.00221137
-0.00225556
-0.00230032
-0.00234568
-0.00239168
-0.00243835
-0.00248572
-0.00253382
-0.00258268
-0.00263234
-0.00268281
-0.00273413
-0.00278632
-0.0028394
-0.00289341
-0.00294835
-0.00300427
-0.00306117
-0.00311908
-0.00317803
-0.00323805
-0.00329913
-0.00336134
-0.00342462
-0.00348917
-0.00355468
-0.00362178
-0.00368943
-0.00375942
-0.00382899
-0.00390236
-0.00397366
-0.00405048
-0.00412432
-0.00420279
-0.00428213
-0.0043578
-0.00444443
-0.00451444
-0.00459512
-0.0046607
-0.00470025
-0.00473258
0.000431811
0.000402262
0.00037119
0.000338608
0.000304498
0.000268835
0.000231593
0.000192757
0.000152328
0.000110319
6.67482e-05
2.16439e-05
-2.49589e-05
-7.30101e-05
-0.000122441
-0.000173162
-0.000225066
-0.000278029
-0.00033192
-0.0003866
-0.000441926
-0.000497744
-0.000553896
-0.000610214
-0.000666536
-0.000722711
-0.000778592
-0.000834041
-0.00088893
-0.000943148
-0.000996605
-0.00104922
-0.00110095
-0.00115175
-0.0012016
-0.00125051
-0.00129851
-0.00134562
-0.00139191
-0.00143742
-0.00148224
-0.00152642
-0.00157006
-0.00161322
-0.001656
-0.00169846
-0.00174068
-0.00178274
-0.00182472
-0.00186667
-0.00190868
-0.0019508
-0.0019931
-0.00203563
-0.00207846
-0.00212163
-0.00216519
-0.0022092
-0.00225369
-0.00229872
-0.00234431
-0.00239051
-0.00243736
-0.00248488
-0.00253312
-0.0025821
-0.00263185
-0.00268241
-0.0027338
-0.00278605
-0.00283918
-0.00289323
-0.00294821
-0.00300415
-0.00306108
-0.00311901
-0.00317798
-0.00323801
-0.0032991
-0.00336132
-0.00342461
-0.00348918
-0.00355469
-0.0036218
-0.00368946
-0.00375947
-0.00382905
-0.00390244
-0.00397376
-0.0040506
-0.00412447
-0.00420297
-0.00428235
-0.00435806
-0.00444473
-0.00451476
-0.00459547
-0.00466107
-0.00470063
-0.00473298
0.000386286
0.000357816
0.000327963
0.000296697
0.000263994
0.000229841
0.000194235
0.000157186
0.000118704
7.88066e-05
3.75114e-05
-5.16317e-06
-4.91965e-05
-9.45569e-05
-0.000141196
-0.000189049
-0.000238031
-0.000288046
-0.000338992
-0.000390766
-0.000443257
-0.00049635
-0.000549916
-0.000603818
-0.000657923
-0.000712101
-0.000766229
-0.000820181
-0.000873837
-0.000927088
-0.000979833
-0.00103198
-0.00108346
-0.00113419
-0.00118416
-0.00123333
-0.00128173
-0.00132937
-0.00137629
-0.00142254
-0.00146814
-0.00151317
-0.00155768
-0.00160173
-0.00164538
-0.00168871
-0.00173177
-0.00177465
-0.00181739
-0.00186008
-0.00190277
-0.00194553
-0.00198841
-0.00203148
-0.0020748
-0.00211842
-0.00216239
-0.00220676
-0.00225158
-0.00229689
-0.00234274
-0.00238916
-0.00243621
-0.00248391
-0.00253229
-0.0025814
-0.00263127
-0.00268192
-0.00273339
-0.00278571
-0.0028389
-0.002893
-0.00294802
-0.003004
-0.00306096
-0.00311892
-0.0031779
-0.00323795
-0.00329905
-0.00336129
-0.0034246
-0.00348917
-0.00355469
-0.00362181
-0.00368948
-0.0037595
-0.0038291
-0.0039025
-0.00397384
-0.0040507
-0.00412459
-0.00420313
-0.00428253
-0.00435827
-0.00444497
-0.00451502
-0.00459575
-0.00466136
-0.00470092
-0.00473326
0.000332121
0.00030381
0.000274261
0.000243525
0.000211615
0.000178517
0.000144199
0.000108622
7.17565e-05
3.35895e-05
-5.87531e-06
-4.66183e-05
-8.86065e-05
-0.000131797
-0.00017614
-0.000221582
-0.000268063
-0.000315518
-0.000363875
-0.000413052
-0.000462959
-0.000513498
-0.000564564
-0.000616051
-0.000667853
-0.000719867
-0.000771984
-0.0008241
-0.000876112
-0.00092792
-0.000979427
-0.00103053
-0.00108113
-0.00113111
-0.00118038
-0.00122893
-0.00127682
-0.00132407
-0.00137072
-0.00141681
-0.00146237
-0.00150745
-0.00155209
-0.00159633
-0.00164023
-0.00168385
-0.00172723
-0.00177043
-0.00181352
-0.00185654
-0.00189957
-0.00194265
-0.00198584
-0.0020292
-0.00207279
-0.00211666
-0.00216086
-0.00220543
-0.00225044
-0.00229592
-0.00234191
-0.00238847
-0.00243563
-0.00248342
-0.00253189
-0.00258107
-0.002631
-0.00268171
-0.00273322
-0.00278557
-0.0028388
-0.00289292
-0.00294796
-0.00300395
-0.00306092
-0.00311889
-0.00317788
-0.00323793
-0.00329905
-0.00336129
-0.0034246
-0.00348917
-0.00355471
-0.00362183
-0.00368951
-0.00375954
-0.00382915
-0.00390257
-0.00397393
-0.00405081
-0.00412473
-0.00420329
-0.00428273
-0.00435849
-0.00444523
-0.00451532
-0.00459609
-0.00466172
-0.00470129
-0.00473366
)
;

boundaryField
{
    zeroGradPlanes
    {
        type            zeroGradient;
    }
    inlet
    {
        type            zeroGradient;
    }
    plate
    {
        type            zeroGradient;
    }
    frontAndBack
    {
        type            empty;
    }
}


// ************************************************************************* //
