/*--------------------------------*- C++ -*----------------------------------*\
| =========                 |                                                 |
| \\      /  F ield         | OpenFOAM: The Open Source CFD Toolbox           |
|  \\    /   O peration     | Version:  v1906                                 |
|   \\  /    A nd           | Web:      www.OpenFOAM.com                      |
|    \\/     M anipulation  |                                                 |
\*---------------------------------------------------------------------------*/
FoamFile
{
    version     2.0;
    format      ascii;
    class       volScalarField;
    location    "0.9";
    object      p;
}
// * * * * * * * * * * * * * * * * * * * * * * * * * * * * * * * * * * * * * //

dimensions      [0 2 -2 0 0 0 0];


internalField   nonuniform List<scalar> 
4800
(
-8.78406e-11
2.38506e-05
-1.01273e-05
-8.22406e-05
-0.000140889
-0.000247887
-0.000375664
-0.000358406
-0.000379942
-0.000400315
-0.000398684
-0.000397597
-0.0003577
-0.000271777
-0.000120819
7.31628e-05
0.000358926
0.000780689
0.00129517
0.00194246
1.1892e-05
2.07053e-05
-7.71897e-06
-8.50202e-05
-0.000137334
-0.000250148
-0.000360364
-0.000360769
-0.000373207
-0.000401019
-0.000393906
-0.000399024
-0.000351526
-0.000274841
-0.000117773
7.68255e-05
0.000354816
0.000735261
0.00113254
0.00160675
1.45635e-05
1.83921e-05
-6.47068e-06
-8.59178e-05
-0.000135679
-0.00024993
-0.000354995
-0.000360594
-0.000370643
-0.0003987
-0.000393853
-0.000397847
-0.000351077
-0.000272788
-0.000124008
6.73258e-05
0.000313803
0.000633048
0.000948604
0.00134148
2.4979e-05
1.55652e-05
-4.9311e-06
-8.65902e-05
-0.000134796
-0.000248317
-0.000349307
-0.000356801
-0.000371813
-0.00039313
-0.00039383
-0.000393467
-0.000346269
-0.000269907
-0.000136155
4.80462e-05
0.000247779
0.000488016
0.00076542
0.00113345
3.14889e-05
1.33981e-05
-4.13789e-06
-8.62427e-05
-0.000134634
-0.00024443
-0.000346264
-0.000351687
-0.000371314
-0.000389102
-0.00038953
-0.00038892
-0.000343465
-0.000271327
-0.000156167
7.17222e-07
0.00014389
0.000329473
0.000597894
0.000951764
4.0313e-05
1.27754e-05
-4.60024e-06
-8.4114e-05
-0.000136555
-0.000237115
-0.000343741
-0.00034793
-0.00036536
-0.000384772
-0.000383447
-0.000384752
-0.000343618
-0.000280506
-0.000190256
-8.5114e-05
1.00159e-05
0.000185457
0.000448367
0.00078148
4.79012e-05
1.39261e-05
-6.5275e-06
-8.10203e-05
-0.00013949
-0.000230693
-0.000336702
-0.000346767
-0.000358738
-0.000377534
-0.000378306
-0.00038162
-0.00034938
-0.00030461
-0.000267011
-0.000204853
-0.000106046
6.20782e-05
0.000304981
0.000612053
5.55182e-05
1.76065e-05
-9.07307e-06
-7.79188e-05
-0.000139516
-0.0002295
-0.000325453
-0.000340122
-0.000353778
-0.000370462
-0.000373738
-0.000383629
-0.000371102
-0.000365277
-0.000368498
-0.000306762
-0.000200679
-5.41059e-05
0.000155514
0.000436211
6.12956e-05
2.40675e-05
-1.09734e-05
-7.74716e-05
-0.000136275
-0.000227057
-0.000317309
-0.000327689
-0.000345669
-0.000367236
-0.000372863
-0.000399889
-0.0004196
-0.000446793
-0.000452107
-0.000390445
-0.000291854
-0.000174054
-2.00987e-06
0.000252156
6.7753e-05
3.14796e-05
-9.90164e-06
-7.9208e-05
-0.000131361
-0.000219841
-0.000311464
-0.000317814
-0.000333223
-0.000366627
-0.000385888
-0.000435674
-0.000495761
-0.00051832
-0.000519268
-0.000472028
-0.000391745
-0.000300995
-0.000165735
6.23375e-05
7.26904e-05
3.87929e-05
-4.6318e-06
-7.94224e-05
-0.000131527
-0.000206844
-0.000299981
-0.000312792
-0.000323465
-0.000369053
-0.000422684
-0.00049934
-0.000559439
-0.000575777
-0.000581747
-0.000558446
-0.000502312
-0.000435937
-0.000332233
-0.000128762
7.81861e-05
4.52895e-05
4.81164e-06
-7.48604e-05
-0.000135664
-0.000196977
-0.000281648
-0.000307952
-0.000327244
-0.000387202
-0.000470517
-0.000558811
-0.000617852
-0.000634234
-0.00064878
-0.000650675
-0.000622958
-0.000579266
-0.00050078
-0.000319821
8.39643e-05
5.15452e-05
1.3044e-05
-6.29972e-05
-0.000134012
-0.000195682
-0.000264239
-0.000299231
-0.000347255
-0.000429608
-0.000517189
-0.000607229
-0.000674236
-0.000698391
-0.000722625
-0.000749198
-0.000751826
-0.000730186
-0.000671023
-0.000509073
9.04003e-05
5.84541e-05
1.95045e-05
-4.5704e-05
-0.000122091
-0.000200529
-0.000263288
-0.000292792
-0.000369004
-0.000484289
-0.000573122
-0.000652991
-0.000727633
-0.000768401
-0.000806051
-0.000853876
-0.000885783
-0.000886546
-0.000842558
-0.000695635
9.764e-05
6.71811e-05
2.5456e-05
-3.21202e-05
-9.95183e-05
-0.000195687
-0.000282708
-0.000312807
-0.000388569
-0.000526279
-0.000628394
-0.000705403
-0.00078546
-0.000845096
-0.000899284
-0.000964232
-0.00102245
-0.00104722
-0.00101821
-0.000882616
0.000104032
7.95665e-05
3.42146e-05
-2.3787e-05
-7.86031e-05
-0.000179605
-0.000302986
-0.000363671
-0.00042152
-0.00055284
-0.000675928
-0.000762146
-0.000849461
-0.000927335
-0.000999766
-0.00108011
-0.00116156
-0.00121151
-0.00119845
-0.00107097
0.000111848
9.1647e-05
4.93861e-05
-1.96826e-05
-7.00029e-05
-0.000161723
-0.000313734
-0.000416632
-0.000483062
-0.000593267
-0.000716177
-0.000816715
-0.000915979
-0.00101288
-0.00110616
-0.00120286
-0.00130414
-0.00137724
-0.00138044
-0.00126024
0.000122273
0.000102669
6.73076e-05
-1.01113e-05
-7.68928e-05
-0.000158658
-0.000315296
-0.000458083
-0.000547136
-0.000650491
-0.000767592
-0.000874445
-0.000985632
-0.0011014
-0.00121767
-0.00133249
-0.00144981
-0.00154202
-0.00156129
-0.00144976
0.00013556
0.000114597
8.14181e-05
5.37971e-06
-8.57421e-05
-0.000178194
-0.000325098
-0.000484816
-0.000601231
-0.000715942
-0.00083422
-0.000943327
-0.00106233
-0.00119381
-0.00133303
-0.00146747
-0.00159829
-0.00170592
-0.00174045
-0.00163877
0.000151483
0.000128769
9.15258e-05
1.66323e-05
-9.1408e-05
-0.000207704
-0.00035359
-0.000509751
-0.000643197
-0.000776164
-0.000905997
-0.00102334
-0.00114914
-0.00129267
-0.00145132
-0.00160616
-0.00175039
-0.00187059
-0.00191828
-0.0018261
0.000169158
0.000145753
9.98387e-05
1.91346e-05
-9.78336e-05
-0.000237051
-0.000392637
-0.000547173
-0.000684271
-0.000828905
-0.000976544
-0.00110918
-0.0012461
-0.00139973
-0.00157327
-0.00174768
-0.0019065
-0.00203701
-0.0020946
-0.00201021
0.000188738
0.000164023
0.000106923
1.43121e-05
-0.000112855
-0.000264664
-0.000431822
-0.000592397
-0.000732148
-0.000883253
-0.0010457
-0.00119673
-0.00134846
-0.00151425
-0.00169977
-0.00189129
-0.00206568
-0.00220528
-0.00226961
-0.00219075
0.000209683
0.000182416
0.000112368
4.27e-06
-0.000135713
-0.000295913
-0.000470766
-0.000639937
-0.000786839
-0.000942612
-0.00111667
-0.00128593
-0.00145393
-0.00163367
-0.00183114
-0.00203625
-0.00222536
-0.00237429
-0.00244386
-0.00236855
0.000231032
0.000200353
0.000115266
-9.45245e-06
-0.000162554
-0.000333302
-0.000513279
-0.000689334
-0.000844876
-0.00100668
-0.00119056
-0.00137702
-0.00156251
-0.00175653
-0.00196621
-0.0021824
-0.00238388
-0.00254268
-0.00261759
-0.00254457
0.000251676
0.000216655
0.000115768
-2.66482e-05
-0.000192917
-0.000373352
-0.00055958
-0.000741999
-0.000906675
-0.00107577
-0.00126803
-0.00146997
-0.00167354
-0.00188213
-0.00210375
-0.00233006
-0.00254118
-0.00270889
-0.00278912
-0.0027179
0.00027024
0.000230219
0.000114457
-4.66437e-05
-0.000225879
-0.000415511
-0.000609052
-0.000798607
-0.000972517
-0.00114998
-0.00135026
-0.00156487
-0.00178564
-0.00200914
-0.00224227
-0.00247829
-0.00269718
-0.00287212
-0.00295708
-0.00288761
0.000285732
0.000240243
0.000110897
-6.77064e-05
-0.000261454
-0.000460145
-0.000660701
-0.000858738
-0.00104234
-0.00122838
-0.00143708
-0.00166215
-0.00189761
-0.0021369
-0.00238091
-0.00262543
-0.00285102
-0.00303178
-0.00312093
-0.00305298
0.000297162
0.00024587
0.000104482
-8.95181e-05
-0.000298073
-0.000507014
-0.000714368
-0.000920765
-0.00111563
-0.00131051
-0.00152769
-0.00176272
-0.00200933
-0.00226346
-0.00251884
-0.00277055
-0.00300177
-0.00318673
-0.00327971
-0.00321325
0.000303436
0.000246458
9.47453e-05
-0.000112112
-0.000334277
-0.000554931
-0.000770203
-0.000984303
-0.00119069
-0.00139583
-0.00162113
-0.00186603
-0.00212154
-0.00238671
-0.00265393
-0.00291335
-0.00314946
-0.00333675
-0.00343226
-0.00336755
0.000303535
0.000241532
8.15128e-05
-0.00013589
-0.000370102
-0.000602526
-0.000827031
-0.00104904
-0.00126629
-0.00148266
-0.00171589
-0.00197002
-0.00223491
-0.00250754
-0.00278397
-0.00305193
-0.00329333
-0.0034823
-0.00357816
-0.00351434
0.000296715
0.000230622
6.4319e-05
-0.00016103
-0.000405306
-0.000649054
-0.000883394
-0.00111378
-0.00134151
-0.00156954
-0.0018109
-0.00207237
-0.00234706
-0.00262703
-0.00290878
-0.00318358
-0.0034311
-0.00362296
-0.00371825
-0.00365338
0.000282285
0.000213202
4.2922e-05
-0.000187678
-0.00043953
-0.000693446
-0.000938198
-0.00117758
-0.00141482
-0.00165435
-0.00190511
-0.00217221
-0.002454
-0.00274258
-0.00302926
-0.00330772
-0.00356018
-0.0037561
-0.00385226
-0.00378568
0.000259855
0.000188856
1.71779e-05
-0.000215903
-0.000472823
-0.000734999
-0.000989822
-0.00123895
-0.00148536
-0.00173463
-0.00199542
-0.00226915
-0.00255443
-0.0028494
-0.0031428
-0.00342396
-0.00367852
-0.00387742
-0.00397622
-0.00391
0.000229271
0.000157396
-1.3237e-05
-0.000245791
-0.000505046
-0.000773606
-0.00103718
-0.00129567
-0.00155189
-0.00180907
-0.00207767
-0.00236016
-0.00264846
-0.00294488
-0.00324385
-0.00352882
-0.00378453
-0.00398448
-0.00408519
-0.00402085
0.000190711
0.000118866
-4.8612e-05
-0.000277588
-0.000536038
-0.00080888
-0.00108001
-0.00134607
-0.00161224
-0.00187775
-0.00214999
-0.00244016
-0.00273443
-0.00302946
-0.00332924
-0.00361777
-0.00387545
-0.00407542
-0.00417619
-0.00411346
0.000145228
7.38743e-05
-8.91353e-05
-0.000312208
-0.000566267
-0.000839928
-0.00111744
-0.00138955
-0.00166295
-0.00193927
-0.00221454
-0.00250672
-0.00280842
-0.00310373
-0.00339944
-0.00368735
-0.00394616
-0.00414569
-0.0042442
-0.00418033
9.4705e-05
2.39082e-05
-0.000134165
-0.000350743
-0.000599204
-0.000868705
-0.00114822
-0.00142553
-0.00170182
-0.00198734
-0.00227021
-0.00256002
-0.0028654
-0.00316373
-0.00345421
-0.00373636
-0.00399187
-0.00418929
-0.00428371
-0.00421498
4.26075e-05
-2.76558e-05
-0.000181738
-0.000393131
-0.000637218
-0.000903558
-0.00118155
-0.00146049
-0.00173349
-0.00201717
-0.0023069
-0.0025938
-0.00289472
-0.00319812
-0.00348883
-0.00376612
-0.00401715
-0.00421448
-0.00431148
-0.00424541
-6.21548e-06
-7.60484e-05
-0.000227257
-0.00043367
-0.000673968
-0.000939692
-0.00121824
-0.00150205
-0.00177785
-0.0020519
-0.00233231
-0.00260523
-0.00287662
-0.00315222
-0.00341883
-0.00366995
-0.00389514
-0.00407189
-0.00415881
-0.00409535
-5.18074e-05
-0.000125843
-0.000278754
-0.000486123
-0.000728585
-0.000999701
-0.00128564
-0.00157927
-0.00187026
-0.00215483
-0.00243942
-0.00271356
-0.0029661
-0.00319922
-0.00340454
-0.00357044
-0.00368616
-0.00373697
-0.00369964
-0.00354045
0.00277702
0.00315753
0.00319285
0.00313335
0.00304505
0.00291611
0.00272693
0.00248022
0.00218652
0.00185594
0.00150576
0.00116388
0.000838087
0.000516251
0.000180922
-0.000170671
-0.000538057
-0.000933199
-0.0013694
-0.00186008
-0.00241401
-0.00303732
-0.00372035
-0.00445312
-0.0052032
-0.00591051
-0.00649398
-0.00686635
-0.00698151
-0.006853
-0.00656517
-0.0062116
-0.00585922
-0.00553936
-0.00526885
-0.00506189
-0.00491536
-0.00482223
-0.00477242
-0.00475776
-0.00475993
-0.0047733
-0.00480734
-0.00485395
-0.00490553
-0.00495561
-0.00500906
-0.00506276
-0.00510877
-0.0051571
-0.00520239
-0.00524978
-0.00530013
-0.00534171
-0.00539249
-0.00544607
-0.00548346
-0.00552251
-0.0055663
-0.00561371
-0.0056657
-0.00570275
-0.00573848
-0.00578689
-0.00582731
-0.00586459
-0.00590257
-0.00594153
-0.00598304
-0.00600832
-0.00603687
-0.00607774
-0.00609872
-0.00612815
-0.00617231
-0.006175
-0.00617606
-0.00621988
-0.00624894
-0.00624032
-0.00623967
-0.00626168
-0.0062761
-0.00626942
-0.00626291
-0.00626969
-0.00626859
-0.00625567
-0.00624942
-0.00624424
-0.0062308
-0.00621555
-0.00620375
-0.00618904
-0.00616948
-0.00615016
-0.00612919
-0.0061064
-0.00608064
-0.00605361
0.00222998
0.0028006
0.00308835
0.00311705
0.00302749
0.00288354
0.00269024
0.00244713
0.00215805
0.00183022
0.00148081
0.00113921
0.000814337
0.00049384
0.000159484
-0.000191395
-0.000557622
-0.000950953
-0.001385
-0.00187271
-0.00242221
-0.00303996
-0.00371537
-0.00443699
-0.00517443
-0.00587041
-0.00644852
-0.00682549
-0.00694988
-0.00683007
-0.00654864
-0.00619915
-0.00584886
-0.00553082
-0.00526172
-0.00505584
-0.0049099
-0.00481727
-0.00476776
-0.00475352
-0.00475601
-0.00476949
-0.00480384
-0.00485064
-0.00490239
-0.00495262
-0.0050062
-0.00506019
-0.00510633
-0.0051548
-0.0052003
-0.00524784
-0.00529834
-0.00533996
-0.00539088
-0.00544466
-0.0054821
-0.00552123
-0.0055651
-0.0056126
-0.00566473
-0.00570177
-0.00573753
-0.0057861
-0.00582653
-0.00586383
-0.00590187
-0.00594087
-0.0059825
-0.00600777
-0.00603631
-0.0060773
-0.00609827
-0.00612771
-0.00617202
-0.00617465
-0.00617566
-0.00621962
-0.00624874
-0.00624006
-0.00623941
-0.00626149
-0.00627594
-0.00626926
-0.00626274
-0.00626956
-0.00626849
-0.00625555
-0.00624932
-0.00624416
-0.00623073
-0.00621548
-0.00620369
-0.006189
-0.00616944
-0.00615013
-0.00612916
-0.00610637
-0.00608063
-0.00605352
0.00192706
0.00258663
0.0030275
0.00314719
0.00306221
0.00289153
0.00267721
0.0024258
0.00213527
0.00180711
0.00145609
0.00111232
0.000786418
0.000465586
0.000131027
-0.000220166
-0.000586159
-0.000977812
-0.00140903
-0.00189251
-0.00243509
-0.00304248
-0.00370339
-0.00440348
-0.00511372
-0.00578177
-0.00633991
-0.00671241
-0.00685124
-0.00675858
-0.00650353
-0.00617247
-0.00583304
-0.00552137
-0.00525771
-0.0050559
-0.00491213
-0.00482003
-0.00477027
-0.00475542
-0.00475741
-0.00477065
-0.00480454
-0.00485086
-0.0049022
-0.00495198
-0.00500527
-0.00505892
-0.00510486
-0.00515339
-0.00519877
-0.00524629
-0.00529688
-0.00533835
-0.00538915
-0.00544291
-0.00548039
-0.0055197
-0.00556365
-0.0056111
-0.00566328
-0.00570039
-0.00573619
-0.00578483
-0.00582533
-0.0058627
-0.00590076
-0.00593976
-0.00598148
-0.00600682
-0.00603545
-0.00607655
-0.00609747
-0.00612692
-0.00617141
-0.00617408
-0.00617506
-0.00621912
-0.00624829
-0.00623962
-0.00623902
-0.00626117
-0.00627565
-0.00626897
-0.00626249
-0.00626936
-0.00626832
-0.00625538
-0.00624918
-0.00624405
-0.00623062
-0.00621538
-0.00620362
-0.00618894
-0.00616939
-0.00615009
-0.00612913
-0.00610636
-0.00608069
-0.00605348
0.00169224
0.00236864
0.00289458
0.00310277
0.00305554
0.00288077
0.00265002
0.0023881
0.00209463
0.00176698
0.00141621
0.00107202
0.000746221
0.000425699
9.15192e-05
-0.000259328
-0.000624205
-0.00101302
-0.00143988
-0.00191723
-0.00245034
-0.00304325
-0.0036845
-0.00435945
-0.0050387
-0.00567535
-0.00621024
-0.00657704
-0.00673175
-0.00666983
-0.00644647
-0.00613853
-0.00581315
-0.0055102
-0.0052522
-0.00505406
-0.00491205
-0.00482028
-0.00477015
-0.00475434
-0.00475602
-0.00476939
-0.00480299
-0.0048489
-0.00489978
-0.00494925
-0.00500216
-0.00505536
-0.00510141
-0.00515012
-0.00519542
-0.00524318
-0.00529405
-0.00533545
-0.00538609
-0.00543971
-0.00547731
-0.00551715
-0.00556134
-0.00560857
-0.00566078
-0.00569817
-0.00573403
-0.00578265
-0.00582329
-0.00586088
-0.00589892
-0.00593774
-0.00597954
-0.00600514
-0.00603391
-0.00607505
-0.00609593
-0.00612533
-0.00616996
-0.00617284
-0.0061739
-0.00621787
-0.00624705
-0.00623859
-0.00623814
-0.00626027
-0.00627475
-0.00626818
-0.0062618
-0.00626872
-0.00626772
-0.00625484
-0.00624871
-0.00624361
-0.00623023
-0.00621504
-0.00620332
-0.00618867
-0.00616916
-0.0061499
-0.00612899
-0.00610624
-0.00608078
-0.00605344
0.00147874
0.00214592
0.00272227
0.00301513
0.00303
0.00287151
0.00263332
0.00236049
0.00206004
0.00172903
0.00137658
0.00103166
0.000706212
0.00038618
5.23975e-05
-0.000297705
-0.000661105
-0.00104712
-0.00146947
-0.00193971
-0.00246186
-0.00303835
-0.00365761
-0.00430488
-0.0049523
-0.00555814
-0.00607068
-0.00643182
-0.00660116
-0.00656938
-0.00637965
-0.00609822
-0.00578997
-0.00549742
-0.00524522
-0.0050503
-0.00491003
-0.00481898
-0.00476882
-0.00475247
-0.00475411
-0.00476788
-0.00480134
-0.00484672
-0.00489719
-0.00494625
-0.00499869
-0.00505144
-0.00509746
-0.00514634
-0.00519157
-0.00523958
-0.00529079
-0.00533196
-0.00538227
-0.00543563
-0.00547333
-0.00551384
-0.00555829
-0.00560516
-0.0056573
-0.00569507
-0.00573109
-0.00577948
-0.00582026
-0.00585831
-0.0058962
-0.0059346
-0.00597657
-0.00600259
-0.00603145
-0.00607264
-0.00609355
-0.00612271
-0.00616739
-0.00617085
-0.00617209
-0.00621566
-0.00624481
-0.00623684
-0.00623664
-0.00625863
-0.00627311
-0.00626678
-0.00626055
-0.00626751
-0.0062666
-0.00625387
-0.00624781
-0.00624277
-0.00622949
-0.00621439
-0.00620272
-0.00618813
-0.00616869
-0.0061495
-0.00612867
-0.00610596
-0.00608079
-0.00605338
0.00127474
0.00192566
0.0025382
0.00290442
0.00298856
0.00286288
0.00262694
0.00234358
0.00203239
0.00169363
0.00133616
0.000988705
0.000663144
0.00034372
1.04408e-05
-0.000338501
-0.000699712
-0.00108223
-0.00149925
-0.00196102
-0.00247031
-0.00302907
-0.00362547
-0.00424461
-0.00486098
-0.00543759
-0.0059291
-0.00628426
-0.00646644
-0.00646306
-0.00630688
-0.00605383
-0.00576495
-0.00548414
-0.00523812
-0.00504617
-0.00490751
-0.00481714
-0.00476706
-0.00475035
-0.00475203
-0.00476635
-0.00479962
-0.00484455
-0.00489461
-0.00494306
-0.00499502
-0.00504725
-0.00509309
-0.00514217
-0.00518728
-0.00523553
-0.00528719
-0.00532799
-0.00537778
-0.00543092
-0.00546879
-0.00550996
-0.0055547
-0.00560118
-0.00565317
-0.00569141
-0.0057276
-0.00577565
-0.00581663
-0.00585521
-0.00589289
-0.00593074
-0.0059729
-0.00599942
-0.00602836
-0.0060696
-0.00609056
-0.00611933
-0.00616403
-0.00616831
-0.00616974
-0.00621267
-0.00624178
-0.00623451
-0.0062346
-0.00625634
-0.0062708
-0.00626482
-0.00625879
-0.00626575
-0.00626497
-0.00625246
-0.00624646
-0.00624149
-0.00622835
-0.0062134
-0.00620178
-0.00618727
-0.00616794
-0.00614885
-0.00612815
-0.00610549
-0.00608068
-0.00605325
0.00107625
0.001713
0.00235056
0.00277647
0.00292824
0.00284535
0.00262027
0.00232992
0.00200794
0.00165937
0.00129376
0.000941365
0.000615062
0.000296945
-3.49837e-05
-0.000382079
-0.000740336
-0.00111811
-0.00152869
-0.00198129
-0.00247661
-0.00301678
-0.00359002
-0.00418116
-0.00476729
-0.00531611
-0.00578762
-0.00613608
-0.00632851
-0.00635087
-0.00622755
-0.00600429
-0.00573693
-0.00546955
-0.00523052
-0.0050416
-0.00490437
-0.00481454
-0.00476457
-0.00474757
-0.00474941
-0.00476441
-0.00479758
-0.00484207
-0.00489177
-0.00493953
-0.00499089
-0.00504262
-0.00508822
-0.00513754
-0.00518253
-0.00523096
-0.00528322
-0.00532362
-0.00537269
-0.00542572
-0.00546384
-0.00550565
-0.00555072
-0.00559678
-0.00564864
-0.00568736
-0.00572371
-0.00577146
-0.00581259
-0.00585172
-0.00588924
-0.00592646
-0.00596874
-0.00599588
-0.00602492
-0.00606616
-0.00608716
-0.00611548
-0.00616021
-0.00616542
-0.00616703
-0.00620919
-0.00623829
-0.00623183
-0.00623221
-0.00625364
-0.00626807
-0.00626251
-0.00625669
-0.00626363
-0.00626301
-0.00625074
-0.00624483
-0.00623992
-0.00622696
-0.00621217
-0.00620062
-0.0061862
-0.00616699
-0.00614801
-0.00612747
-0.00610488
-0.00608045
-0.00605304
0.000878884
0.00150608
0.0021615
0.00263487
0.00284867
0.00281493
0.00260841
0.00231579
0.00198496
0.00162672
0.00125146
0.000891369
0.000562845
0.000246507
-8.31094e-05
-0.000427885
-0.000783028
-0.00115516
-0.0015579
-0.00200062
-0.00248142
-0.00300181
-0.0035512
-0.00411483
-0.00467186
-0.00519382
-0.00564554
-0.00598643
-0.0061868
-0.00623234
-0.00614073
-0.00594832
-0.00570461
-0.00545263
-0.00522194
-0.00503652
-0.00490056
-0.00481111
-0.00476115
-0.0047439
-0.00474592
-0.00476179
-0.004795
-0.00483896
-0.00488845
-0.00493558
-0.00498623
-0.00503745
-0.00508283
-0.00513252
-0.00517746
-0.00522588
-0.00527879
-0.00531892
-0.0053672
-0.00542005
-0.00545849
-0.00550102
-0.0055464
-0.00559201
-0.00564374
-0.00568296
-0.00571954
-0.00576697
-0.0058082
-0.0058479
-0.0058853
-0.00592183
-0.00596422
-0.00599204
-0.00602121
-0.00606241
-0.00608343
-0.00611131
-0.00615608
-0.00616227
-0.00616404
-0.00620539
-0.00623448
-0.00622888
-0.00622958
-0.00625065
-0.00626506
-0.00625996
-0.00625437
-0.00626128
-0.00626082
-0.00624884
-0.006243
-0.00623816
-0.0062254
-0.00621077
-0.0061993
-0.00618498
-0.00616592
-0.00614706
-0.00612669
-0.00610419
-0.00608013
-0.00605279
0.000680327
0.00130378
0.00197369
0.00248442
0.00275208
0.00276923
0.00258892
0.00229893
0.00196215
0.0015963
0.00121144
0.00084079
0.000506886
0.000191693
-0.000134786
-0.000476718
-0.000828499
-0.00119405
-0.00158682
-0.00201796
-0.00248369
-0.00298335
-0.00350821
-0.00404532
-0.00457473
-0.00507041
-0.00550238
-0.00583505
-0.00604165
-0.00610802
-0.00604648
-0.00588558
-0.00566755
-0.00543285
-0.00521203
-0.00503077
-0.00489608
-0.00480667
-0.00475651
-0.00473904
-0.00474128
-0.00475826
-0.00479176
-0.00483529
-0.00488469
-0.00493128
-0.0049812
-0.00503185
-0.00507701
-0.00512723
-0.00517209
-0.00522029
-0.00527382
-0.00531387
-0.00536141
-0.00541396
-0.00545267
-0.00549605
-0.00554184
-0.00558691
-0.00563843
-0.00567827
-0.00571511
-0.00576214
-0.00580347
-0.00584378
-0.00588107
-0.00591689
-0.00595939
-0.00598789
-0.0060172
-0.00605837
-0.00607943
-0.00610684
-0.00615163
-0.00615884
-0.00616081
-0.00620131
-0.00623039
-0.0062257
-0.00622672
-0.00624743
-0.00626182
-0.00625721
-0.00625186
-0.00625873
-0.00625845
-0.00624677
-0.00624102
-0.00623625
-0.0062237
-0.00620926
-0.00619788
-0.00618366
-0.00616475
-0.00614601
-0.00612584
-0.00610344
-0.00607973
-0.0060525
0.000480678
0.00110505
0.00178811
0.0023284
0.0026413
0.00270817
0.00256009
0.00227774
0.00193762
0.00156668
0.00117348
0.00079088
0.000448024
0.00013263
-0.000189466
-0.000527435
-0.00087515
-0.00123353
-0.00161491
-0.00203269
-0.00248301
-0.00296215
-0.00346227
-0.00397333
-0.00447614
-0.00494607
-0.00535839
-0.00568245
-0.00589394
-0.00597883
-0.00594523
-0.00581557
-0.00562467
-0.0054092
-0.00520002
-0.00502399
-0.00489102
-0.00480156
-0.00475093
-0.00473333
-0.00473577
-0.00475386
-0.00478791
-0.00483114
-0.00488046
-0.00492648
-0.00497575
-0.00502587
-0.00507066
-0.00512146
-0.00516638
-0.00521431
-0.00526848
-0.00530845
-0.00535525
-0.00540759
-0.00544642
-0.0054906
-0.00553703
-0.00558151
-0.00563267
-0.00567321
-0.00571037
-0.00575698
-0.00579839
-0.00583935
-0.00587653
-0.0059116
-0.00595421
-0.00598343
-0.00601286
-0.00605405
-0.00607519
-0.00610203
-0.00614684
-0.00615517
-0.00615735
-0.00619694
-0.00622601
-0.00622229
-0.00622365
-0.00624398
-0.00625835
-0.00625424
-0.00624916
-0.00625599
-0.00625591
-0.00624454
-0.00623889
-0.0062342
-0.00622188
-0.00620763
-0.00619635
-0.00618223
-0.00616349
-0.00614489
-0.00612491
-0.00610263
-0.00607925
-0.00605218
0.00028114
0.000908717
0.00160493
0.00217004
0.00252041
0.00263252
0.00251963
0.00225004
0.00190897
0.00153536
0.00113662
0.000742641
0.000388437
7.06897e-05
-0.000246447
-0.000579381
-0.000922537
-0.00127381
-0.0016433
-0.00204569
-0.00247932
-0.00293834
-0.003414
-0.00389862
-0.00437534
-0.00482089
-0.0052142
-0.00552934
-0.00574427
-0.00584523
-0.00583726
-0.00573789
-0.00557515
-0.0053811
-0.00518576
-0.0050162
-0.00488559
-0.00479618
-0.00474458
-0.00472672
-0.00472921
-0.00474831
-0.00478315
-0.00482616
-0.00487559
-0.00492106
-0.00496979
-0.0050197
-0.00506384
-0.00511512
-0.00516043
-0.00520807
-0.00526285
-0.00530256
-0.00534846
-0.00540087
-0.00543988
-0.00548463
-0.00553181
-0.00557586
-0.00562655
-0.00566766
-0.00570528
-0.00575153
-0.00579292
-0.00583455
-0.00587169
-0.00590592
-0.00594861
-0.00597864
-0.00600824
-0.00604942
-0.00607062
-0.00609688
-0.0061417
-0.00615123
-0.00615364
-0.00619225
-0.00622132
-0.00621863
-0.00622037
-0.00624027
-0.00625462
-0.00625107
-0.00624627
-0.00625305
-0.00625318
-0.00624214
-0.00623661
-0.00623199
-0.00621991
-0.00620587
-0.0061947
-0.0061807
-0.00616214
-0.00614368
-0.00612391
-0.00610176
-0.00607868
-0.0060518
8.06259e-05
0.000712015
0.00142239
0.00201043
0.00239187
0.00254252
0.00246549
0.00221406
0.00187525
0.00150103
0.0011001
0.000697145
0.000330535
7.27378e-06
-0.000306252
-0.000633213
-0.000970991
-0.00131504
-0.00167227
-0.00205751
-0.00247265
-0.00291158
-0.0033635
-0.00382154
-0.00427239
-0.00469522
-0.00507038
-0.005376
-0.0055929
-0.00570774
-0.00572339
-0.00565305
-0.00551895
-0.00534824
-0.00516859
-0.00500673
-0.00487919
-0.00479021
-0.00473733
-0.00471881
-0.0047214
-0.00474156
-0.0047773
-0.00482025
-0.00487009
-0.00491524
-0.00496335
-0.00501318
-0.00505661
-0.00510812
-0.005154
-0.00520143
-0.00525682
-0.00529625
-0.00534095
-0.00539359
-0.00543309
-0.00547818
-0.005526
-0.00556987
-0.00562008
-0.00566158
-0.00569974
-0.00574572
-0.00578702
-0.00582938
-0.0058666
-0.00589984
-0.00594251
-0.00597355
-0.00600336
-0.00604441
-0.00606567
-0.00609141
-0.00613625
-0.006147
-0.00614965
-0.00618724
-0.00621632
-0.00621471
-0.00621683
-0.0062363
-0.00625063
-0.00624767
-0.00624317
-0.00624989
-0.00625025
-0.00623958
-0.00623415
-0.00622961
-0.0062178
-0.00620398
-0.00619293
-0.00617906
-0.00616068
-0.00614238
-0.00612282
-0.00610081
-0.00607801
-0.00605136
-0.000119106
0.000515187
0.00124006
0.00185004
0.00225796
0.00244039
0.00239774
0.00216909
0.0018363
0.00146254
0.00106191
0.000653134
0.00027463
-5.70825e-05
-0.000369194
-0.000689015
-0.00101976
-0.00135616
-0.00170127
-0.00206872
-0.00246372
-0.00288151
-0.00331028
-0.0037428
-0.00416832
-0.00456932
-0.00492718
-0.00522296
-0.00544069
-0.00556758
-0.00560469
-0.00556159
-0.00545572
-0.00530941
-0.0051473
-0.00499478
-0.00487129
-0.00478352
-0.00472953
-0.00471006
-0.00471272
-0.00473385
-0.0047705
-0.0048134
-0.00486373
-0.00490884
-0.00495616
-0.00500586
-0.00504884
-0.00510057
-0.00514706
-0.00519434
-0.0052504
-0.0052897
-0.00533287
-0.00538548
-0.00542585
-0.00547141
-0.00551969
-0.0055634
-0.00561323
-0.00565508
-0.0056937
-0.00573951
-0.00578078
-0.00582383
-0.00586114
-0.00589329
-0.00593588
-0.00596808
-0.00599821
-0.00603903
-0.00606033
-0.00608557
-0.00613045
-0.00614244
-0.00614533
-0.00618189
-0.00621098
-0.00621051
-0.00621304
-0.00623205
-0.00624637
-0.00624402
-0.00623985
-0.0062465
-0.00624712
-0.00623683
-0.00623153
-0.00622707
-0.00621554
-0.00620196
-0.00619103
-0.0061773
-0.00615911
-0.00614099
-0.00612165
-0.00609979
-0.00607725
-0.00605085
-0.000315943
0.000319515
0.0010577
0.00168817
0.00211975
0.00232901
0.00231757
0.00211438
0.00179107
0.00141851
0.00101967
0.000608818
0.000220835
-0.000120597
-0.000433365
-0.000745982
-0.00106821
-0.00139622
-0.0017297
-0.00207949
-0.00245295
-0.00284812
-0.00325418
-0.00366323
-0.00406439
-0.00444331
-0.00478422
-0.00507056
-0.00528833
-0.00542555
-0.00548163
-0.00546364
-0.00538525
-0.00526379
-0.00512116
-0.00497991
-0.00486152
-0.00477585
-0.00472123
-0.00470084
-0.00470308
-0.00472482
-0.0047626
-0.00480526
-0.00485606
-0.0049015
-0.00494809
-0.0049979
-0.00504069
-0.0050927
-0.0051398
-0.00518658
-0.00524332
-0.00528283
-0.00532431
-0.00537654
-0.00541788
-0.00546435
-0.00551313
-0.00555636
-0.00560582
-0.00564818
-0.0056872
-0.00573283
-0.0057741
-0.00581781
-0.00585526
-0.00588639
-0.00592884
-0.00596216
-0.0059927
-0.00603337
-0.00605461
-0.00607928
-0.00612426
-0.0061376
-0.00614071
-0.00617616
-0.0062053
-0.00620602
-0.00620897
-0.0062275
-0.00624181
-0.00624013
-0.00623629
-0.00624288
-0.00624375
-0.00623388
-0.00622871
-0.00622435
-0.00621311
-0.0061998
-0.006189
-0.00617542
-0.00615743
-0.00613949
-0.00612037
-0.00609867
-0.00607637
-0.00605025
-0.000510757
0.000125132
0.000874524
0.0015235
0.00197715
0.00221056
0.00222668
0.00204903
0.00173827
0.00136829
0.00097253
0.00056357
0.000169526
-0.000181552
-0.000497199
-0.00080391
-0.0011167
-0.0014348
-0.00175716
-0.00209035
-0.0024415
-0.00281291
-0.00319598
-0.00358271
-0.00396071
-0.00431739
-0.00464126
-0.00491877
-0.00513642
-0.00528231
-0.00535512
-0.00535991
-0.00530781
-0.00521123
-0.00508923
-0.00496133
-0.00484935
-0.00476675
-0.00471223
-0.00469113
-0.00469244
-0.00471423
-0.00475356
-0.00479611
-0.00484712
-0.0048931
-0.00493916
-0.00498939
-0.00503188
-0.00508402
-0.00513211
-0.00517819
-0.00523544
-0.00527563
-0.00531543
-0.00536694
-0.00540914
-0.00545668
-0.00550623
-0.0055489
-0.00559773
-0.00564072
-0.00568035
-0.00572572
-0.00576683
-0.00581131
-0.00584911
-0.00587918
-0.00592128
-0.00595568
-0.00598676
-0.00602741
-0.00604856
-0.00607251
-0.00611764
-0.00613248
-0.00613576
-0.00617001
-0.00619923
-0.00620125
-0.00620463
-0.00622264
-0.00623694
-0.00623597
-0.00623248
-0.006239
-0.00624015
-0.00623074
-0.00622568
-0.00622143
-0.00621051
-0.00619748
-0.00618681
-0.0061734
-0.00615562
-0.00613788
-0.00611899
-0.00609746
-0.00607539
-0.00604956
-0.000703288
-6.65342e-05
0.000691662
0.00135659
0.00183103
0.00208665
0.00212661
0.0019727
0.00167707
0.00131213
0.000920078
0.000515395
0.000118767
-0.000240437
-0.000560297
-0.000862262
-0.00116527
-0.00147224
-0.0017832
-0.0021011
-0.00242974
-0.00277631
-0.00313561
-0.00350034
-0.00385684
-0.00419262
-0.0044995
-0.00476807
-0.00498587
-0.00513915
-0.00522635
-0.00525132
-0.0052237
-0.0051518
-0.005051
-0.00493828
-0.0048342
-0.00475563
-0.00470191
-0.00468048
-0.00468149
-0.00470259
-0.0047434
-0.00478633
-0.00483678
-0.00488326
-0.00492897
-0.00497981
-0.00502242
-0.00507448
-0.00512417
-0.00516978
-0.00522673
-0.00526775
-0.0053061
-0.00535677
-0.0053998
-0.00544806
-0.00549863
-0.00554128
-0.0055892
-0.00563253
-0.00567311
-0.00571833
-0.00575894
-0.00580424
-0.00584267
-0.00587149
-0.00591306
-0.00594875
-0.00598047
-0.00602107
-0.00604215
-0.00606527
-0.00611047
-0.00612699
-0.00613053
-0.00616345
-0.00619275
-0.00619617
-0.00619999
-0.00621742
-0.00623172
-0.00623153
-0.00622841
-0.00623486
-0.00623631
-0.00622737
-0.00622245
-0.00621831
-0.00620771
-0.00619499
-0.00618447
-0.00617124
-0.00615368
-0.00613615
-0.0061175
-0.00609614
-0.00607428
-0.00604875
-0.000894645
-0.000256286
0.000509242
0.00118789
0.00168131
0.00195754
0.00201863
0.00188652
0.00160756
0.00125004
0.000861977
0.000462726
6.74431e-05
-0.000296909
-0.000621177
-0.000919413
-0.00121308
-0.00150872
-0.00180684
-0.00211009
-0.0024179
-0.00273915
-0.00307398
-0.00341686
-0.00375332
-0.00407031
-0.00436058
-0.0046189
-0.00483642
-0.00499657
-0.00509606
-0.0051385
-0.00513325
-0.00508544
-0.00500605
-0.00490953
-0.00481489
-0.00474185
-0.00469002
-0.00466904
-0.00467076
-0.00469037
-0.00473158
-0.00477528
-0.00482499
-0.00487204
-0.0049175
-0.00496898
-0.00501245
-0.00506424
-0.00511551
-0.00516114
-0.0052172
-0.0052589
-0.00529619
-0.00534607
-0.00539003
-0.00543867
-0.00549007
-0.00553336
-0.00558057
-0.00562363
-0.00566512
-0.00571054
-0.00575052
-0.00579647
-0.0058358
-0.00586344
-0.00590433
-0.00594141
-0.00597374
-0.00601415
-0.00603529
-0.00605768
-0.00610286
-0.00612111
-0.00612499
-0.00615648
-0.00618579
-0.00619073
-0.00619504
-0.00621187
-0.00622617
-0.00622681
-0.00622407
-0.00623042
-0.00623219
-0.00622378
-0.00621899
-0.00621497
-0.00620473
-0.00619232
-0.00618198
-0.00616893
-0.00615159
-0.00613429
-0.00611588
-0.00609469
-0.00607305
-0.00604781
-0.00108602
-0.000444914
0.000328112
0.00101905
0.00152903
0.00182409
0.00190406
0.00179172
0.00152964
0.00118153
0.000798442
0.000405263
1.44437e-05
-0.000351641
-0.000679534
-0.000974963
-0.00125969
-0.0015442
-0.00182833
-0.00211677
-0.00240642
-0.00270282
-0.00301205
-0.00333321
-0.00365055
-0.00395036
-0.00422486
-0.00447152
-0.00468737
-0.00485454
-0.00496555
-0.00502281
-0.00503735
-0.00501242
-0.00495421
-0.0048747
-0.00479099
-0.00472511
-0.00467658
-0.00465644
-0.00465945
-0.00467769
-0.00471817
-0.00476262
-0.00481228
-0.00485983
-0.00490452
-0.00495648
-0.00500142
-0.00505314
-0.00510587
-0.00515205
-0.00520737
-0.00524947
-0.00528561
-0.00533463
-0.00537977
-0.00542891
-0.00548049
-0.00552447
-0.00557172
-0.00561433
-0.00565614
-0.00570225
-0.00574192
-0.00578806
-0.00582831
-0.00585505
-0.00589505
-0.00593341
-0.00596653
-0.00600679
-0.00602802
-0.00604972
-0.00609477
-0.00611469
-0.00611898
-0.00614911
-0.00617843
-0.00618493
-0.00618978
-0.00620597
-0.00622024
-0.00622175
-0.00621942
-0.00622569
-0.00622781
-0.00621995
-0.0062153
-0.00621141
-0.00620154
-0.00618947
-0.0061793
-0.00616645
-0.00614935
-0.00613229
-0.00611413
-0.00609312
-0.00607167
-0.00604674
-0.00127731
-0.00063251
0.000148683
0.000850913
0.00137495
0.0016866
0.00178354
0.00168927
0.00144402
0.00110701
0.000730213
0.000343198
-4.17491e-05
-0.000406071
-0.000735467
-0.00102857
-0.00130457
-0.00157817
-0.00184832
-0.00212091
-0.00239383
-0.00266778
-0.00295095
-0.00324995
-0.00354891
-0.00383232
-0.00409245
-0.00432739
-0.0045399
-0.00471362
-0.00483627
-0.00490584
-0.00493674
-0.0049332
-0.00489547
-0.00483374
-0.00476189
-0.00470408
-0.00466075
-0.0046419
-0.00464688
-0.00466498
-0.00470417
-0.00474851
-0.00479801
-0.00484642
-0.00489013
-0.00494222
-0.00498916
-0.00504104
-0.0050954
-0.00514246
-0.00519713
-0.00523974
-0.00527434
-0.00532201
-0.00536875
-0.00541888
-0.00547021
-0.00551434
-0.0055622
-0.00560488
-0.00564666
-0.00569341
-0.00573294
-0.00577892
-0.00582002
-0.00584619
-0.00588528
-0.00592486
-0.00595895
-0.00599909
-0.00602014
-0.00604109
-0.00608621
-0.00610794
-0.0061126
-0.00614131
-0.00617066
-0.00617876
-0.00618412
-0.00619966
-0.00621395
-0.0062164
-0.00621449
-0.00622065
-0.00622313
-0.00621585
-0.00621136
-0.0062076
-0.00619813
-0.00618642
-0.00617645
-0.0061638
-0.00614696
-0.00613015
-0.00611224
-0.00609141
-0.00607016
-0.00604551
-0.00146728
-0.000818778
-2.92897e-05
0.000683771
0.00122005
0.0015462
0.00165849
0.00158077
0.00135164
0.00102646
0.000656891
0.000276174
-0.000101837
-0.000461113
-0.000788902
-0.00107976
-0.0013473
-0.00160975
-0.00186662
-0.00212292
-0.00237927
-0.00263424
-0.00289256
-0.00316758
-0.00344867
-0.0037166
-0.00396389
-0.00418806
-0.00439533
-0.00457369
-0.00470771
-0.00478877
-0.00483261
-0.00484806
-0.00482987
-0.004786
-0.00472698
-0.00467779
-0.00464184
-0.00462571
-0.00463314
-0.00465224
-0.00469001
-0.00473315
-0.00478132
-0.00483149
-0.00487521
-0.00492644
-0.00497537
-0.00502754
-0.00508372
-0.00513236
-0.00518608
-0.00522949
-0.0052628
-0.00530826
-0.00535663
-0.00540849
-0.00545971
-0.00550345
-0.00555157
-0.0055949
-0.00563697
-0.00568389
-0.00572304
-0.00576911
-0.00581129
-0.0058369
-0.00587498
-0.00591572
-0.00595079
-0.00599087
-0.00601175
-0.00603189
-0.00607723
-0.00610095
-0.00610577
-0.00613284
-0.0061624
-0.00617227
-0.0061781
-0.00619293
-0.00620731
-0.00621073
-0.00620921
-0.00621524
-0.00621816
-0.00621151
-0.00620716
-0.00620353
-0.00619448
-0.00618316
-0.00617341
-0.00616098
-0.00614439
-0.00612784
-0.00611021
-0.00608956
-0.00606847
-0.00604411
-0.00165427
-0.00100294
-0.000206055
0.000517411
0.00106476
0.00140376
0.00152986
0.00146679
0.00125266
0.000939766
0.00057877
0.000205144
-0.000164873
-0.000517287
-0.000840789
-0.0011288
-0.00138834
-0.00163919
-0.00188365
-0.0021241
-0.00236312
-0.00260084
-0.00283724
-0.00308702
-0.00334997
-0.0036042
-0.00383959
-0.00405383
-0.00425454
-0.00443527
-0.00457961
-0.00467272
-0.00472678
-0.00475738
-0.00475797
-0.00473157
-0.00468643
-0.00464645
-0.00461928
-0.00460779
-0.00461751
-0.00463837
-0.00467522
-0.00471698
-0.0047628
-0.00481427
-0.00485964
-0.00490951
-0.00495979
-0.0050127
-0.00507035
-0.00512147
-0.00517449
-0.00521832
-0.00525126
-0.00529412
-0.00534316
-0.00539732
-0.00544898
-0.00549188
-0.00553968
-0.00558376
-0.00562676
-0.00567418
-0.00571265
-0.00575867
-0.00580221
-0.00582706
-0.0058637
-0.00590583
-0.00594222
-0.00598234
-0.00600309
-0.00602209
-0.00606746
-0.00609353
-0.00609865
-0.00612378
-0.00615358
-0.00616551
-0.0061718
-0.00618572
-0.0062002
-0.0062047
-0.00620362
-0.00620952
-0.00621289
-0.00620687
-0.00620268
-0.00619921
-0.0061906
-0.00617969
-0.00617016
-0.00615796
-0.00614164
-0.00612536
-0.00610801
-0.00608754
-0.00606662
-0.00604253
-0.00183765
-0.00118462
-0.000381884
0.000351065
0.000909045
0.00125987
0.00139884
0.0013487
0.00114856
0.000848063
0.000496661
0.000130759
-0.000230909
-0.000575616
-0.000892787
-0.00117617
-0.00142816
-0.00166678
-0.00189872
-0.00212402
-0.00234555
-0.0025665
-0.00278471
-0.00301087
-0.00325381
-0.00349544
-0.00371997
-0.00392478
-0.00411865
-0.00429955
-0.00445232
-0.00455772
-0.00462103
-0.00466278
-0.00468038
-0.00467084
-0.00463983
-0.00460967
-0.00459184
-0.00458676
-0.00459945
-0.00462318
-0.00465987
-0.00470072
-0.00474388
-0.00479408
-0.00484212
-0.00489227
-0.00494286
-0.0049966
-0.00505504
-0.00510886
-0.00516254
-0.00520609
-0.00523919
-0.0052804
-0.00532868
-0.0053847
-0.0054375
-0.00547966
-0.00552731
-0.00557187
-0.0056154
-0.00566423
-0.00570236
-0.00574717
-0.00579197
-0.00581679
-0.00585186
-0.00589535
-0.00593336
-0.00597339
-0.00599384
-0.00601155
-0.00605686
-0.00608573
-0.00609145
-0.0061142
-0.00614404
-0.00615835
-0.00616521
-0.00617802
-0.00619262
-0.00619838
-0.00619774
-0.0062034
-0.00620725
-0.00620195
-0.00619794
-0.00619462
-0.00618645
-0.00617597
-0.00616671
-0.00615474
-0.0061387
-0.0061227
-0.00610563
-0.00608536
-0.00606459
-0.00604076
-0.00201747
-0.0013632
-0.000555668
0.000185552
0.000754029
0.00111583
0.00126686
0.00122821
0.00104047
0.000751742
0.000410207
5.29149e-05
-0.000299952
-0.000635929
-0.000945463
-0.00122223
-0.0014665
-0.00169258
-0.00191149
-0.00212294
-0.00232807
-0.00253222
-0.00273402
-0.00293972
-0.00316108
-0.00338962
-0.00360547
-0.00380156
-0.00398846
-0.00416785
-0.00432689
-0.00444379
-0.00451639
-0.00456594
-0.00459705
-0.00460388
-0.00458711
-0.00456732
-0.00455931
-0.00456239
-0.00457952
-0.00460661
-0.00464335
-0.00468366
-0.00472478
-0.00477155
-0.00482158
-0.00487453
-0.00492528
-0.00497903
-0.005038
-0.00509414
-0.00514988
-0.00519336
-0.00522607
-0.00526677
-0.00531385
-0.00537054
-0.00542511
-0.00546695
-0.00551463
-0.00555949
-0.00560225
-0.00565303
-0.00569247
-0.00573523
-0.00578056
-0.00580643
-0.00583983
-0.00588366
-0.00592346
-0.00596401
-0.00598434
-0.00600063
-0.00604561
-0.00607735
-0.00608395
-0.0061042
-0.0061338
-0.00615066
-0.00615834
-0.00616999
-0.00618461
-0.00619164
-0.00619146
-0.00619692
-0.00620131
-0.00619676
-0.0061929
-0.00618974
-0.00618206
-0.00617205
-0.00616306
-0.00615131
-0.00613556
-0.00611986
-0.00610309
-0.00608299
-0.00606235
-0.00603877
-0.00219395
-0.00153802
-0.000726019
2.22048e-05
0.000600274
0.000972006
0.00113387
0.00110599
0.000929135
0.000651684
0.000320278
-2.7397e-05
-0.000371155
-0.000698085
-0.000999225
-0.00126782
-0.00150358
-0.00171772
-0.00192301
-0.00212127
-0.00231095
-0.0024981
-0.0026838
-0.00287271
-0.00307407
-0.00328774
-0.00349609
-0.00368504
-0.0038648
-0.00404134
-0.00420413
-0.00433058
-0.00441276
-0.0044685
-0.00450951
-0.0045314
-0.00452908
-0.00451998
-0.00452162
-0.00453432
-0.004557
-0.00458721
-0.00462494
-0.00466526
-0.00470567
-0.00474881
-0.00479817
-0.00485453
-0.00490713
-0.00496054
-0.0050198
-0.00507765
-0.00513537
-0.00517963
-0.00521178
-0.00525258
-0.00529937
-0.00535579
-0.00541179
-0.00545314
-0.00550058
-0.00554688
-0.00558843
-0.00564008
-0.00568244
-0.00572389
-0.00576832
-0.005795
-0.00582714
-0.00587098
-0.00591278
-0.00595458
-0.00597485
-0.00598907
-0.00603336
-0.00606826
-0.00607613
-0.00609383
-0.00612303
-0.00614247
-0.0061511
-0.00616156
-0.00617612
-0.00618447
-0.00618486
-0.00619015
-0.00619503
-0.00619123
-0.00618756
-0.0061846
-0.00617738
-0.00616784
-0.00615917
-0.00614767
-0.0061322
-0.00611681
-0.00610033
-0.00608042
-0.00605992
-0.00603658
-0.00236654
-0.00170833
-0.000892057
-0.000137964
0.000448093
0.00082884
0.00100036
0.000982968
0.000816134
0.000549471
0.000228022
-0.000110209
-0.000444867
-0.000762431
-0.00105405
-0.00131362
-0.00154004
-0.00174275
-0.00193374
-0.00211843
-0.00229372
-0.00246496
-0.00263532
-0.00280953
-0.0029937
-0.0031909
-0.00339111
-0.0035756
-0.00374902
-0.00392071
-0.00408475
-0.00421895
-0.00431062
-0.00437218
-0.00441962
-0.00445384
-0.00446593
-0.00446809
-0.00447858
-0.00450141
-0.00453124
-0.00456488
-0.00460497
-0.00464546
-0.00468577
-0.00472682
-0.00477309
-0.00483111
-0.00488753
-0.00494184
-0.00500067
-0.00505919
-0.00511849
-0.00516455
-0.00519717
-0.00523792
-0.00528447
-0.00534073
-0.00539794
-0.00543805
-0.00548474
-0.00553427
-0.00557524
-0.00562541
-0.00567069
-0.00571264
-0.00575576
-0.00578254
-0.00581398
-0.00585799
-0.00590124
-0.00594438
-0.00596505
-0.00597695
-0.00602031
-0.00605879
-0.00606799
-0.00608286
-0.0061118
-0.00613394
-0.00614329
-0.00615258
-0.00616734
-0.00617704
-0.00617783
-0.00618293
-0.00618841
-0.00618542
-0.0061819
-0.00617912
-0.00617241
-0.00616339
-0.00615508
-0.00614379
-0.00612861
-0.00611358
-0.0060974
-0.00607768
-0.00605729
-0.00603414
-0.0025351
-0.00187419
-0.00105388
-0.00029453
0.000298222
0.000687409
0.000867632
0.000860075
0.000702709
0.000445933
0.000133876
-0.000195487
-0.000520528
-0.000828282
-0.00110968
-0.00135986
-0.00157634
-0.00176775
-0.00194447
-0.00211519
-0.00227711
-0.00243359
-0.00258917
-0.00274905
-0.00291892
-0.00310087
-0.00329187
-0.00347321
-0.00364186
-0.00380701
-0.00396973
-0.00410984
-0.00420948
-0.00427715
-0.00432884
-0.00437237
-0.00439846
-0.00441226
-0.00443131
-0.00446329
-0.00450225
-0.00454021
-0.00458221
-0.00462354
-0.00466407
-0.00470525
-0.00474831
-0.00480508
-0.00486525
-0.00492215
-0.00498068
-0.00503914
-0.00510042
-0.00514857
-0.00518129
-0.00522194
-0.00526846
-0.00532532
-0.00538465
-0.00542267
-0.00546679
-0.00552039
-0.00556242
-0.00560976
-0.00565683
-0.00570078
-0.00574382
-0.0057702
-0.00579998
-0.00584389
-0.00588863
-0.00593335
-0.00595517
-0.00596475
-0.0060065
-0.00604879
-0.00605954
-0.00607109
-0.00609991
-0.00612527
-0.00613518
-0.00614302
-0.00615814
-0.0061693
-0.00617038
-0.0061753
-0.00618145
-0.00617929
-0.00617593
-0.00617339
-0.00616718
-0.00615867
-0.00615073
-0.00613967
-0.00612481
-0.00611014
-0.00609425
-0.0060747
-0.00605442
-0.00603149
-0.00269934
-0.0020353
-0.00121109
-0.000446744
0.000151795
0.000548582
0.000736811
0.000738006
0.000589638
0.000341593
3.86719e-05
-0.000282217
-0.000597581
-0.000895682
-0.00116682
-0.00140707
-0.00161341
-0.00179347
-0.00195653
-0.00211236
-0.00226072
-0.00240324
-0.00254544
-0.00269199
-0.0028497
-0.00301883
-0.00319956
-0.00337714
-0.00354276
-0.00370187
-0.00386019
-0.0040036
-0.00410973
-0.00418373
-0.00423915
-0.00428861
-0.00432753
-0.00435324
-0.00438114
-0.00442061
-0.00446863
-0.00451259
-0.0045559
-0.00459926
-0.00464053
-0.00468307
-0.00472512
-0.00477841
-0.00484008
-0.00489979
-0.00495989
-0.00501874
-0.00508107
-0.00513167
-0.00516324
-0.00520369
-0.00525247
-0.00530964
-0.00537108
-0.00540804
-0.00544738
-0.00550386
-0.0055492
-0.00559447
-0.0056424
-0.00568792
-0.00573116
-0.00575775
-0.00578553
-0.00582859
-0.00587508
-0.005922
-0.0059453
-0.00595211
-0.00599157
-0.00603827
-0.00605113
-0.00605856
-0.0060871
-0.00611655
-0.00612697
-0.0061327
-0.0061483
-0.00616138
-0.00616267
-0.00616722
-0.00617412
-0.00617294
-0.00616975
-0.00616731
-0.00616161
-0.00615367
-0.00614619
-0.00613533
-0.00612073
-0.00610644
-0.00609085
-0.00607149
-0.00605136
-0.00602861
-0.00285887
-0.00219162
-0.00136329
-0.000594175
9.55325e-06
0.000412597
0.000608356
0.000617254
0.000477498
0.000237301
-5.69804e-05
-0.000369749
-0.000676099
-0.000964598
-0.00122582
-0.00145552
-0.0016518
-0.00182011
-0.00196972
-0.00211007
-0.0022448
-0.00237473
-0.00250493
-0.00263937
-0.00278553
-0.00294424
-0.003115
-0.00328817
-0.00345168
-0.00360654
-0.00375814
-0.0039005
-0.004012
-0.00409131
-0.00415114
-0.00420464
-0.0042543
-0.00429237
-0.0043285
-0.00437448
-0.00442953
-0.00448104
-0.00452731
-0.00457231
-0.00461492
-0.00465945
-0.00470293
-0.00475259
-0.00481303
-0.00487437
-0.00493731
-0.00499791
-0.00505976
-0.00511421
-0.00514512
-0.00518276
-0.00523612
-0.00529371
-0.00535549
-0.00539483
-0.00542874
-0.00548423
-0.00553445
-0.00557963
-0.0056277
-0.00567382
-0.00571681
-0.00574511
-0.0057722
-0.00581295
-0.00585989
-0.00590976
-0.00593529
-0.00593897
-0.00597572
-0.00602744
-0.00604297
-0.00604551
-0.00607319
-0.00610739
-0.00611879
-0.00612199
-0.00613782
-0.00615308
-0.00615473
-0.00615883
-0.00616643
-0.00616621
-0.0061632
-0.00616095
-0.00615583
-0.00614846
-0.0061414
-0.00613072
-0.00611639
-0.00610256
-0.00608726
-0.00606806
-0.00604804
-0.00602547
-0.00301309
-0.00234323
-0.00151031
-0.000736269
-0.000127404
0.000280643
0.000482957
0.000498809
0.000367011
0.000134228
-0.000152558
-0.000457471
-0.000755711
-0.00103459
-0.00128644
-0.00150569
-0.00169162
-0.00184807
-0.00198452
-0.00211032
-0.00223115
-0.00234872
-0.00246705
-0.00259099
-0.00272666
-0.00287692
-0.00303923
-0.0032075
-0.00336895
-0.00351992
-0.00366445
-0.00380138
-0.00391638
-0.00400054
-0.00406519
-0.00412277
-0.00417973
-0.00423044
-0.00427459
-0.00432628
-0.00438644
-0.00444459
-0.00449658
-0.00454248
-0.0045866
-0.00463404
-0.00468017
-0.00472841
-0.00478627
-0.00484707
-0.00491135
-0.00497529
-0.00503751
-0.0050961
-0.00512894
-0.00516012
-0.00521597
-0.0052773
-0.0053386
-0.00538206
-0.00541256
-0.00546303
-0.00551705
-0.00556371
-0.00561204
-0.00566014
-0.00570269
-0.00573107
-0.00575858
-0.0057977
-0.00584324
-0.00589587
-0.00592559
-0.00592609
-0.00595889
-0.00601611
-0.00603506
-0.00603197
-0.00605814
-0.00609771
-0.00611071
-0.00611113
-0.00612673
-0.00614431
-0.00614657
-0.00615012
-0.00615824
-0.00615912
-0.00615653
-0.0061544
-0.00614971
-0.00614291
-0.00613635
-0.00612593
-0.00611187
-0.00609848
-0.00608344
-0.0060644
-0.00604451
-0.00602206
-0.00316013
-0.00248877
-0.00165172
-0.00087253
-0.000258423
0.000154113
0.000361396
0.000383315
0.000258388
3.28541e-05
-0.000247497
-0.000545247
-0.000836017
-0.0011059
-0.00134853
-0.0015581
-0.00173335
-0.00187835
-0.0020017
-0.00211351
-0.00221984
-0.00232473
-0.00243189
-0.00254707
-0.00267443
-0.00281724
-0.00297291
-0.0031356
-0.00329455
-0.00344125
-0.00357941
-0.00370912
-0.00382347
-0.00391194
-0.00398073
-0.00404362
-0.00410616
-0.0041681
-0.00422118
-0.00427659
-0.00434072
-0.00440332
-0.00446187
-0.00451053
-0.00455623
-0.00460702
-0.00465611
-0.00470533
-0.00476061
-0.00481926
-0.00488263
-0.00494956
-0.00501491
-0.0050765
-0.0051138
-0.00513883
-0.00519075
-0.00525908
-0.00532305
-0.00536824
-0.00539785
-0.00544272
-0.0054972
-0.00554579
-0.00559528
-0.005647
-0.00568978
-0.00571515
-0.00574282
-0.00578375
-0.00582723
-0.0058801
-0.00591529
-0.0059136
-0.00594097
-0.00600381
-0.0060274
-0.00601846
-0.00604245
-0.00608729
-0.00610222
-0.0061003
-0.00611556
-0.00613497
-0.00613787
-0.00614121
-0.00614998
-0.00615183
-0.00614952
-0.0061474
-0.00614322
-0.00613716
-0.00613115
-0.00612093
-0.00610709
-0.00609417
-0.00607942
-0.00606051
-0.00604078
-0.00601845
-0.00329866
-0.00262647
-0.00178687
-0.00100318
-0.000383945
3.3394e-05
0.000244692
0.000271419
0.000152177
-6.67802e-05
-0.000341037
-0.000632787
-0.000916718
-0.00117873
-0.00141213
-0.00161254
-0.00177721
-0.00191056
-0.00202077
-0.00211869
-0.00221126
-0.00230365
-0.00240077
-0.00250833
-0.00262957
-0.00276586
-0.00291601
-0.00307325
-0.00322897
-0.0033716
-0.00350289
-0.00362482
-0.00373384
-0.00382516
-0.00389894
-0.00396791
-0.00403597
-0.00410557
-0.00416859
-0.0042269
-0.00429347
-0.00435916
-0.00442219
-0.0044771
-0.00452497
-0.00457766
-0.00462999
-0.00468169
-0.00473642
-0.00479279
-0.00485325
-0.00492022
-0.00499012
-0.005055
-0.00509822
-0.00512233
-0.00516408
-0.00523534
-0.0053081
-0.00535394
-0.00538232
-0.00542503
-0.00547763
-0.00552604
-0.00557601
-0.00563197
-0.00567908
-0.00570079
-0.00572433
-0.00576895
-0.00581309
-0.00586344
-0.00590319
-0.00590117
-0.00592258
-0.00599087
-0.00602034
-0.00600504
-0.00602587
-0.00607623
-0.00609342
-0.00608934
-0.00610426
-0.00612521
-0.00612881
-0.00613223
-0.00614147
-0.006144
-0.00614215
-0.00614029
-0.00613663
-0.00613122
-0.00612566
-0.00611563
-0.00610208
-0.00608963
-0.00607515
-0.00605638
-0.00603687
-0.00601469
-0.00342914
-0.00275565
-0.00191463
-0.00112798
-0.000504291
-8.20216e-05
0.000133394
0.000163786
4.89445e-05
-0.000164779
-0.000433361
-0.000720075
-0.000998192
-0.00125315
-0.00147764
-0.00166836
-0.0018228
-0.00194436
-0.00204177
-0.00212591
-0.00220548
-0.00228628
-0.0023743
-0.00247518
-0.00259179
-0.00272354
-0.00286907
-0.00302157
-0.00317263
-0.00331072
-0.00343398
-0.00354769
-0.0036505
-0.00374222
-0.00382121
-0.00389564
-0.00396987
-0.0040449
-0.00411682
-0.00417923
-0.0042456
-0.00431328
-0.00437859
-0.00444112
-0.00449343
-0.00454646
-0.00460249
-0.00465729
-0.00471291
-0.00476772
-0.00482481
-0.00488901
-0.00496147
-0.00503215
-0.00508161
-0.00510898
-0.00514043
-0.00520507
-0.0052892
-0.00534166
-0.0053667
-0.00540862
-0.0054599
-0.00550501
-0.00555374
-0.00561387
-0.00566947
-0.00569032
-0.00570433
-0.00575054
-0.00580032
-0.0058484
-0.00588953
-0.00588828
-0.00590453
-0.00597705
-0.00601307
-0.00599217
-0.00600918
-0.00606475
-0.00608413
-0.006078
-0.00609322
-0.00611569
-0.00611931
-0.00612263
-0.00613268
-0.00613621
-0.00613487
-0.00613306
-0.00612972
-0.00612496
-0.00611989
-0.00611012
-0.00609686
-0.00608485
-0.00607066
-0.00605207
-0.00603274
-0.00601078
-0.00355199
-0.00287687
-0.0020346
-0.00124647
-0.000619929
-0.000193802
2.56374e-05
5.92398e-05
-5.23485e-05
-0.000262177
-0.000526102
-0.000808099
-0.00108132
-0.00132972
-0.00154576
-0.00172618
-0.00187006
-0.0019797
-0.00206384
-0.00213423
-0.00220129
-0.00227224
-0.00235246
-0.0024481
-0.00256187
-0.00269157
-0.00283327
-0.00298024
-0.00312494
-0.0032575
-0.00337316
-0.00347805
-0.00357489
-0.00366485
-0.0037478
-0.00382782
-0.00390844
-0.00398821
-0.0040659
-0.00413345
-0.00419869
-0.00426716
-0.00433441
-0.00440243
-0.00446125
-0.00451537
-0.00457399
-0.00463134
-0.00468917
-0.00474452
-0.00479869
-0.00485932
-0.00493003
-0.00500664
-0.005064
-0.00509598
-0.0051228
-0.00517397
-0.00526279
-0.00533053
-0.00535343
-0.0053902
-0.00544343
-0.00548634
-0.00553053
-0.00559138
-0.00565728
-0.00568375
-0.00568664
-0.00572785
-0.00578549
-0.00583568
-0.00587604
-0.00587434
-0.00588593
-0.00596171
-0.00600552
-0.00598093
-0.00599243
-0.00605177
-0.00607444
-0.00606702
-0.00608226
-0.00610589
-0.00610943
-0.00611282
-0.00612399
-0.00612841
-0.00612725
-0.00612541
-0.00612254
-0.00611858
-0.00611394
-0.00610444
-0.00609153
-0.00607986
-0.00606588
-0.00604745
-0.00602827
-0.00600622
-0.00366362
-0.00298868
-0.00214623
-0.00135797
-0.000730675
-0.000302893
-8.09625e-05
-4.48384e-05
-0.000154133
-0.000361148
-0.000621629
-0.000899331
-0.00116805
-0.00141032
-0.00161785
-0.00178721
-0.00191876
-0.00201562
-0.00208587
-0.0021428
-0.00219813
-0.00226095
-0.00233608
-0.00242878
-0.00254146
-0.00267002
-0.00280822
-0.00294858
-0.00308531
-0.00321071
-0.00331897
-0.00341545
-0.00350669
-0.0035953
-0.00368099
-0.00376579
-0.00385175
-0.00393544
-0.00401639
-0.00408847
-0.00415386
-0.00422202
-0.00429093
-0.00436186
-0.00442694
-0.00448448
-0.00454492
-0.00460457
-0.00466484
-0.00472198
-0.00477493
-0.00483251
-0.00489806
-0.00497742
-0.00504486
-0.00508246
-0.00511039
-0.00514963
-0.00523019
-0.00531431
-0.00534437
-0.0053722
-0.00542731
-0.00547266
-0.00550918
-0.0055654
-0.00564081
-0.00567938
-0.00567587
-0.00570484
-0.00576607
-0.00582425
-0.00586559
-0.00586037
-0.0058672
-0.0059458
-0.00599737
-0.00597108
-0.00597653
-0.00603787
-0.00606467
-0.00605658
-0.00607105
-0.00609619
-0.00610031
-0.00610317
-0.00611486
-0.00612052
-0.00611986
-0.006118
-0.00611564
-0.00611238
-0.00610807
-0.00609892
-0.00608643
-0.00607497
-0.00606118
-0.00604307
-0.00602419
-0.00600248
-0.00375876
-0.00308655
-0.0022463
-0.00145961
-0.000833578
-0.000406846
-0.000185843
-0.000150208
-0.000259589
-0.000465844
-0.000724428
-0.000998876
-0.00126284
-0.00149837
-0.0016958
-0.00185209
-0.00196877
-0.00205101
-0.00210702
-0.00215064
-0.00219581
-0.00225289
-0.00232686
-0.00241957
-0.00253222
-0.00265976
-0.00279428
-0.00292711
-0.00305309
-0.00316907
-0.00327025
-0.00336075
-0.00344745
-0.0035353
-0.00362343
-0.00371085
-0.00380038
-0.00388709
-0.00396979
-0.00404485
-0.0041121
-0.00418005
-0.0042489
-0.00432113
-0.00439143
-0.00445437
-0.00451619
-0.00457656
-0.00463917
-0.00469905
-0.00475258
-0.00480826
-0.00486813
-0.0049452
-0.00502134
-0.00506742
-0.00509936
-0.00513143
-0.005196
-0.00528866
-0.00533655
-0.00535742
-0.00540736
-0.00546048
-0.00549231
-0.00553763
-0.00561793
-0.00567179
-0.00567056
-0.00568651
-0.00574125
-0.00580707
-0.00585751
-0.00585047
-0.00584815
-0.00592594
-0.00598712
-0.0059639
-0.00596257
-0.00602162
-0.00605309
-0.00604676
-0.00605966
-0.00608561
-0.00609113
-0.00609303
-0.00610456
-0.00611216
-0.00611234
-0.00610999
-0.00610792
-0.00610538
-0.00610134
-0.00609266
-0.00608066
-0.00606929
-0.00605567
-0.00603794
-0.00601916
-0.00599714
-0.00382749
-0.00315993
-0.00232548
-0.00154404
-0.000922746
-0.000501013
-0.000285628
-0.000255652
-0.000369756
-0.000579115
-0.000838603
-0.00111146
-0.00137062
-0.00159762
-0.00178204
-0.00192141
-0.00201959
-0.0020843
-0.00212574
-0.00215763
-0.00219551
-0.00225031
-0.00232667
-0.00242301
-0.00253696
-0.00266308
-0.00279198
-0.00291554
-0.00302884
-0.00313365
-0.00322824
-0.00331483
-0.00339923
-0.00348616
-0.00357654
-0.0036653
-0.00375582
-0.00384418
-0.00392706
-0.00400457
-0.00407414
-0.00414289
-0.00421161
-0.00428428
-0.00435857
-0.004425
-0.00448913
-0.00455029
-0.00461388
-0.00467711
-0.00473197
-0.00478774
-0.00484384
-0.00491489
-0.0049948
-0.00505033
-0.00508886
-0.00512008
-0.00517095
-0.00525825
-0.00532283
-0.00534869
-0.00538819
-0.00544709
-0.00548367
-0.00551414
-0.00558958
-0.00565947
-0.00566952
-0.00567838
-0.00571813
-0.00578234
-0.00584995
-0.00585054
-0.00583236
-0.00590086
-0.00597644
-0.00596275
-0.00595177
-0.00600389
-0.006042
-0.00604022
-0.0060495
-0.00607474
-0.00608375
-0.00608522
-0.00609492
-0.00610425
-0.00610621
-0.00610341
-0.00610127
-0.00609925
-0.00609555
-0.00608755
-0.00607604
-0.00606447
-0.00605091
-0.00603368
-0.00601521
-0.00599342
-0.00386103
-0.00319815
-0.00237217
-0.00159989
-0.00098788
-0.000576407
-0.000373134
-0.000356057
-0.000482018
-0.000700122
-0.000964042
-0.00123645
-0.00149034
-0.0017065
-0.00187425
-0.00199203
-0.00206736
-0.00211198
-0.00213944
-0.00216408
-0.00219997
-0.00225762
-0.00233922
-0.00244106
-0.0025557
-0.00267732
-0.00279726
-0.00290949
-0.00301086
-0.00310453
-0.0031937
-0.00327811
-0.00336271
-0.00344906
-0.0035401
-0.00363013
-0.00371876
-0.00380711
-0.00388921
-0.0039685
-0.00404065
-0.00411084
-0.00418118
-0.00425206
-0.00432799
-0.00439647
-0.00446337
-0.00452707
-0.00458938
-0.00465557
-0.00471213
-0.00476965
-0.00482521
-0.00488727
-0.00496591
-0.00502986
-0.00507776
-0.00511317
-0.00515319
-0.00522698
-0.00530001
-0.00534138
-0.00537423
-0.00542857
-0.00547752
-0.00549927
-0.00555654
-0.00563805
-0.00566641
-0.00567639
-0.00570262
-0.00574868
-0.00582758
-0.00585725
-0.00582749
-0.00586611
-0.00595522
-0.00596688
-0.00594529
-0.00598169
-0.00602817
-0.00603514
-0.006039
-0.00606149
-0.00607562
-0.00607794
-0.00608419
-0.00609408
-0.00609885
-0.0060967
-0.00609385
-0.00609153
-0.00608841
-0.00608164
-0.00607057
-0.00605854
-0.00604513
-0.00602864
-0.00601033
-0.00598832
-0.00389412
-0.00323571
-0.0024184
-0.00165772
-0.00105821
-0.000659001
-0.000468664
-0.000465234
-0.00060508
-0.000834512
-0.00110411
-0.00137417
-0.00161715
-0.00181444
-0.00195708
-0.00204723
-0.00209685
-0.00212346
-0.00214348
-0.00217087
-0.0022147
-0.00228158
-0.00237044
-0.00247543
-0.002587
-0.00269871
-0.00280616
-0.00290606
-0.00299846
-0.00308479
-0.00317055
-0.0032551
-0.00334083
-0.00342779
-0.00351714
-0.0036073
-0.00369291
-0.00377906
-0.00386111
-0.00394081
-0.00401647
-0.00408743
-0.0041594
-0.00422837
-0.00430299
-0.00437433
-0.00444173
-0.00450861
-0.00456927
-0.00463656
-0.00469802
-0.00475545
-0.00481271
-0.0048672
-0.00494029
-0.00501069
-0.00506582
-0.00510993
-0.00514463
-0.00520361
-0.00527614
-0.0053305
-0.00536832
-0.0054126
-0.00546985
-0.00549866
-0.00553041
-0.00560944
-0.00566337
-0.00567913
-0.00569851
-0.00572412
-0.00579461
-0.00586466
-0.00584369
-0.00583447
-0.00592089
-0.00597592
-0.00595078
-0.00595815
-0.00601149
-0.00603436
-0.00603192
-0.00604825
-0.0060683
-0.00607344
-0.00607625
-0.00608472
-0.00609166
-0.00609185
-0.00608876
-0.00608457
-0.00608164
-0.0060769
-0.00606615
-0.00605299
-0.00603962
-0.00602389
-0.00600551
-0.00598292
-0.00377055
-0.00316705
-0.00242105
-0.00172982
-0.00119254
-0.00084662
-0.00069698
-0.000719466
-0.000869794
-0.00109393
-0.00134101
-0.00157229
-0.00176393
-0.00190574
-0.00199777
-0.00204995
-0.00207766
-0.0020995
-0.0021296
-0.00217634
-0.00224124
-0.00232263
-0.00241658
-0.00251662
-0.00261655
-0.00271195
-0.00280382
-0.00289282
-0.00297994
-0.00306453
-0.00314888
-0.00323453
-0.00332061
-0.00340776
-0.00349464
-0.00358301
-0.00366762
-0.00375034
-0.00383268
-0.00391197
-0.00399028
-0.00406287
-0.00413551
-0.00420577
-0.00427699
-0.00435073
-0.00441804
-0.00448641
-0.00454952
-0.00461494
-0.00468194
-0.00473957
-0.00479871
-0.004852
-0.00491567
-0.00498972
-0.00504988
-0.00510206
-0.00513926
-0.0051853
-0.00525368
-0.0053132
-0.00536058
-0.00540213
-0.0054544
-0.00549677
-0.00551553
-0.00557754
-0.0056539
-0.00567996
-0.00569475
-0.00571101
-0.00575941
-0.00585257
-0.00586708
-0.00582108
-0.00587947
-0.00597521
-0.00596463
-0.00594029
-0.00599099
-0.00603396
-0.00602825
-0.0060353
-0.00606047
-0.0060703
-0.00607047
-0.00607647
-0.00608454
-0.006088
-0.00608574
-0.00607886
-0.00607542
-0.0060734
-0.00606348
-0.00604884
-0.00603539
-0.00602083
-0.00600286
-0.00598047
-0.00320215
-0.00269032
-0.00210584
-0.00159158
-0.0012274
-0.00104492
-0.00103352
-0.00115193
-0.00134449
-0.00155762
-0.00174972
-0.00189584
-0.00198783
-0.00203411
-0.0020515
-0.00205931
-0.00207303
-0.00210409
-0.00215776
-0.00223214
-0.00232013
-0.00241299
-0.00250536
-0.00259341
-0.00267653
-0.0027552
-0.00283345
-0.00291454
-0.00299818
-0.003082
-0.00316469
-0.00324864
-0.0033328
-0.0034175
-0.00350185
-0.00358701
-0.00367022
-0.00375011
-0.00383068
-0.00390916
-0.00398645
-0.0040594
-0.00413071
-0.00420094
-0.00426986
-0.00434204
-0.00440963
-0.00447684
-0.00454155
-0.00460515
-0.00467295
-0.00473263
-0.00479056
-0.0048449
-0.00490424
-0.0049779
-0.00504143
-0.00509476
-0.00513555
-0.00517654
-0.00523964
-0.00530051
-0.00535128
-0.00539536
-0.00544226
-0.00548936
-0.00550907
-0.00555575
-0.00563887
-0.00567817
-0.00568885
-0.00570139
-0.00573699
-0.00582877
-0.00587049
-0.00581961
-0.00584973
-0.00595995
-0.00597107
-0.00593193
-0.0059716
-0.00602763
-0.0060248
-0.00602367
-0.00604965
-0.00606391
-0.00606323
-0.00606712
-0.00607475
-0.00607973
-0.00607933
-0.00607142
-0.00606642
-0.00606585
-0.00605755
-0.00604219
-0.00602808
-0.0060141
-0.00599619
-0.00597288
)
;

boundaryField
{
    zeroGradPlanes
    {
        type            zeroGradient;
    }
    inlet
    {
        type            zeroGradient;
    }
    plate
    {
        type            zeroGradient;
    }
    frontAndBack
    {
        type            empty;
    }
}


// ************************************************************************* //
